Time :	11.6.2022	 || 	16:52
ADC_CH : 1	VCM [V]=0.6	Fs [MS/s]=2.5
PCB:A1.1	||||	ADC Test results :  
data Integrity : OK
N sample	VIN_DIF [uV]	ADC_OUT_0	ADC_OUT_1	ADC_OUT_2	ADC_OUT_3	ADC_OUT_4	ADC_OUT_5	ADC_OUT_6	ADC_OUT_7	ADC_OUT_8	ADC_OUT_9	ADC_OUT_10	ADC_OUT_11	ADC_OUT_12	ADC_OUT_13	ADC_OUT_14	ADC_OUT_15	ADC_OUT_16	ADC_OUT_17	ADC_OUT_18	ADC_OUT_19	ADC_OUT_20	ADC_OUT_21	ADC_OUT_22	ADC_OUT_23	ADC_OUT_24	ADC_OUT_25	ADC_OUT_26	ADC_OUT_27	ADC_OUT_28	ADC_OUT_29	ADC_OUT_30	ADC_OUT_31	ADC_OUT_32	ADC_OUT_33	ADC_OUT_34	ADC_OUT_35	ADC_OUT_36	ADC_OUT_37	ADC_OUT_38	ADC_OUT_39	ADC_OUT_40	ADC_OUT_41	ADC_OUT_42	ADC_OUT_43	ADC_OUT_44	ADC_OUT_45	ADC_OUT_46	ADC_OUT_47	ADC_OUT_48	ADC_OUT_49	ADC_OUT_50	ADC_OUT_51	ADC_OUT_52	ADC_OUT_53	ADC_OUT_54	ADC_OUT_55	ADC_OUT_56	ADC_OUT_57	ADC_OUT_58	ADC_OUT_59	ADC_OUT_60	ADC_OUT_61	ADC_OUT_62	ADC_OUT_63	ADC_OUT_64	ADC_OUT_65	ADC_OUT_66	ADC_OUT_67	ADC_OUT_68	ADC_OUT_69	ADC_OUT_70	ADC_OUT_71	ADC_OUT_72	ADC_OUT_73	ADC_OUT_74	ADC_OUT_75	ADC_OUT_76	ADC_OUT_77	ADC_OUT_78	ADC_OUT_79	ADC_OUT_80	ADC_OUT_81	ADC_OUT_82	ADC_OUT_83	ADC_OUT_84	ADC_OUT_85	ADC_OUT_86	ADC_OUT_87	ADC_OUT_88	ADC_OUT_89	ADC_OUT_90	ADC_OUT_91	ADC_OUT_92	ADC_OUT_93	ADC_OUT_94	ADC_OUT_95	ADC_OUT_96	ADC_OUT_97	ADC_OUT_98	ADC_OUT_99	ADC_OUT_100	ADC_OUT_101	ADC_OUT_102	ADC_OUT_103	ADC_OUT_104	ADC_OUT_105	ADC_OUT_106	ADC_OUT_107	ADC_OUT_108	ADC_OUT_109	ADC_OUT_110	ADC_OUT_111	ADC_OUT_112	ADC_OUT_113	ADC_OUT_114	ADC_OUT_115	ADC_OUT_116	ADC_OUT_117	ADC_OUT_118	ADC_OUT_119	ADC_OUT_120	ADC_OUT_121	ADC_OUT_122	ADC_OUT_123	ADC_OUT_124	ADC_OUT_125	ADC_OUT_126	ADC_OUT_127
0	-1008000	18	17	18	18	18	18	18	18	17	18	18	18	18	18	18	18	18	18	18	17	18	18	18	17	17	17	18	18	17	17	18	17	18	18	17	17	17	17	18	18	17	18	18	18	17	17	17	18	18	18	17	18	18	18	18	17	17	18	18	18	18	18	18	18	18	18	18	18	18	18	18	18	18	18	18	18	18	17	18	18	18	18	18	17	18	18	18	18	18	18	18	18	19	18	17	18	18	18	18	18	18	18	18	18	18	18	18	18	19	18	18	18	18	17	18	19	18	19	17	18	19	18	18	18	18	18	18	18
1	-1007507	18	18	17	18	17	17	18	17	18	17	18	18	18	18	18	19	18	18	19	18	19	18	18	18	18	18	18	18	18	18	19	19	18	18	18	18	18	18	18	18	18	19	19	19	19	18	18	19	19	19	18	18	19	18	19	19	18	18	17	19	18	18	18	18	18	17	18	18	19	18	19	18	18	18	19	19	18	18	19	18	19	18	18	18	18	19	19	19	19	19	19	19	19	19	19	19	19	19	19	19	19	19	19	19	19	19	19	19	19	19	18	19	19	20	19	19	19	18	19	19	19	18	18	18	18	18	19	18
2	-1007015	19	19	19	19	19	19	18	19	18	19	19	19	19	19	19	19	19	19	18	19	19	18	18	18	19	18	18	18	18	19	18	19	19	18	19	19	19	18	18	18	18	19	18	18	19	19	18	19	18	19	19	19	19	19	19	19	19	19	18	18	19	19	19	18	18	19	18	18	19	18	19	19	19	19	19	18	19	19	19	19	18	18	18	18	18	18	19	18	18	18	18	19	18	19	18	18	18	18	18	18	18	18	18	18	18	18	19	19	18	19	19	19	18	19	19	19	19	19	19	18	19	18	19	19	19	19	19	19
3	-1006523	20	19	19	20	20	20	20	19	19	19	20	20	19	19	19	19	20	19	20	20	19	19	19	19	19	19	19	19	19	19	19	19	19	19	19	20	19	19	19	19	19	19	19	20	19	19	20	20	20	20	20	20	19	20	19	20	20	20	20	20	20	20	20	20	20	20	19	20	20	20	20	20	19	20	20	20	20	20	20	20	20	19	20	19	19	20	20	20	20	20	20	20	20	20	19	20	19	20	19	20	20	19	20	19	20	20	19	19	19	19	19	19	19	20	20	19	19	19	20	19	19	20	19	19	20	19	19	19
4	-1006030	21	20	20	20	20	20	20	20	21	21	21	20	20	20	20	20	21	21	21	20	20	20	20	20	20	20	20	20	20	19	20	19	20	20	20	20	20	20	20	20	20	20	20	21	20	20	20	20	19	20	20	20	19	20	20	20	20	20	20	20	21	20	21	20	21	21	20	20	20	20	20	20	20	20	20	21	21	21	20	21	20	20	21	20	20	21	20	20	20	20	20	20	20	20	21	20	20	20	20	20	20	20	20	20	20	20	20	20	20	21	20	20	19	20	21	20	20	20	20	20	21	20	19	20	20	21	20	20
5	-1005538	20	20	21	21	21	20	20	21	20	21	20	20	20	20	21	20	21	21	20	20	20	21	20	20	20	20	21	20	20	20	20	20	20	20	20	20	21	20	19	20	20	20	20	20	20	20	20	20	20	20	20	20	20	20	20	20	20	20	20	20	21	20	20	20	20	20	20	20	20	20	20	20	20	20	20	20	20	20	20	20	20	20	20	21	20	20	20	20	20	20	20	20	20	20	20	20	21	20	21	20	20	21	20	20	20	20	20	21	21	21	20	21	20	21	20	21	21	21	20	21	20	21	21	21	20	21	21	21
6	-1005046	21	21	21	21	21	21	21	21	20	21	21	21	21	21	20	21	21	21	21	21	22	20	21	20	22	21	21	21	21	20	20	20	20	20	20	20	21	21	20	20	20	21	21	21	21	20	21	21	20	21	20	21	21	21	21	21	21	21	21	21	21	21	21	21	21	20	21	21	21	21	21	21	21	21	22	21	22	21	21	21	21	20	20	21	20	20	21	20	21	21	20	20	21	21	21	20	21	20	21	21	21	21	21	21	20	21	21	20	20	20	21	20	20	20	21	21	21	21	21	21	21	21	21	21	21	21	21	21
7	-1004553	22	21	22	22	21	22	21	21	21	21	21	21	21	21	21	21	21	21	21	21	20	21	21	21	21	21	21	21	22	22	21	22	21	21	21	21	22	21	21	21	21	21	21	21	21	21	22	21	21	22	21	21	21	22	21	22	21	21	21	20	22	21	21	22	21	20	21	21	20	21	21	20	21	21	21	21	21	21	21	21	21	21	22	21	21	21	21	21	21	21	21	21	21	21	21	21	21	21	22	21	21	22	22	22	22	21	22	21	21	21	21	21	21	21	22	21	22	22	21	21	21	22	21	21	22	22	22	22
8	-1004061	22	22	23	22	22	22	22	22	22	21	22	22	21	21	21	21	22	22	22	21	22	22	22	22	22	22	22	22	22	22	22	21	21	22	22	22	22	22	22	22	22	22	22	22	22	22	22	22	22	22	22	22	22	22	22	22	23	22	22	22	22	22	22	22	22	22	22	22	22	22	22	22	22	22	22	22	22	22	21	22	21	21	21	22	22	21	22	22	22	22	22	22	21	22	21	21	21	22	21	21	22	22	21	22	21	22	22	21	21	22	22	22	21	22	22	22	22	22	22	22	22	22	22	22	22	21	21	21
9	-1003569	23	22	23	22	22	22	22	23	22	22	22	23	22	23	22	22	23	22	22	22	22	23	22	22	23	22	23	23	22	23	22	22	21	22	22	22	22	22	22	22	22	22	23	22	23	22	22	23	22	22	22	22	22	22	22	22	22	22	22	22	22	22	22	22	22	23	23	23	23	23	23	22	23	22	22	23	22	23	23	22	23	22	22	22	22	23	23	23	23	23	23	22	23	23	22	23	23	23	23	22	23	22	23	23	22	23	22	22	23	23	23	23	22	22	24	22	23	22	23	23	23	22	22	22	22	23	23	23
10	-1003076	23	23	23	23	23	23	22	23	23	23	24	22	23	22	22	23	23	22	23	22	22	23	22	22	22	22	22	23	23	23	22	23	23	23	23	23	22	22	22	23	23	23	23	23	23	23	23	23	23	23	23	23	23	23	24	23	23	23	24	23	23	23	23	24	24	24	23	23	23	23	24	23	23	23	23	23	23	23	23	23	23	23	23	23	23	22	22	22	22	22	22	22	23	23	22	22	22	23	22	22	22	22	23	22	23	23	23	23	23	23	23	22	23	22	22	23	22	23	23	23	23	23	23	23	23	22	23	23
11	-1002584	23	23	23	24	23	23	22	24	23	23	23	23	23	22	23	23	23	23	23	23	23	23	23	23	24	23	23	24	23	24	24	24	24	24	24	24	23	24	24	23	24	23	24	23	24	23	23	24	23	24	23	23	24	24	23	23	23	23	23	23	23	23	23	24	23	23	23	22	23	23	23	23	22	23	23	23	23	23	23	23	23	23	24	24	23	24	24	24	23	23	24	24	24	24	23	23	23	23	23	24	23	24	24	23	24	24	24	24	24	24	24	24	24	23	24	24	24	24	23	23	23	23	23	24	23	23	23	23
12	-1002092	24	24	24	24	24	24	24	24	24	24	24	24	24	24	24	24	23	24	24	23	24	24	24	24	24	24	23	24	23	24	24	24	24	24	24	24	24	23	24	23	23	23	23	23	23	24	24	24	23	23	23	23	23	24	23	23	24	23	23	23	23	23	24	24	23	23	23	24	24	23	24	24	24	24	24	23	24	24	23	24	24	24	23	23	24	24	24	24	24	23	23	23	24	24	24	24	24	23	24	23	23	24	24	24	24	23	24	24	24	24	24	24	23	24	23	24	23	23	24	23	24	24	23	23	23	23	23	23
13	-1001599	24	25	25	25	25	25	25	24	25	25	25	24	24	24	24	24	25	24	24	25	25	24	24	24	25	24	25	24	25	24	24	24	24	24	25	24	24	24	25	25	24	25	25	24	24	24	24	24	25	24	25	24	25	24	24	25	25	25	24	25	24	24	24	24	24	24	24	25	24	24	24	24	24	24	24	24	24	25	24	24	23	25	24	25	24	24	24	24	24	25	24	24	25	24	24	25	25	24	24	24	24	25	24	24	24	24	24	24	25	24	24	24	24	25	24	24	24	24	24	24	24	23	24	24	24	24	24	24
14	-1001107	25	24	25	25	24	24	24	24	25	25	24	24	24	24	24	24	24	24	24	24	24	24	24	24	24	24	25	24	24	24	24	24	24	24	24	24	24	24	24	24	24	25	24	24	24	24	24	25	25	24	24	25	24	25	25	24	24	24	25	25	25	24	25	25	24	25	25	24	25	25	25	25	25	25	24	25	25	25	25	24	24	25	24	24	25	25	25	24	25	25	25	25	25	24	25	25	24	25	25	25	25	25	25	25	25	25	25	25	25	25	25	25	25	25	25	25	25	25	24	24	25	24	24	24	25	24	25	24
15	-1000615	26	25	25	25	25	25	26	25	25	26	26	26	26	26	26	25	26	26	27	26	26	26	25	26	25	26	26	25	26	26	26	26	25	26	25	26	25	26	25	25	25	24	26	26	25	26	25	26	25	25	25	25	25	24	25	25	25	25	24	25	25	25	25	24	25	25	25	25	24	25	25	25	24	24	25	24	25	25	25	25	25	25	25	26	26	25	25	25	26	26	26	26	26	26	26	26	26	26	25	25	25	25	25	25	25	26	25	25	25	25	26	25	25	25	25	25	25	25	25	25	25	26	26	26	25	25	25	25
16	-1000123	26	26	26	25	26	26	26	26	26	26	25	26	26	26	26	26	25	25	25	25	25	25	25	25	25	25	26	25	25	25	25	25	25	25	25	25	25	25	25	25	25	25	25	25	25	25	25	26	26	25	26	25	26	26	26	26	26	26	26	26	26	26	26	26	26	26	26	26	25	25	26	26	26	26	26	26	26	26	26	26	26	26	26	26	25	26	26	26	27	26	26	26	26	26	26	26	26	25	26	25	25	25	25	25	25	26	26	25	26	25	26	25	25	25	25	26	25	26	25	25	25	25	25	25	25	25	25	26
17	-999630	27	27	26	26	26	26	26	27	27	26	26	26	27	26	26	26	26	25	26	26	26	26	26	26	26	26	26	26	26	26	26	26	26	26	25	26	25	25	25	26	25	26	25	25	26	26	26	26	26	26	26	26	27	26	27	27	27	27	26	27	26	26	26	26	26	27	26	26	26	26	26	26	27	26	27	26	26	27	26	27	26	26	27	26	26	26	26	27	26	26	26	26	26	26	26	26	26	27	26	26	26	26	26	26	26	25	26	25	26	26	26	26	26	26	26	26	26	26	26	26	26	26	26	26	26	26	26	26
18	-999138	27	27	27	26	26	27	26	26	26	26	27	27	26	27	27	27	27	26	26	26	27	27	27	27	27	27	27	27	27	27	27	27	27	27	27	26	26	26	27	26	26	27	27	26	27	27	28	27	27	26	27	28	26	27	27	27	27	26	27	28	27	27	27	27	28	27	28	27	27	27	27	27	27	27	27	27	27	27	26	26	27	27	26	26	26	26	27	27	27	27	27	27	27	27	27	27	27	27	27	27	26	27	26	27	27	27	27	27	26	27	27	28	27	27	27	27	27	27	28	27	27	27	26	27	26	27	27	27
19	-998646	27	27	27	27	27	28	26	27	27	26	27	27	27	27	27	28	27	27	27	26	27	26	27	27	26	27	27	27	27	27	27	27	27	27	27	27	27	28	27	28	27	27	27	27	27	27	27	28	27	27	27	28	28	27	27	27	27	27	28	27	27	27	28	27	28	27	27	28	27	27	27	28	27	28	27	28	28	27	28	27	27	28	28	27	28	27	27	27	27	27	27	27	27	27	27	27	27	27	27	28	27	26	27	27	27	27	27	27	27	27	27	27	27	27	26	27	27	27	27	27	28	28	27	27	27	27	27	28
20	-998153	28	28	28	28	28	28	27	27	28	28	28	28	28	27	28	28	28	28	27	28	28	28	28	28	28	28	28	28	27	28	28	28	28	28	28	28	28	29	28	28	27	28	28	27	28	28	28	27	27	27	28	28	27	28	28	28	28	27	27	28	27	27	27	27	27	27	28	27	27	27	28	27	27	27	28	27	28	28	28	28	28	28	28	28	28	27	28	28	28	28	27	28	28	28	28	28	28	28	28	28	28	28	29	29	28	28	28	28	28	28	27	27	28	28	28	28	28	28	28	28	28	28	28	28	28	28	28	28
21	-997661	28	28	28	28	28	28	29	28	28	28	28	28	28	28	28	28	28	28	28	28	28	28	28	28	29	27	28	28	28	28	28	28	28	28	29	29	28	28	28	28	28	29	28	28	28	28	29	28	28	28	28	28	28	28	28	29	28	28	28	28	29	28	28	28	27	28	28	28	28	28	28	28	28	28	28	28	28	29	28	29	29	29	29	29	28	28	28	28	28	28	28	28	28	28	28	29	28	29	28	28	29	28	28	28	28	29	28	29	28	29	29	28	28	28	28	28	29	28	28	28	28	28	28	28	29	28	28	29
22	-997169	28	29	28	28	28	28	29	28	28	28	28	29	29	29	29	29	28	29	29	29	28	29	29	29	29	28	29	29	29	29	28	29	28	28	28	28	28	28	29	29	29	28	29	29	29	29	29	29	29	30	29	30	29	29	29	29	29	29	29	29	28	29	29	29	29	28	29	29	29	28	29	29	29	28	29	28	29	28	28	28	28	28	28	28	28	28	28	28	29	28	29	28	28	28	28	29	28	28	28	28	29	28	28	28	28	28	28	29	29	28	28	28	28	28	28	28	29	29	29	28	28	28	28	28	28	28	29	29
23	-996676	30	29	29	29	28	29	29	29	29	29	29	28	29	30	28	29	29	29	29	29	29	29	29	29	29	29	29	30	29	29	30	29	30	29	30	30	29	30	29	29	29	29	29	29	29	29	29	29	29	29	30	29	30	29	30	29	29	29	29	29	29	29	29	29	28	28	29	29	29	29	29	29	29	29	29	29	30	29	29	30	29	30	30	30	29	29	29	29	30	29	29	29	29	29	30	29	28	29	30	30	30	29	30	30	30	30	30	30	30	30	30	30	30	29	29	30	29	29	29	28	28	29	29	29	29	29	29	28
24	-996184	30	30	30	29	30	30	30	30	30	30	30	30	30	30	30	30	30	30	30	30	30	30	30	29	29	30	29	30	29	29	30	29	30	29	29	30	29	30	29	29	29	29	30	29	30	30	30	29	29	30	29	29	29	30	30	30	30	29	30	29	29	30	29	30	30	30	30	30	30	31	31	30	30	30	30	30	30	30	29	30	30	30	30	30	30	30	30	30	30	30	30	30	30	29	30	30	30	30	30	29	29	29	30	29	29	30	29	30	30	30	29	30	30	30	30	30	30	30	30	30	30	30	30	30	30	29	30	30
25	-995692	31	30	30	30	30	30	30	31	30	30	30	30	31	29	30	30	30	30	30	30	30	30	30	30	30	30	30	29	30	30	30	30	30	29	30	29	30	30	30	31	30	30	30	30	30	30	30	30	30	30	30	31	30	31	31	30	30	30	31	30	30	31	30	30	30	30	30	30	30	30	30	30	30	30	30	30	31	29	30	30	30	31	29	30	30	30	30	30	30	30	31	30	29	30	30	30	30	30	30	30	30	30	30	30	30	30	30	30	30	30	30	30	30	30	30	30	31	30	31	31	31	30	30	30	30	31	31	30
26	-995199	31	30	31	31	31	30	30	30	31	30	31	30	30	30	30	31	30	30	31	30	30	31	30	31	30	30	31	30	31	31	31	31	31	31	31	31	32	31	31	31	31	31	31	31	31	31	30	31	31	31	30	31	31	31	31	31	31	31	31	31	31	31	31	30	31	31	31	31	30	31	31	30	30	30	31	31	31	31	31	31	31	31	30	30	31	31	31	31	31	31	31	31	30	31	31	31	31	30	31	30	31	31	30	31	30	30	31	30	30	32	30	30	30	30	30	30	30	30	31	30	30	31	30	31	30	30	31	30
27	-994707	31	31	31	32	31	31	31	31	31	31	31	30	30	31	31	31	31	31	31	30	32	32	32	31	31	32	31	31	31	31	32	32	31	31	31	31	31	31	31	31	30	31	31	31	31	31	31	31	32	31	32	31	32	32	31	32	31	32	31	31	31	31	31	31	31	31	31	31	31	31	32	31	31	31	31	31	29	31	31	31	31	31	31	31	31	31	31	31	31	31	31	31	31	31	31	31	32	31	31	32	31	31	31	31	31	31	31	31	31	31	32	31	31	31	31	31	31	31	31	32	31	31	31	32	32	31	31	32
28	-994215	32	31	32	32	32	32	32	32	32	32	32	32	31	32	32	32	32	31	32	31	31	32	32	32	32	32	32	32	32	31	32	31	31	32	31	31	31	31	32	32	31	32	32	31	31	31	31	31	30	31	31	31	30	30	31	31	31	31	31	32	31	31	32	31	31	31	31	31	32	30	31	31	32	31	31	31	31	31	31	32	32	32	32	32	32	32	32	32	31	32	32	31	32	32	31	32	32	32	32	32	32	32	32	31	32	32	32	32	32	32	31	32	32	32	32	32	31	32	32	32	32	32	32	31	32	31	31	31
29	-993723	33	32	32	33	32	33	33	33	32	32	32	32	33	32	32	32	32	32	33	32	32	33	33	33	33	32	33	32	33	32	32	32	32	33	32	32	32	32	33	33	32	32	32	32	32	32	32	32	32	32	32	32	32	32	32	32	32	32	31	32	31	32	31	32	32	32	32	32	32	32	32	32	32	32	32	32	32	32	32	32	32	32	32	32	32	32	33	32	33	32	33	33	32	32	32	33	32	32	32	32	33	32	32	32	32	32	32	32	32	32	32	32	32	32	33	32	32	33	32	33	33	32	32	32	33	32	33	32
30	-993230	33	33	33	33	33	33	33	33	32	33	32	33	33	32	33	33	33	33	32	33	32	33	33	33	33	33	33	33	33	33	32	32	33	33	34	33	32	33	32	32	33	32	32	33	32	32	32	32	32	32	33	33	33	33	33	32	33	32	32	32	32	33	32	32	32	32	32	32	33	32	32	32	32	33	33	33	33	33	33	32	32	32	32	33	33	32	33	32	33	33	33	32	33	33	33	33	32	33	33	32	33	32	33	33	33	33	33	33	33	33	33	32	33	32	32	33	33	33	32	33	33	33	33	33	32	32	32	33
31	-992738	33	33	33	33	33	33	33	33	33	33	33	33	33	31	32	33	32	32	32	33	33	33	32	32	32	33	32	33	32	33	33	33	33	33	32	33	33	33	33	33	32	33	32	33	32	32	33	33	32	33	33	33	33	33	33	32	33	33	33	33	32	33	32	33	33	32	33	33	33	33	33	33	34	33	34	34	34	34	34	33	33	33	33	33	33	32	33	33	34	34	33	33	33	33	33	33	33	33	33	33	33	33	33	33	33	33	33	33	34	33	34	34	34	33	33	34	32	34	33	33	33	33	33	33	32	33	33	33
32	-992246	34	34	34	34	33	34	33	34	33	33	33	33	33	33	33	33	33	33	33	33	34	34	34	35	34	34	34	34	34	34	34	34	34	34	33	34	33	34	33	33	33	33	33	34	34	34	34	34	35	34	34	34	34	34	34	33	34	34	33	33	33	33	33	33	34	34	33	33	34	34	34	34	33	34	34	34	34	34	33	34	34	34	34	34	33	34	34	33	33	34	34	34	34	34	34	34	34	34	34	33	34	34	34	34	34	33	34	34	34	34	33	33	33	33	33	32	34	33	34	33	33	34	34	34	34	33	34	34
33	-991753	34	34	34	34	34	35	35	34	34	34	34	34	34	33	34	34	34	34	34	34	33	34	34	34	34	34	34	34	34	34	34	34	34	35	34	34	34	33	34	34	33	33	34	34	33	34	34	34	34	34	33	34	34	34	34	34	34	34	34	33	34	34	34	34	33	34	33	33	34	34	35	34	33	34	34	35	34	34	34	34	34	34	34	34	34	34	34	35	35	35	34	35	35	34	33	34	34	34	35	34	34	34	34	34	34	35	35	34	35	34	34	34	34	34	34	34	35	34	34	34	35	35	35	34	35	35	35	35
34	-991261	35	34	35	34	35	35	34	34	34	34	34	34	34	35	34	34	34	34	35	35	34	35	34	35	34	35	35	35	34	35	35	34	35	34	34	34	34	34	34	34	34	34	35	34	35	34	33	35	35	35	34	34	34	34	35	34	34	35	35	35	34	34	34	34	35	34	35	35	34	35	34	35	35	35	35	35	35	35	34	35	35	35	34	35	35	34	34	34	34	34	34	35	33	35	35	35	35	35	35	35	35	34	34	34	34	35	35	34	35	34	35	34	35	35	34	35	34	35	35	35	35	34	34	35	35	35	35	34
35	-990769	35	35	35	35	35	35	35	35	35	36	35	35	35	35	35	35	35	36	34	35	35	35	35	35	35	35	35	35	36	35	36	35	36	35	35	36	35	35	35	35	35	35	36	35	35	36	35	36	36	36	35	36	36	36	35	36	36	35	36	35	36	35	35	35	35	35	35	35	35	35	35	35	35	35	35	35	35	35	35	35	35	35	35	33	35	35	36	35	36	35	35	35	35	35	35	35	34	35	35	35	35	35	35	34	35	35	35	36	35	35	35	36	35	35	35	35	35	35	35	35	35	36	36	35	35	35	36	35
36	-990276	36	36	35	35	36	35	35	35	35	36	36	35	35	36	36	36	36	35	35	35	35	36	35	35	36	35	35	36	36	36	35	35	36	35	36	35	36	36	36	35	36	36	36	36	36	36	37	36	36	36	36	36	36	36	36	36	36	37	37	36	36	36	36	37	35	36	35	36	36	36	36	36	36	36	35	36	36	35	36	36	35	35	36	35	35	35	36	36	36	35	35	35	36	36	35	36	35	36	36	35	36	36	35	36	35	35	35	35	36	35	35	35	35	35	35	35	36	36	35	35	35	35	36	35	35	36	35	36
37	-989784	36	36	36	36	36	36	36	36	36	36	36	36	36	36	36	35	36	36	37	36	37	36	36	36	36	35	36	36	36	36	36	36	37	37	36	36	36	36	36	36	36	35	36	36	35	36	36	36	36	36	36	36	36	36	37	36	36	36	36	36	36	36	36	36	37	36	36	36	36	36	36	36	36	36	36	36	37	36	36	36	36	36	36	35	36	36	36	36	35	35	36	35	35	35	35	36	35	35	36	36	36	36	36	36	35	36	36	36	35	36	36	36	36	36	35	36	36	36	36	36	37	36	36	36	36	36	36	36
38	-989292	37	36	36	36	36	37	37	37	37	37	37	37	36	36	37	37	37	37	37	37	37	37	37	37	37	37	37	37	36	37	37	36	36	36	37	36	36	36	36	37	36	37	37	36	37	37	37	37	37	37	37	36	37	36	36	36	36	36	37	36	36	36	36	37	36	37	36	37	36	36	37	37	37	36	37	37	37	37	37	36	37	36	37	36	36	36	36	36	36	37	36	37	36	36	36	36	36	36	37	36	36	36	36	36	36	36	36	36	36	36	36	36	37	37	37	36	37	36	36	36	36	36	36	37	36	37	36	37
39	-988799	37	37	37	37	37	37	37	37	37	38	37	37	37	37	37	37	37	37	37	37	37	37	37	37	37	37	37	37	38	37	38	37	37	37	36	37	37	37	37	37	37	37	37	37	37	37	37	37	37	37	36	37	37	37	37	37	37	37	37	37	37	37	37	37	37	37	37	37	37	37	38	37	37	37	38	37	38	38	37	38	38	38	38	37	38	38	38	39	38	38	38	38	38	38	38	38	38	38	38	38	38	38	38	38	37	37	37	38	38	37	37	37	36	37	37	36	36	37	37	37	36	37	37	37	37	36	37	37
40	-988307	38	38	38	37	38	38	38	38	37	38	38	38	38	38	38	38	38	38	38	38	38	37	37	38	38	38	38	38	38	38	38	38	37	38	37	38	38	38	37	37	38	37	37	38	38	37	37	37	37	37	38	36	37	37	37	38	37	37	38	38	37	37	38	38	38	38	38	38	37	37	37	38	37	38	38	37	38	37	38	38	37	38	38	37	37	38	38	37	38	38	38	38	37	37	38	37	37	37	37	37	37	37	38	38	38	37	37	38	38	37	37	37	37	37	38	38	38	38	38	38	38	38	37	38	38	38	37	38
41	-987815	38	38	39	38	39	38	38	38	38	38	38	38	39	38	38	38	38	38	38	38	38	38	38	38	38	38	38	38	39	38	39	38	38	38	38	39	37	38	38	38	38	38	38	37	37	38	39	39	38	38	38	38	39	38	38	38	38	38	38	38	38	37	38	38	39	38	38	38	38	39	38	38	39	39	39	38	39	38	38	38	38	38	38	38	39	37	38	38	38	39	38	38	38	38	38	38	38	38	38	38	38	37	37	38	38	38	38	38	38	38	38	38	38	38	38	38	38	38	38	38	38	38	39	38	38	39	38	39
42	-987323	40	39	38	39	39	39	39	38	39	38	39	39	39	39	39	39	39	39	39	39	39	39	39	39	39	39	39	39	39	39	39	40	39	39	39	38	39	39	39	39	38	39	39	39	39	39	39	38	39	39	39	39	39	39	38	39	39	39	39	39	38	38	39	39	39	39	38	39	39	39	39	39	39	39	39	40	39	39	39	39	39	39	39	39	39	39	38	39	39	39	38	39	39	38	39	39	39	39	39	38	39	39	39	39	39	38	39	39	38	39	38	39	38	38	38	37	39	38	38	38	38	38	38	38	38	39	39	38
43	-986830	39	39	38	38	39	38	39	39	37	39	39	38	39	38	39	39	39	39	39	39	39	39	39	39	39	39	39	39	39	39	39	39	39	39	39	39	39	39	39	39	40	39	40	40	39	40	39	39	40	39	40	40	39	40	40	39	39	39	39	39	39	39	39	39	39	40	39	39	40	39	39	39	39	39	39	39	39	39	39	39	39	39	38	39	39	38	39	38	38	39	39	38	39	39	39	39	39	39	39	39	39	38	39	39	39	39	39	39	39	39	40	39	40	39	39	39	39	39	39	40	39	39	39	39	39	39	38	39
44	-986338	39	40	39	40	40	40	40	40	40	40	39	40	40	40	41	40	40	40	40	40	41	40	40	40	40	40	40	40	39	40	39	40	40	40	39	40	39	40	39	39	40	40	39	40	39	40	40	39	39	39	39	39	39	39	39	39	40	39	39	39	39	39	39	39	40	40	40	40	40	40	39	40	40	40	40	39	40	40	40	40	39	40	40	40	40	40	40	40	40	40	40	40	40	40	40	40	40	40	39	40	39	40	39	40	40	40	40	40	40	39	39	40	40	40	40	39	40	40	40	39	39	40	38	39	39	40	39	39
45	-985846	40	40	39	39	39	40	40	39	40	39	40	40	40	40	40	40	40	40	39	39	40	39	40	40	39	40	39	39	40	39	40	39	39	40	40	40	39	40	40	40	40	40	40	40	40	40	40	40	39	40	40	39	40	40	40	40	41	41	40	40	39	40	41	40	40	40	40	41	40	40	40	41	41	41	41	41	41	40	40	40	40	40	40	40	40	40	40	40	40	40	40	40	40	40	40	41	40	40	40	40	40	40	40	40	40	40	40	40	40	40	40	40	39	40	40	40	40	40	40	40	40	40	39	39	40	39	39	40
46	-985353	40	41	41	40	41	39	40	40	41	40	40	40	40	40	40	40	40	40	40	40	41	41	40	40	41	41	41	41	40	40	41	40	41	40	40	41	40	40	40	40	40	41	41	40	41	41	41	41	40	41	41	41	41	41	41	41	41	41	41	40	40	41	40	41	40	40	41	41	41	41	40	41	41	41	41	41	41	40	41	40	41	41	40	41	40	41	41	40	41	41	41	41	41	41	41	41	41	41	41	41	41	41	41	41	41	41	41	41	41	41	40	40	41	40	40	41	40	41	41	41	41	40	41	41	41	41	40	41
47	-984861	41	41	40	40	40	40	40	41	40	40	41	42	41	41	41	41	41	41	40	40	41	41	41	40	41	41	41	41	41	41	41	41	41	41	41	41	41	41	41	41	41	41	41	41	41	41	41	41	41	41	41	41	40	41	41	40	40	40	41	40	41	40	40	40	41	41	40	40	41	41	41	41	41	41	41	41	40	40	41	41	41	41	41	41	41	41	41	41	41	41	42	41	41	41	41	41	41	41	41	40	42	41	41	41	41	41	41	41	41	41	41	41	41	40	41	41	41	41	40	41	40	41	41	41	41	40	41	41
48	-984369	41	41	41	41	41	41	41	41	41	41	41	41	41	41	40	41	42	41	41	42	41	41	42	42	41	41	41	42	41	41	41	41	41	41	42	41	41	42	41	41	41	41	41	41	40	40	42	41	42	41	41	42	42	42	41	42	42	42	42	42	42	41	42	41	42	42	41	41	42	41	41	41	41	43	41	41	41	42	42	41	41	41	42	42	42	42	42	42	42	41	41	41	41	41	41	41	41	41	41	41	41	41	41	41	42	41	41	42	41	42	41	41	42	41	41	41	41	41	41	41	41	42	41	42	41	41	41	41
49	-983876	42	42	42	42	42	41	42	42	42	41	42	42	42	41	42	42	42	42	42	42	43	42	43	42	42	42	42	43	42	42	42	42	42	42	42	43	42	42	43	43	42	43	43	42	43	42	42	42	42	42	42	42	42	42	42	42	42	42	42	42	42	42	42	43	42	42	42	42	43	42	42	42	42	42	42	42	42	42	42	42	42	43	42	42	43	42	42	42	42	42	42	42	42	42	42	43	43	43	43	43	43	42	43	42	43	43	42	43	41	42	42	41	42	42	42	42	42	42	41	42	42	42	42	42	41	42	42	42
50	-983384	43	42	43	43	43	42	43	43	42	42	42	43	43	42	43	43	42	42	42	43	43	43	43	43	43	43	43	42	43	43	43	42	42	43	43	43	43	42	42	43	43	43	43	43	43	42	43	43	43	43	43	43	42	42	43	43	42	43	43	43	43	43	43	43	43	43	43	42	43	43	43	42	42	42	43	43	42	43	42	42	42	43	43	43	43	42	42	42	43	43	42	42	42	42	42	42	42	42	42	42	43	42	42	42	42	42	42	42	42	42	42	42	42	42	42	42	42	42	41	42	42	42	42	42	42	42	42	42
51	-982892	43	43	43	43	43	43	43	43	44	43	43	43	43	43	42	43	43	42	43	42	43	43	42	43	42	43	42	43	43	43	43	43	43	42	43	43	43	43	44	43	43	43	44	43	44	43	44	44	43	43	43	43	43	42	44	43	43	43	43	43	43	43	43	43	43	43	43	43	43	43	43	44	43	44	43	43	43	43	43	43	43	43	42	42	42	42	42	43	43	43	43	43	43	43	42	43	42	43	43	42	42	43	42	43	43	42	42	42	43	43	43	43	43	43	43	43	42	42	43	43	43	43	42	43	43	43	43	42
52	-982399	43	43	43	43	43	43	42	43	43	43	43	43	43	43	43	44	44	43	43	43	43	44	44	43	43	43	43	44	43	44	43	44	43	44	44	44	44	43	44	44	44	44	44	44	44	44	44	44	44	43	43	43	44	44	43	43	43	43	44	42	43	43	43	44	43	43	43	44	43	43	44	43	43	44	44	44	44	43	44	43	43	43	43	43	43	43	43	44	43	43	43	43	44	43	44	44	43	44	44	44	44	44	44	44	44	44	44	44	44	43	44	43	43	43	43	44	43	43	44	43	44	43	43	43	43	43	43	43
53	-981907	45	44	45	44	44	44	44	44	44	44	44	44	44	44	44	44	43	44	44	44	44	44	44	44	44	44	44	44	44	45	44	44	44	44	44	44	44	44	43	44	44	44	44	44	44	44	44	44	44	44	44	44	44	44	44	43	44	43	44	44	44	44	44	44	44	44	44	44	44	44	44	45	44	44	44	44	45	44	43	44	43	44	44	43	43	43	43	44	44	44	44	43	44	43	44	44	44	44	44	43	44	44	44	43	43	44	43	43	43	43	43	44	44	43	43	44	43	44	44	44	44	44	44	44	43	44	44	44
54	-981415	45	44	44	44	44	44	45	44	44	44	44	44	45	45	44	45	45	45	45	44	45	45	44	44	44	44	44	44	44	44	44	44	45	44	44	44	45	44	44	44	45	44	45	45	45	45	44	44	44	45	45	45	45	44	44	44	44	45	45	45	45	45	45	44	45	45	44	45	44	45	44	44	44	44	44	44	44	44	44	44	43	44	44	44	44	44	44	44	45	45	44	44	44	45	44	44	44	44	44	44	44	44	44	44	44	44	44	44	45	45	45	45	45	45	44	46	44	45	45	45	45	45	45	45	44	44	44	45
55	-980923	45	45	45	44	45	44	45	44	44	46	44	45	45	45	45	45	45	45	44	45	45	45	44	44	45	44	45	45	44	45	45	45	44	45	45	44	45	44	45	45	45	45	45	45	44	45	45	45	44	45	45	45	45	44	45	45	45	46	45	44	46	45	45	46	45	45	45	45	46	45	45	45	45	45	45	46	46	46	46	46	45	46	46	45	45	45	45	45	45	45	45	45	45	44	45	45	45	45	45	44	45	44	45	45	44	45	44	45	44	45	45	44	45	44	45	45	45	45	45	46	45	45	45	45	45	46	45	46
56	-980430	45	46	45	46	45	46	46	45	46	45	46	46	46	46	45	45	46	46	45	45	45	45	46	46	45	45	46	46	45	45	46	46	46	45	45	45	44	45	45	46	45	44	44	45	45	45	45	45	46	46	46	45	46	46	46	45	45	46	45	45	45	45	45	46	46	46	45	46	46	45	47	46	46	45	46	46	46	46	46	46	47	46	46	46	46	46	46	46	45	46	45	46	46	46	46	46	46	46	46	46	45	46	46	44	45	45	46	45	45	46	45	46	45	46	46	46	46	45	46	46	45	46	45	46	46	46	46	46
57	-979938	46	46	46	45	46	46	46	46	46	46	46	46	46	46	46	46	46	46	46	47	46	45	46	46	46	45	46	46	46	46	46	46	46	46	46	47	47	47	46	46	46	46	46	46	46	46	46	45	46	46	46	46	46	46	46	46	47	46	46	46	46	46	46	47	46	47	46	46	46	47	46	46	46	46	46	46	46	46	46	46	45	46	45	46	45	46	46	46	46	46	46	46	47	46	46	46	46	46	46	45	46	46	46	46	46	46	46	45	46	46	46	46	46	46	46	47	46	46	46	46	46	46	46	46	46	46	47	46
58	-979446	46	46	46	46	45	46	46	46	46	46	46	46	46	47	47	47	46	47	47	47	46	46	46	47	47	47	47	47	47	47	47	46	47	47	46	47	47	47	47	46	47	47	47	47	47	47	47	47	46	47	47	46	46	46	46	47	47	46	46	47	47	46	46	46	47	46	47	46	47	47	46	47	47	46	46	46	46	47	46	46	46	47	47	47	47	47	47	46	47	47	47	47	46	47	46	47	47	46	46	46	46	47	47	47	46	45	47	47	46	46	46	46	46	46	47	46	46	46	46	46	47	46	46	46	46	47	46	46
59	-978953	47	47	47	47	47	46	47	47	47	47	47	47	47	47	47	48	47	47	47	47	48	47	48	48	48	47	47	47	47	47	46	46	47	46	46	46	46	46	46	46	46	46	46	46	46	46	46	46	47	46	46	46	46	46	46	47	46	46	46	46	46	47	47	46	47	47	46	47	47	47	47	47	48	48	47	47	47	48	47	47	47	46	47	47	47	47	47	47	48	47	48	47	47	47	47	47	47	48	47	47	47	47	47	47	47	48	47	47	47	47	47	47	47	47	47	48	47	47	47	47	47	47	47	47	47	47	46	47
60	-978461	47	47	47	47	47	47	47	47	47	47	47	47	47	47	47	47	47	47	47	47	47	46	47	47	47	47	47	48	48	48	47	48	48	48	48	48	46	47	47	48	48	48	48	47	47	48	48	47	48	47	48	48	47	48	48	49	48	48	50	48	47	48	47	47	47	48	47	47	48	47	48	47	47	48	48	48	48	48	48	48	48	48	48	47	47	48	48	48	47	47	47	48	48	48	47	47	48	48	48	48	48	48	47	48	48	48	48	48	48	48	48	47	48	48	48	48	48	48	48	48	48	48	47	47	48	47	47	47
61	-977969	49	48	48	48	48	48	48	48	47	47	48	47	48	48	47	48	47	48	48	48	47	47	48	47	48	48	48	48	48	48	48	48	48	47	48	47	48	48	48	48	47	48	48	48	48	47	48	48	48	48	48	48	48	48	48	48	48	48	48	49	48	49	48	48	48	49	48	49	48	48	48	48	48	49	48	48	48	48	48	48	48	48	48	48	48	48	48	48	48	48	48	48	48	48	48	48	48	47	48	48	48	48	47	48	48	48	48	48	48	48	48	48	48	48	48	48	48	48	49	48	48	48	47	48	47	48	48	48
62	-977476	48	48	48	48	48	48	48	48	48	48	48	48	48	48	48	48	48	49	48	48	49	48	49	48	48	49	49	49	48	48	49	48	48	48	49	49	49	49	48	48	49	48	49	48	48	48	48	48	48	48	48	49	48	48	48	48	48	48	48	48	47	48	48	48	48	48	49	48	48	48	49	49	48	48	48	49	48	49	48	49	49	49	49	49	49	49	49	48	49	49	49	49	49	49	49	48	48	49	49	49	49	48	49	49	49	48	48	48	48	49	48	48	48	48	48	48	49	48	48	48	48	48	47	48	47	48	47	47
63	-976984	49	49	49	49	48	49	49	49	49	49	49	48	49	49	49	49	49	49	49	49	49	48	49	49	49	49	49	49	49	49	49	50	49	49	49	49	49	49	49	49	49	49	49	49	49	49	49	49	50	50	49	49	49	49	49	50	49	49	48	48	49	49	49	49	49	48	49	49	49	49	48	49	49	49	49	49	49	49	50	50	49	49	49	49	49	49	49	49	49	49	48	48	49	49	49	48	49	49	49	50	49	49	49	49	49	49	49	49	49	49	49	48	49	48	49	49	49	49	49	49	49	50	49	49	49	49	48	49
64	-976492	50	50	50	50	50	49	50	49	49	50	50	50	49	50	49	50	49	50	49	49	50	49	49	49	50	49	49	49	49	49	50	48	49	49	50	49	49	49	49	49	49	49	50	50	49	49	49	50	49	50	50	49	49	49	50	49	50	49	49	49	49	49	49	49	49	49	49	49	49	49	49	49	48	50	49	48	49	49	49	49	49	49	49	49	49	48	48	49	49	49	49	49	49	49	50	50	49	49	48	49	49	50	49	50	49	49	49	49	49	50	50	50	50	50	50	50	49	50	50	49	49	49	49	49	49	49	50	50
65	-975999	50	50	50	50	50	51	51	50	51	50	50	50	50	51	50	50	50	50	50	50	51	51	50	51	50	50	50	50	50	50	50	50	50	50	49	50	49	50	50	49	50	49	49	49	50	51	50	50	50	50	50	49	49	49	50	50	51	50	50	50	50	50	50	50	50	50	50	50	50	50	50	51	50	50	51	49	50	50	50	50	50	50	49	50	49	50	50	49	50	49	49	50	49	50	50	50	49	49	50	50	49	50	49	50	49	49	49	50	49	49	49	49	49	51	50	49	49	49	50	50	49	50	49	50	50	49	51	50
66	-975507	51	51	51	50	50	51	50	51	50	50	50	50	51	50	50	51	50	51	50	50	50	49	50	50	50	50	51	51	51	51	51	51	50	50	51	51	50	50	50	50	50	50	51	50	50	50	50	50	50	50	50	51	50	50	50	50	50	50	50	50	50	51	50	50	50	51	50	50	51	51	50	50	50	50	51	50	50	50	50	50	50	50	51	50	51	51	51	51	51	51	51	50	51	50	51	50	50	51	50	51	50	50	50	50	51	50	50	49	50	50	51	51	51	51	50	50	50	50	50	50	50	50	50	50	50	50	50	51
67	-975015	51	51	51	51	51	51	51	51	51	51	51	51	51	51	50	51	50	50	51	51	51	50	51	51	51	50	52	51	51	51	51	51	51	51	51	51	51	51	51	52	51	51	51	51	50	51	51	51	51	50	50	51	51	50	51	50	51	51	51	51	51	51	51	50	50	50	51	50	50	49	50	50	50	50	50	50	50	50	51	50	51	50	51	51	51	51	50	51	51	50	51	50	51	50	51	51	51	51	51	50	51	51	51	52	51	51	51	52	52	51	51	51	52	51	51	51	51	51	51	51	51	51	50	51	51	51	51	50
68	-974523	52	51	52	52	52	52	52	52	51	52	51	51	52	51	51	52	51	51	51	51	51	52	51	52	51	51	51	52	51	51	52	52	51	51	51	51	52	52	52	52	51	51	52	52	51	52	52	52	52	52	51	51	52	51	51	51	52	51	51	51	51	51	51	52	52	51	52	51	51	51	51	51	51	51	51	51	51	52	52	52	51	51	51	52	51	52	51	51	51	51	51	51	51	51	51	52	51	51	51	51	51	51	51	51	51	51	52	52	51	51	51	51	51	51	51	52	51	52	52	52	52	52	52	52	52	52	51	52
69	-974030	52	51	52	51	52	52	52	52	52	52	52	52	52	52	52	51	52	52	52	52	51	51	51	52	52	52	52	52	52	52	52	52	52	52	52	52	52	52	52	52	52	52	52	52	52	52	52	52	52	52	52	52	52	52	52	51	51	52	51	52	52	52	52	51	52	51	51	51	51	51	51	52	51	52	51	52	52	51	52	51	52	52	52	52	52	52	52	52	52	53	53	52	52	52	52	52	52	52	52	53	52	52	52	52	52	52	52	52	52	52	52	53	52	52	52	52	52	53	52	52	52	52	52	51	52	52	52	52
70	-973538	52	51	52	52	51	52	52	52	51	51	52	51	52	52	52	52	52	52	52	52	52	52	52	52	52	52	52	52	51	52	52	52	52	52	52	52	52	52	52	52	53	52	52	53	52	52	52	52	52	52	52	52	52	53	53	53	52	52	52	52	53	52	52	52	52	52	52	52	53	52	52	53	52	52	52	52	52	52	52	52	52	52	52	52	52	52	52	53	51	52	52	52	52	52	51	52	52	52	51	51	52	52	52	51	51	52	52	52	52	52	53	52	52	53	52	53	52	52	52	52	52	52	53	53	52	52	52	53
71	-973046	53	52	53	53	53	53	53	53	53	53	52	54	53	53	53	53	53	53	53	53	53	53	53	53	54	53	53	52	52	52	53	52	52	53	52	52	53	53	53	53	52	53	53	54	53	53	53	52	53	53	53	53	52	53	52	52	52	53	53	52	53	53	53	53	54	53	53	53	53	53	54	53	53	53	53	52	53	53	53	53	52	53	52	53	53	53	53	52	53	53	53	53	53	53	52	53	53	53	53	52	52	52	52	52	53	52	52	53	52	52	52	52	52	52	52	53	53	53	52	52	53	52	53	52	53	54	53	53
72	-972553	53	53	53	53	54	53	53	54	53	54	54	54	53	53	54	53	54	54	54	53	53	53	53	52	53	53	53	53	54	53	54	53	53	54	53	54	53	53	54	53	54	53	53	53	53	54	54	53	54	53	53	54	54	53	53	53	52	53	53	53	53	52	53	53	53	54	53	53	53	54	54	54	53	53	53	53	53	52	53	53	53	53	53	52	53	53	53	53	53	53	53	54	53	54	53	53	53	53	53	54	53	53	53	54	53	53	54	54	53	54	53	54	54	53	53	53	54	53	53	53	54	53	53	53	53	53	53	53
73	-972061	54	54	53	54	54	54	54	54	54	54	54	53	54	54	53	54	53	54	53	53	53	53	53	53	53	54	54	54	54	54	55	54	55	54	54	54	54	54	54	55	54	54	54	54	54	54	54	55	54	54	54	54	54	54	54	54	54	55	54	55	55	54	55	54	55	54	54	54	54	54	54	54	53	53	53	54	54	54	54	54	53	54	53	54	54	53	54	53	54	54	54	54	53	53	53	54	53	53	54	54	54	54	53	54	54	54	54	54	54	54	54	54	54	54	54	54	54	54	54	54	54	54	54	54	54	54	54	54
74	-971569	54	54	54	55	54	54	54	54	54	54	54	54	54	54	54	54	55	54	54	54	55	54	54	55	54	55	55	54	55	54	54	54	54	54	55	55	54	55	55	55	55	54	55	54	55	55	55	55	55	55	55	55	55	54	54	54	55	54	53	54	53	54	54	54	54	54	54	54	54	55	54	55	54	54	55	54	55	55	55	54	54	54	54	55	54	54	55	54	55	55	54	55	55	55	55	55	55	55	55	55	55	55	55	55	55	55	55	55	55	55	55	54	55	55	55	54	54	55	54	55	54	54	54	55	55	55	54	55
75	-971076	56	54	55	55	54	55	55	55	55	54	55	55	55	55	55	55	54	55	55	55	55	55	55	54	55	55	54	55	55	55	55	54	55	55	55	56	55	56	55	55	55	55	55	55	55	55	55	55	55	55	55	55	55	56	56	56	55	55	55	55	56	55	55	55	55	55	55	55	55	55	55	55	55	55	55	55	54	54	55	55	55	55	54	55	55	55	55	54	55	55	54	54	55	55	55	55	55	55	55	56	55	56	55	55	55	55	55	55	56	55	55	55	56	55	56	55	55	55	56	55	56	55	55	55	55	56	55	55
76	-970584	55	56	55	55	55	55	55	55	55	55	55	55	55	54	54	54	54	55	55	55	55	55	55	55	55	55	55	54	55	55	56	55	55	56	56	55	56	56	56	56	56	56	56	56	56	56	56	57	56	56	56	56	56	55	56	56	55	55	56	56	55	55	56	55	56	55	55	55	56	55	56	55	55	55	56	56	55	55	55	55	55	56	55	55	55	55	55	55	55	55	55	55	55	55	55	55	55	55	55	55	56	55	55	56	56	56	56	55	55	55	55	56	56	56	56	55	55	55	55	55	55	56	56	56	56	55	56	56
77	-970092	56	56	55	56	56	56	56	55	56	56	56	55	55	55	55	56	54	56	56	56	56	56	56	55	56	56	56	56	55	56	56	56	56	55	56	56	56	56	55	56	56	56	55	56	56	56	55	55	56	55	55	57	55	55	56	56	56	56	55	56	56	55	55	56	55	56	56	56	55	55	55	56	56	56	56	56	56	56	56	56	56	56	56	56	56	56	56	56	56	55	56	56	56	57	56	56	56	56	56	56	56	56	56	56	56	56	56	56	55	56	56	55	56	56	56	56	56	55	56	55	56	55	55	56	55	56	55	55
78	-969599	56	55	57	57	56	56	56	57	57	56	56	56	57	57	56	56	56	57	56	56	56	56	57	56	56	56	56	56	56	56	57	56	57	56	56	56	56	56	57	57	56	57	56	56	57	56	56	57	56	56	56	56	56	56	56	56	56	56	56	56	56	56	56	56	56	56	56	56	55	56	56	56	56	55	56	56	56	56	56	56	56	56	56	56	56	56	56	56	56	56	56	56	56	56	56	56	56	56	57	55	56	56	56	56	56	56	56	56	56	56	57	56	57	57	55	57	56	56	57	56	58	57	57	56	56	56	56	57
79	-969107	57	57	57	57	56	56	57	57	57	56	56	57	57	56	57	57	56	57	57	56	57	56	56	56	56	57	57	56	56	57	56	56	57	57	57	57	56	57	57	57	57	57	57	57	57	57	57	57	57	57	56	57	57	57	57	57	57	57	56	57	56	56	56	56	56	57	57	57	57	57	57	57	57	58	57	57	56	57	57	57	57	56	57	57	56	57	57	57	57	57	57	57	57	57	58	57	56	57	57	57	56	57	56	57	56	56	56	57	56	57	56	57	56	57	57	56	57	56	56	56	55	56	56	57	56	56	57	57
80	-968615	57	57	58	57	57	57	57	57	57	57	57	58	57	57	58	57	57	57	57	57	56	56	57	57	57	57	57	57	56	57	56	57	57	57	57	57	56	57	57	57	57	56	57	57	57	57	58	58	57	57	58	57	57	58	57	57	57	57	57	57	57	57	57	57	57	58	57	57	58	58	57	57	58	57	58	57	58	57	57	57	57	57	57	57	57	56	57	57	57	58	57	57	57	58	57	57	57	57	57	57	56	57	57	57	57	57	57	56	57	57	57	57	57	57	57	57	57	57	57	57	58	57	57	57	57	57	57	57
81	-968123	58	58	58	58	58	58	58	57	57	57	58	57	57	57	58	58	57	57	57	58	58	58	57	58	57	58	57	57	58	58	57	57	57	57	58	58	58	57	58	57	58	57	58	58	58	58	58	58	58	58	58	58	58	58	58	57	58	58	58	58	58	58	58	58	58	58	57	58	58	57	57	57	57	57	58	57	57	58	58	58	57	57	58	57	57	58	57	57	57	58	58	57	57	57	57	58	57	57	57	57	58	57	57	57	58	58	57	58	57	58	58	58	57	57	58	58	57	57	58	58	57	58	58	58	58	58	58	58
82	-967630	58	58	58	58	58	58	58	58	58	58	58	58	58	58	57	58	57	58	58	58	58	58	57	58	58	58	58	58	57	57	58	58	58	58	58	58	59	59	58	58	58	59	59	59	59	58	58	58	58	59	58	59	59	59	59	59	59	59	58	59	58	58	59	58	59	58	59	59	59	59	59	59	58	59	58	59	58	58	58	58	58	58	57	58	58	58	58	57	58	57	57	57	58	58	57	58	58	58	58	58	58	58	58	58	57	58	58	58	58	58	59	58	59	58	60	58	59	59	58	59	59	58	58	58	59	59	58	58
83	-967138	59	59	58	59	59	59	59	59	59	58	59	59	59	59	59	60	59	59	60	59	59	60	60	59	59	59	59	59	59	59	59	59	59	58	58	59	59	59	58	59	59	59	59	59	59	58	59	59	59	59	59	59	59	58	58	59	59	58	59	59	58	59	59	59	59	59	59	59	59	59	60	59	60	60	59	60	60	59	59	59	59	59	59	59	59	59	59	59	59	59	59	58	59	59	59	60	59	59	59	59	59	59	59	58	59	58	58	58	59	59	58	59	59	59	59	59	59	59	59	59	59	59	59	59	59	58	58	59
84	-966646	59	60	59	60	59	59	60	59	59	59	59	59	59	59	59	59	59	59	60	59	60	59	59	60	60	60	59	59	59	59	60	60	59	59	60	60	60	60	59	60	60	59	60	60	60	59	59	60	59	60	60	60	59	59	60	60	59	60	60	59	59	59	59	59	59	59	59	60	59	59	59	59	59	59	59	59	59	59	59	59	59	59	59	59	59	59	59	59	59	59	59	59	59	59	59	59	59	59	60	60	60	60	60	60	59	60	59	59	60	60	59	59	59	60	60	59	60	59	59	60	60	59	60	59	60	60	60	60
85	-966153	60	60	60	60	60	60	60	60	60	60	61	60	60	60	60	60	60	60	59	60	60	60	60	60	60	60	60	60	60	60	60	59	59	59	59	59	59	59	59	60	60	59	60	59	60	60	60	60	60	59	60	60	60	60	60	60	59	60	59	59	60	60	60	60	60	60	60	60	59	60	60	60	59	60	60	59	60	60	59	60	60	61	60	60	60	60	59	60	60	60	59	59	59	59	60	60	60	59	60	60	59	60	60	60	60	59	60	60	59	60	59	60	59	60	60	59	60	60	60	60	60	60	59	60	60	60	60	60
86	-965661	60	60	60	60	59	59	60	60	59	60	59	61	60	60	60	60	60	60	61	60	60	60	60	61	60	61	60	60	60	59	60	60	60	60	60	61	61	60	61	60	61	60	61	61	60	61	61	60	61	60	61	60	60	60	60	60	60	61	60	61	61	61	61	61	61	60	60	61	60	61	60	60	60	60	60	60	60	60	60	60	60	60	61	60	60	61	60	61	60	61	60	60	60	61	60	60	60	60	61	60	60	61	60	60	60	60	61	60	61	61	61	61	60	61	60	60	61	61	60	60	61	61	61	61	60	60	61	61
87	-965169	61	61	60	61	61	61	61	61	61	61	61	60	61	60	61	60	60	61	60	61	60	60	61	61	61	61	61	61	61	61	61	61	60	60	61	61	60	60	60	60	60	60	60	60	61	61	61	60	61	61	61	60	60	61	61	61	61	61	61	61	61	61	60	61	61	61	61	60	61	61	61	61	61	61	62	61	62	61	61	61	61	61	61	61	61	60	61	61	61	60	60	60	60	61	61	61	60	61	61	61	61	60	61	61	60	61	60	60	61	60	61	60	60	60	60	60	61	60	61	60	61	61	61	61	61	61	61	61
88	-964676	62	61	61	61	62	61	61	61	61	62	61	62	61	61	61	61	61	62	62	61	62	61	62	61	61	62	61	61	61	61	61	61	61	61	61	61	61	61	61	61	61	61	61	61	61	61	61	61	61	61	61	61	61	61	61	60	61	61	61	61	61	61	61	61	61	61	61	61	61	61	61	61	61	61	61	62	61	61	61	62	62	62	61	62	61	61	61	61	61	61	61	61	61	61	61	61	61	61	60	60	61	61	61	61	60	60	61	61	61	61	61	61	60	61	61	61	60	61	61	61	60	61	61	60	61	61	61	61
89	-964184	63	62	62	63	62	63	62	62	62	62	62	62	62	62	62	62	62	62	61	62	61	62	61	62	62	62	62	62	62	63	62	62	62	62	62	62	62	62	62	62	61	61	61	62	62	61	62	62	61	62	62	62	62	63	62	62	62	62	62	61	62	61	61	62	61	62	61	61	62	62	63	62	63	62	63	63	63	63	62	62	62	62	63	62	62	62	62	62	62	63	62	62	63	62	62	62	63	63	62	62	62	62	63	62	63	62	62	62	62	61	62	62	62	62	62	62	62	61	62	62	62	62	62	62	62	62	62	61
90	-963692	62	62	62	62	62	62	62	61	62	62	62	62	62	62	61	63	62	62	62	63	62	62	62	62	62	62	62	63	62	62	62	62	62	62	62	62	62	63	62	62	62	61	62	62	62	62	62	62	62	62	62	62	62	62	62	62	62	61	62	61	62	61	61	62	62	62	62	62	62	62	62	62	62	62	61	62	62	63	62	62	62	62	62	62	62	62	62	62	62	62	62	63	63	63	63	63	63	63	62	63	62	63	63	62	63	62	62	62	62	64	62	62	63	62	62	62	62	61	62	61	62	62	62	62	62	61	62	62
91	-963199	63	63	63	63	64	63	63	64	63	64	63	63	63	63	63	63	63	63	63	63	62	63	63	61	63	62	62	63	63	63	63	63	63	63	63	63	63	63	63	63	62	63	63	63	63	62	62	62	63	63	62	62	63	63	63	63	63	63	63	63	63	64	62	63	63	63	63	62	62	62	63	63	63	63	63	63	62	63	62	63	61	62	62	62	62	62	63	63	62	62	63	63	63	63	62	62	62	62	62	63	63	63	62	62	62	63	63	63	63	63	63	63	63	63	63	64	64	64	63	63	64	64	63	63	63	63	64	64
92	-962707	63	63	63	63	63	63	64	63	63	63	63	63	64	64	64	64	64	64	64	63	64	64	63	63	64	64	63	63	64	64	64	64	64	64	64	64	63	64	63	64	63	64	63	64	63	63	64	64	64	63	63	64	64	63	63	63	63	63	63	64	63	63	63	62	62	63	63	63	63	62	62	62	63	63	63	63	63	63	63	64	63	63	63	63	64	63	63	63	63	63	63	64	63	63	64	63	64	63	63	64	63	63	63	63	64	64	63	63	63	63	64	63	62	63	63	63	63	63	63	63	63	63	63	64	64	63	63	63
93	-962215	63	63	63	63	64	64	63	63	64	64	64	64	63	63	64	64	64	64	64	64	64	64	63	64	64	64	64	64	64	64	64	64	64	63	64	64	64	64	64	64	64	64	64	65	64	64	64	63	63	63	64	64	63	63	63	64	64	63	64	63	64	64	64	64	64	64	63	64	64	64	64	63	63	64	63	64	63	63	63	64	63	64	64	64	64	64	64	64	64	63	63	64	64	63	64	64	63	64	63	64	64	64	64	64	64	64	64	64	64	64	65	64	64	64	63	64	63	64	64	64	64	64	64	64	64	64	64	64
94	-961723	65	63	64	64	64	64	64	65	64	64	64	64	65	64	64	64	64	65	64	65	64	64	65	64	65	64	64	65	64	64	64	64	64	64	65	64	64	64	64	64	64	64	64	64	64	64	64	63	64	64	64	64	64	64	64	63	64	63	64	63	64	63	64	63	64	63	63	64	64	64	64	64	64	64	64	64	64	65	64	64	64	64	64	64	64	64	64	64	64	64	64	64	64	64	65	65	65	65	65	65	65	64	64	64	65	64	64	64	64	64	64	64	64	64	64	64	64	64	64	64	64	64	64	63	64	64	64	65
95	-961230	65	65	64	64	64	65	64	65	65	64	65	65	65	65	65	65	65	65	65	64	65	64	65	65	64	64	64	64	64	64	64	63	64	64	64	64	64	64	64	64	64	64	64	64	65	64	65	64	65	64	64	64	64	64	64	65	65	64	64	65	64	64	65	65	65	64	65	65	64	65	64	65	65	65	65	65	65	65	65	65	66	66	64	66	65	65	65	65	65	65	64	65	65	65	65	65	65	65	65	64	65	64	64	65	64	65	65	64	65	64	65	64	64	63	64	64	64	65	64	64	65	64	65	65	65	65	65	64
96	-960738	66	65	65	65	65	65	64	65	65	65	65	65	65	65	65	65	65	65	65	65	65	65	65	65	65	65	64	65	64	64	65	65	65	64	64	65	65	64	65	65	65	66	65	65	65	65	66	65	65	66	65	65	65	65	65	65	65	65	65	65	65	65	65	65	65	65	65	66	64	64	65	65	65	65	65	65	65	65	65	65	65	64	65	65	65	66	66	65	65	65	65	65	65	66	65	65	65	65	65	66	65	65	65	66	66	66	66	65	66	66	66	65	65	66	65	65	65	65	66	66	65	66	65	66	66	66	66	66
97	-960246	66	66	66	66	65	65	66	65	65	65	65	66	65	66	65	66	65	66	66	65	66	66	66	66	65	66	65	65	66	66	65	65	66	66	66	66	66	66	65	66	66	65	65	65	66	65	65	65	65	66	66	66	66	66	65	66	65	65	66	65	65	65	65	65	65	65	65	65	66	66	65	66	65	65	65	66	65	66	65	66	66	65	65	65	65	65	65	65	65	65	65	65	65	65	65	65	66	65	66	66	65	66	65	65	65	65	66	65	65	66	65	66	65	66	65	65	65	65	65	65	65	66	65	65	66	66	65	65
98	-959753	66	66	66	67	67	66	66	67	66	66	67	66	66	66	66	67	66	66	66	67	66	66	66	66	66	67	66	66	66	66	67	66	66	66	65	66	66	66	66	66	65	67	65	66	66	66	66	65	66	66	65	65	66	66	66	66	66	66	66	66	66	66	66	66	66	66	67	66	66	66	66	66	66	67	66	66	66	66	66	66	66	66	66	66	66	66	66	66	66	66	66	67	67	66	66	67	66	67	67	66	66	65	66	66	65	66	66	66	65	65	66	65	66	66	66	66	66	65	66	66	66	66	66	66	66	66	66	65
99	-959261	67	67	67	67	67	67	67	67	67	67	67	67	67	67	67	67	68	67	67	67	67	67	67	67	67	67	67	67	66	67	67	66	66	66	67	66	66	66	66	66	67	66	66	65	66	66	66	66	66	67	66	67	66	66	67	66	66	67	66	67	66	67	67	67	67	66	67	66	66	66	66	66	66	66	66	66	66	66	65	67	67	67	67	67	66	67	67	67	67	67	66	67	67	67	66	67	67	67	67	66	67	66	66	67	67	67	66	67	66	67	66	67	66	66	67	66	67	66	67	67	66	67	67	67	67	67	67	67
100	-958769	67	67	67	66	67	66	67	67	67	67	67	66	67	67	67	67	67	67	67	67	67	66	66	67	67	67	67	67	67	67	67	67	68	67	68	67	67	68	67	68	68	67	67	67	67	67	67	67	67	67	67	67	67	67	67	67	67	67	66	67	66	67	68	67	68	67	67	67	67	67	67	68	68	67	67	67	68	67	67	67	67	68	68	67	67	68	68	67	67	68	68	68	68	68	67	68	68	67	68	67	68	67	67	68	67	67	67	68	68	68	68	67	67	67	68	67	67	68	68	67	68	67	67	67	67	67	66	67
101	-958276	67	68	67	67	68	68	67	67	67	67	67	67	67	67	67	68	68	67	68	68	67	68	68	68	68	68	68	68	68	68	68	68	68	68	68	67	67	68	68	68	68	68	68	68	68	68	68	68	68	67	67	67	67	68	67	67	67	67	68	67	68	67	67	67	68	68	67	68	68	67	68	68	68	68	68	68	67	68	68	68	68	67	68	67	68	68	68	68	68	68	68	68	68	67	68	68	68	68	68	68	67	68	67	67	68	68	68	68	68	67	67	68	67	68	67	67	68	67	67	68	67	67	68	68	68	68	68	68
102	-957784	68	69	69	69	68	69	68	68	69	68	68	68	68	68	68	68	68	68	68	68	69	68	68	68	68	68	68	68	68	68	68	68	68	68	68	68	67	68	68	68	67	68	68	67	68	68	68	69	68	68	68	68	68	68	68	68	69	69	68	68	68	68	68	69	68	68	68	69	68	68	68	69	69	69	68	68	68	68	69	68	68	68	68	68	68	69	68	68	68	68	68	68	68	68	67	68	68	68	68	68	68	68	68	67	68	68	68	68	67	67	67	67	68	67	67	68	68	68	68	67	68	68	68	68	68	68	68	68
103	-957292	69	69	69	68	69	69	69	69	69	69	69	69	68	68	69	69	69	68	68	70	69	68	68	68	68	69	69	69	68	69	68	68	69	69	68	68	68	69	69	68	69	69	69	69	69	69	69	69	69	69	69	69	69	69	69	70	69	69	69	69	69	69	69	69	69	69	69	69	69	69	69	69	70	68	69	69	69	68	68	69	69	69	68	69	68	69	69	68	68	69	68	69	68	68	69	68	69	69	68	68	68	68	68	68	68	69	69	69	69	69	68	68	68	69	68	69	69	69	68	69	69	68	69	69	69	69	69	69
104	-956799	69	70	69	70	70	70	70	70	69	69	69	69	69	69	69	69	69	69	69	69	69	70	69	70	69	68	69	69	69	68	69	68	69	69	69	68	68	70	69	69	68	68	69	69	69	68	69	70	69	69	69	69	69	68	69	69	68	69	69	69	69	69	69	69	69	69	69	69	69	69	69	69	69	69	69	69	69	69	69	68	69	69	69	69	69	69	69	69	69	70	69	69	69	69	70	69	69	70	69	70	69	69	69	69	69	70	69	70	69	69	69	69	69	69	69	69	69	71	69	69	69	68	69	70	69	69	69	70
105	-956307	70	70	70	70	70	70	70	70	70	70	70	70	70	70	69	70	70	70	70	70	70	70	70	70	70	69	69	69	69	70	69	69	69	69	69	69	69	69	69	70	70	70	70	70	69	69	69	70	69	69	70	69	69	69	69	69	68	69	70	69	69	70	70	70	70	70	70	70	70	69	70	69	70	70	69	70	69	70	70	70	70	70	70	70	70	70	69	70	70	70	70	70	70	70	70	70	70	70	69	70	69	70	70	69	70	69	70	69	69	70	69	70	70	70	70	69	70	69	68	69	69	69	69	70	69	70	70	70
106	-955815	70	70	70	71	70	70	70	71	70	71	70	71	70	71	70	70	70	70	70	70	70	70	70	70	70	70	70	70	71	70	70	70	70	70	70	70	70	70	70	70	71	70	70	70	70	70	71	69	71	69	70	70	70	70	70	71	70	70	70	70	71	70	71	71	71	71	70	70	71	70	70	69	70	70	70	70	69	69	69	71	70	69	70	69	69	70	70	70	69	70	70	70	70	70	70	69	70	70	70	70	70	70	70	70	71	70	71	70	71	70	70	70	70	71	71	71	71	70	71	71	70	71	70	70	70	70	72	71
107	-955323	70	70	70	70	71	70	70	71	69	70	70	70	71	70	71	71	71	71	70	70	70	71	71	71	71	71	70	71	71	71	71	71	71	71	71	71	71	71	71	71	71	71	70	71	70	70	71	70	71	71	70	71	71	71	71	70	71	71	71	71	71	71	71	71	71	71	70	70	70	70	69	70	71	70	71	70	71	71	71	71	71	71	71	71	71	71	71	71	70	71	70	71	71	71	70	71	70	71	70	70	71	71	71	71	70	71	71	71	71	71	71	71	71	70	70	71	70	71	70	70	70	70	70	71	70	71	71	71
108	-954830	72	71	71	71	71	71	71	71	71	71	71	71	71	71	71	71	71	71	71	72	71	71	71	71	71	71	71	72	71	71	71	71	71	71	71	71	71	72	71	71	71	71	71	71	71	71	71	71	71	72	71	71	71	71	72	71	71	72	71	72	72	72	71	72	72	72	72	72	73	71	72	71	71	72	71	71	72	71	71	71	72	71	71	72	71	72	72	71	71	71	71	71	71	72	71	71	71	71	71	70	71	70	71	70	71	71	70	71	72	71	71	71	71	71	70	71	71	71	71	71	71	71	71	72	71	71	71	71
109	-954338	72	72	71	70	72	71	71	71	71	72	71	71	72	72	71	72	72	72	71	72	72	71	72	72	72	72	71	71	72	71	72	71	71	71	71	71	71	73	71	71	71	71	72	71	72	72	72	72	72	72	71	71	72	72	72	72	71	72	72	72	72	72	72	71	72	71	71	72	72	71	72	72	72	71	72	71	72	71	72	72	71	72	72	72	71	71	72	71	71	72	71	72	71	72	71	72	71	71	71	71	72	71	71	71	71	71	71	71	72	71	72	71	71	72	72	72	71	71	71	71	72	71	72	71	71	72	72	71
110	-953846	72	72	72	72	72	72	72	72	71	72	72	71	72	72	72	72	72	72	72	72	72	71	71	72	72	72	72	72	72	72	72	72	72	72	72	72	72	72	72	72	73	72	72	72	71	72	72	72	72	73	73	73	73	72	72	72	72	73	72	72	72	71	72	72	72	72	73	72	71	72	72	72	72	72	72	71	72	72	71	72	71	72	72	72	72	71	72	72	71	72	71	72	72	72	72	72	72	71	72	71	72	72	72	71	72	72	71	71	72	72	72	72	72	72	72	72	72	72	73	72	72	72	72	72	72	71	72	72
111	-953353	72	72	72	72	73	72	73	73	72	73	73	73	73	73	72	73	72	73	74	73	73	73	73	73	73	72	73	73	73	73	73	73	73	73	73	73	73	72	73	72	72	72	73	72	72	72	72	73	72	73	72	73	72	72	73	73	72	72	72	72	72	73	72	72	72	72	72	72	73	72	72	72	72	72	72	72	73	73	72	73	73	73	73	73	73	73	73	73	73	73	73	73	73	73	72	72	73	73	73	72	73	73	73	73	73	72	73	72	73	73	73	73	73	73	71	73	73	73	72	72	73	73	72	73	72	73	73	73
112	-952861	73	72	73	73	72	73	72	72	72	72	73	72	72	73	72	73	73	73	73	73	73	73	73	73	73	73	72	73	73	73	73	73	74	73	73	74	73	73	73	74	73	73	74	73	73	73	73	73	73	74	73	73	73	73	73	72	72	72	72	73	72	72	73	72	72	73	73	73	74	74	75	73	73	73	73	73	73	73	73	73	73	73	73	73	73	73	73	73	73	73	73	73	73	73	73	73	73	73	73	73	72	73	73	72	73	73	73	73	73	73	73	73	73	73	73	73	73	73	73	73	73	73	73	73	73	73	73	73
113	-952369	74	73	73	73	73	73	74	73	73	73	73	74	73	73	73	74	74	73	74	73	73	74	74	73	73	73	73	73	73	73	74	73	74	74	74	74	73	73	74	74	74	74	73	74	73	74	74	74	74	73	74	74	73	74	74	73	73	73	73	74	73	74	73	73	74	74	73	74	73	74	74	73	73	73	74	74	74	73	73	74	74	73	74	74	74	73	73	74	73	74	74	74	74	74	74	74	73	74	74	74	74	74	73	74	74	75	73	73	74	74	74	75	74	74	74	74	74	74	74	74	73	74	74	74	74	74	74	74
114	-951876	74	74	74	74	74	74	74	73	74	74	74	74	74	74	74	74	74	74	74	74	74	73	73	74	74	74	74	74	74	73	74	74	74	74	74	75	75	74	74	73	75	74	74	74	73	74	73	74	74	74	75	74	74	74	74	74	74	74	74	74	74	74	74	74	74	74	74	74	74	75	74	74	75	74	74	74	74	74	73	73	74	74	74	73	74	75	74	74	74	74	74	74	74	74	74	74	74	74	74	74	74	74	74	74	74	74	75	74	75	74	74	75	74	75	74	74	74	74	74	74	74	74	74	74	75	74	75	74
115	-951384	75	75	75	74	74	75	75	74	74	74	75	75	75	75	75	75	74	74	75	74	75	75	74	75	74	74	74	74	74	75	75	75	75	75	74	76	75	74	75	75	75	75	76	75	75	75	74	75	74	75	74	74	75	74	75	75	74	74	74	75	75	75	74	74	75	75	75	74	75	74	74	74	74	74	75	74	74	74	74	75	74	74	75	75	75	75	74	74	75	74	75	74	74	74	74	75	74	75	74	74	75	74	75	74	74	74	74	74	74	74	74	75	74	74	73	74	75	74	74	74	74	74	75	74	74	74	74	74
116	-950892	75	75	75	75	76	75	75	75	75	75	76	75	76	76	76	75	75	76	76	76	75	75	75	75	75	75	75	75	75	75	75	75	75	75	75	74	76	75	75	74	75	75	74	75	75	75	75	76	75	75	75	75	75	75	75	75	75	75	75	74	75	75	75	75	75	75	75	75	75	75	75	75	76	75	75	75	75	75	75	75	75	75	75	75	74	75	75	75	75	74	75	75	75	75	75	75	75	75	75	74	75	74	74	74	74	75	74	74	74	75	74	75	75	75	75	74	75	75	74	75	75	74	75	75	75	75	74	75
117	-950399	75	76	75	76	75	76	76	76	76	76	75	75	75	76	75	76	76	76	76	75	76	76	76	76	76	76	76	77	76	75	76	75	76	76	76	76	76	76	76	76	76	76	76	76	76	76	76	75	76	76	76	74	75	76	75	76	76	76	76	75	76	76	76	76	75	76	76	76	76	76	76	76	76	76	76	75	76	76	76	76	76	76	77	75	76	76	76	76	75	75	76	75	76	75	75	76	75	76	76	76	76	76	76	75	75	74	75	76	75	76	75	75	75	75	75	75	75	75	75	75	76	75	75	76	76	76	76	75
118	-949907	76	76	76	76	76	76	76	75	76	76	76	76	76	76	76	75	76	75	76	76	76	76	75	76	75	76	76	76	76	76	76	76	76	76	76	76	75	76	76	76	76	76	76	76	76	77	76	77	77	76	77	76	76	77	77	76	76	76	77	77	76	76	76	76	77	76	76	76	76	76	76	76	76	76	76	76	76	76	76	76	76	76	76	76	76	76	77	76	76	76	76	76	77	76	76	76	76	76	76	76	75	76	76	76	76	76	76	76	76	76	76	76	76	76	76	76	76	76	77	76	76	76	76	77	77	77	77	76
119	-949415	77	78	77	76	77	76	76	77	76	76	76	76	76	76	77	76	76	76	76	77	76	77	77	77	76	76	77	76	77	77	76	76	77	76	77	76	78	77	77	77	77	77	77	77	77	77	77	77	77	76	76	77	76	77	77	77	77	77	77	76	76	76	77	77	76	77	77	77	77	76	76	77	76	76	77	76	76	76	76	76	76	76	75	76	76	76	76	76	76	76	76	76	75	76	76	76	76	76	76	77	76	76	76	76	75	76	76	76	76	76	76	76	76	76	76	76	76	76	76	76	76	76	76	76	76	76	76	77
120	-948923	78	78	77	77	78	77	77	77	78	77	77	77	77	77	77	78	77	77	77	77	77	77	77	76	77	77	78	77	76	77	77	77	77	77	78	78	77	77	77	77	77	77	77	77	77	77	77	77	77	77	77	77	77	77	77	77	78	77	77	77	77	77	77	77	77	77	77	76	77	77	77	77	77	77	76	77	78	77	76	77	77	77	77	77	76	76	77	77	77	77	77	77	77	77	77	77	77	77	77	77	77	78	78	78	77	78	77	78	78	77	78	76	77	77	77	77	76	77	77	77	77	77	78	77	76	77	77	77
121	-948430	77	78	77	77	77	78	77	78	77	77	77	76	77	77	77	77	77	77	77	77	77	77	77	77	77	76	77	78	77	76	77	77	77	78	77	79	78	78	78	78	78	78	78	78	78	78	78	78	78	78	77	78	78	78	78	77	78	78	78	78	78	78	78	78	78	77	78	78	78	77	77	77	77	77	76	77	77	78	78	77	78	77	77	77	78	77	77	77	77	77	77	77	77	77	78	78	77	78	77	78	78	77	77	77	77	78	77	77	77	78	78	78	78	77	78	77	78	77	77	77	78	77	77	77	78	77	77	77
122	-947938	78	78	78	78	78	78	78	78	78	78	78	79	78	78	79	78	78	78	77	78	78	78	78	78	79	78	78	78	78	78	78	78	77	78	78	78	78	78	78	78	78	78	78	77	77	78	77	78	78	78	78	78	78	77	78	77	77	77	77	77	78	77	78	78	78	78	78	78	78	78	78	78	78	78	78	79	78	79	79	79	79	79	78	78	79	78	78	79	78	78	78	78	78	78	78	78	78	78	78	79	78	78	77	78	78	78	79	78	77	78	78	78	78	78	78	78	78	78	78	78	78	78	77	78	77	78	78	77
123	-947446	79	79	79	78	77	78	79	79	79	79	79	79	79	79	79	79	78	79	79	79	79	79	79	79	79	79	79	80	79	79	79	79	79	78	79	79	79	77	78	78	79	78	79	78	79	79	79	79	79	79	79	78	78	79	78	78	79	77	78	78	78	77	78	79	78	78	79	78	79	79	79	79	78	79	79	79	79	79	80	79	79	79	78	79	79	79	79	79	79	79	79	79	80	80	79	80	79	79	79	80	79	79	79	79	80	80	79	79	79	79	79	79	79	79	78	79	78	79	78	79	78	78	79	79	79	79	78	79
124	-946953	80	79	79	78	79	79	79	79	79	79	79	80	79	79	80	79	79	79	79	79	79	79	79	79	79	79	78	79	79	79	79	79	79	79	79	79	79	79	79	80	80	80	80	80	80	79	80	80	80	80	79	79	79	80	80	79	80	79	79	80	80	80	80	79	80	79	79	79	79	79	79	80	79	79	79	79	79	79	80	79	78	79	78	79	79	79	79	79	80	79	79	79	78	79	79	78	79	79	79	79	79	79	79	79	79	79	79	79	79	79	79	79	79	78	79	79	78	79	79	79	79	78	79	78	79	78	78	78
125	-946461	80	80	79	79	79	80	80	79	79	79	79	79	79	80	80	80	80	79	80	79	80	80	80	79	80	80	79	79	80	80	79	80	80	80	79	80	80	80	79	80	80	80	80	80	80	79	80	79	79	79	79	80	80	79	80	80	80	80	80	80	80	79	80	80	79	79	80	80	80	80	79	79	80	80	80	79	80	80	80	80	79	80	80	80	79	80	80	80	80	79	80	80	80	79	80	80	79	80	79	80	80	80	80	79	80	79	80	79	79	79	79	79	79	79	79	79	80	80	79	79	80	80	80	79	79	79	80	79
126	-945969	80	79	79	79	80	79	79	79	79	80	80	80	80	80	80	80	80	80	80	80	80	80	80	80	80	80	80	80	80	80	80	80	80	80	80	80	80	80	80	80	80	80	80	80	80	81	80	80	80	80	80	80	80	80	80	80	80	80	80	80	80	80	80	80	80	79	79	80	79	80	80	80	80	80	80	80	80	80	80	80	80	80	79	79	80	80	80	80	80	80	80	79	80	80	80	80	80	80	80	80	80	80	80	80	80	80	80	80	79	79	80	80	79	80	80	80	80	79	80	80	80	80	80	80	79	80	80	79
127	-945476	80	80	80	80	80	81	79	80	79	80	80	80	80	80	80	80	80	80	80	81	80	80	81	80	81	80	80	81	80	81	81	80	81	81	81	81	81	81	81	81	81	81	81	81	81	81	81	81	81	80	81	81	81	81	81	81	80	81	80	80	80	80	81	81	81	81	81	80	81	81	81	80	80	80	80	81	80	80	80	80	80	81	79	80	80	80	81	80	80	81	80	81	81	80	80	80	80	80	81	80	81	80	80	81	80	80	80	81	80	80	81	81	81	80	80	81	81	80	80	81	81	81	80	81	80	81	80	81
128	-944984	81	81	81	81	82	81	81	81	81	81	81	81	81	81	81	81	81	81	81	81	81	82	81	81	81	81	81	81	82	81	81	81	81	81	81	81	81	81	81	81	81	82	82	81	81	81	82	82	81	82	81	81	81	81	81	80	81	81	81	81	81	82	81	81	81	80	81	80	81	81	81	81	81	81	81	81	81	80	82	81	81	81	81	81	81	81	81	82	81	81	82	81	81	81	80	81	82	81	81	82	81	81	81	81	81	81	81	81	81	81	81	81	81	81	81	81	81	82	80	81	80	82	81	81	81	81	82	82
129	-944492	82	82	82	82	82	81	81	81	81	81	81	81	82	82	81	81	81	81	81	81	81	81	80	81	81	81	81	81	81	81	81	81	81	81	81	80	81	81	81	81	81	81	81	81	81	81	81	82	81	81	81	81	82	81	82	82	82	81	81	82	82	82	82	82	82	82	82	82	81	81	82	82	81	82	81	81	81	82	82	81	82	81	81	81	81	81	81	81	80	81	81	81	81	81	81	81	81	81	81	81	81	81	81	81	82	81	81	81	80	81	81	81	80	81	81	82	81	81	81	82	80	81	81	81	81	81	81	81
130	-943999	82	82	81	81	82	81	81	82	82	81	81	82	81	82	82	82	82	81	82	82	81	82	82	82	82	81	82	81	81	82	81	82	82	82	82	82	82	82	82	82	82	82	82	82	82	82	82	82	83	82	83	82	82	82	82	82	82	82	82	83	82	83	83	82	82	82	83	83	82	82	82	82	83	82	81	82	82	82	82	81	81	81	82	81	81	81	82	82	82	82	82	81	82	82	82	82	82	82	82	82	82	82	82	83	81	82	82	82	82	82	82	82	82	82	82	83	82	82	82	82	82	82	83	82	82	82	82	83
131	-943507	82	82	81	82	82	82	83	82	82	82	82	82	82	82	82	82	82	83	83	83	82	83	81	83	82	82	82	82	83	82	82	82	83	82	82	82	83	82	82	83	83	83	82	83	82	83	82	83	82	82	83	82	82	82	82	83	81	82	82	82	83	83	82	82	82	82	83	83	83	83	83	83	83	83	83	82	82	83	83	83	83	83	83	83	83	83	83	82	83	82	82	83	82	83	83	83	82	82	83	82	82	82	82	82	82	82	82	82	82	82	82	82	83	82	82	82	83	83	82	82	82	82	83	82	82	82	83	83
132	-943015	84	82	83	83	83	83	83	83	83	82	83	83	83	82	83	82	83	83	83	83	82	83	83	82	83	82	83	83	83	83	82	83	82	83	83	82	83	82	82	83	82	83	82	83	83	83	82	82	82	83	83	83	82	82	82	82	82	83	83	83	83	82	83	83	83	83	83	83	83	82	83	83	84	83	83	83	83	83	83	84	83	83	83	83	83	83	83	83	84	84	83	83	83	84	83	83	83	82	83	83	83	83	83	83	83	82	83	83	83	83	82	83	82	82	82	83	82	83	83	82	83	83	82	83	83	83	83	83
133	-942523	84	84	83	84	83	84	83	83	83	83	83	83	83	83	83	84	83	84	83	84	83	83	83	83	84	84	84	84	83	83	83	83	83	83	84	84	84	83	83	83	84	84	84	84	84	83	83	84	83	84	84	83	84	84	84	84	84	84	84	84	85	84	85	84	84	84	84	84	84	84	84	83	84	83	84	84	84	84	84	84	84	84	83	84	83	84	84	84	84	84	83	83	84	84	84	84	84	83	84	84	84	84	83	84	83	83	83	83	84	83	83	84	84	84	83	84	84	84	84	83	84	83	83	83	83	83	83	83
134	-942030	84	84	84	83	83	83	84	83	84	84	84	84	84	84	84	84	84	84	84	84	84	83	85	84	84	84	84	84	84	84	84	84	84	84	84	84	84	83	84	84	84	83	84	84	84	84	84	84	82	84	84	85	84	84	85	84	84	85	84	84	85	84	84	84	84	84	84	84	84	84	84	84	84	84	84	84	84	85	84	84	85	84	84	84	84	84	84	84	84	84	84	84	84	84	85	85	85	85	85	85	84	85	84	84	84	84	84	84	84	84	84	84	83	84	83	84	84	84	84	84	84	84	83	84	84	83	84	83
135	-941538	84	84	84	84	84	84	85	84	84	84	84	84	85	85	84	84	84	84	84	84	84	84	84	84	83	85	84	85	84	85	85	85	85	85	84	85	84	84	84	84	84	85	84	84	84	85	85	84	84	84	84	84	83	83	84	84	84	84	84	84	85	84	84	84	84	84	84	84	84	85	84	84	84	83	84	85	84	84	84	84	84	84	84	84	84	85	84	84	84	85	85	84	85	84	85	85	84	84	84	85	85	84	84	85	85	84	85	84	84	86	84	84	84	84	84	84	85	84	84	84	84	84	84	84	85	84	84	84
136	-941046	85	84	85	85	85	85	85	85	85	85	86	84	84	85	85	85	84	85	85	84	85	85	85	85	85	85	84	85	85	85	85	85	85	85	85	85	85	85	85	86	85	85	85	85	86	85	86	85	85	85	85	85	85	85	85	85	85	85	85	85	85	86	85	86	85	85	85	86	86	85	85	85	85	85	85	85	85	85	86	85	85	85	85	85	85	85	85	85	85	85	85	85	85	85	85	85	85	85	85	85	85	86	85	86	86	85	85	85	85	86	85	85	85	85	86	85	85	85	85	85	85	85	84	85	85	85	85	85
137	-940553	85	85	85	85	85	85	85	85	85	85	85	85	85	85	85	86	85	85	85	85	85	85	86	85	86	85	86	86	85	86	86	86	86	85	86	85	86	86	86	86	85	86	85	85	86	85	86	86	86	86	85	86	86	86	86	86	86	86	86	85	85	86	85	86	85	86	85	85	85	85	85	85	85	86	85	86	86	86	85	85	85	86	85	85	86	84	85	85	86	86	85	85	85	85	85	85	86	86	86	86	85	86	85	86	85	85	86	85	85	85	85	85	85	86	85	85	86	86	86	86	86	85	86	86	86	84	86	85
138	-940061	87	86	86	85	87	86	86	86	86	86	86	86	86	86	87	86	86	86	85	86	86	86	85	85	86	85	85	86	85	86	85	86	86	86	85	85	86	85	86	86	85	86	86	86	86	86	87	86	86	86	86	86	86	86	86	86	86	86	86	86	86	86	85	86	85	86	86	86	86	86	86	86	86	85	86	86	85	86	86	85	86	86	86	86	85	86	86	86	86	86	87	86	86	86	86	87	86	86	86	86	86	86	86	86	86	86	86	86	86	85	86	85	86	86	86	86	86	86	86	85	86	85	86	86	86	85	85	86
139	-939569	87	86	87	87	87	87	86	86	86	86	87	86	86	87	86	87	87	87	87	86	87	87	87	86	87	86	86	86	86	87	86	86	86	86	86	86	86	86	86	86	86	87	87	87	86	85	87	86	86	86	86	86	86	87	86	87	87	86	86	86	86	87	86	87	86	86	87	86	87	87	86	87	87	87	86	86	86	86	87	86	87	86	87	87	86	86	86	87	87	86	87	86	87	87	86	87	86	86	86	86	86	86	86	85	86	86	86	86	86	86	86	86	87	86	87	86	86	87	87	86	86	86	86	87	87	86	86	87
140	-939076	87	87	87	87	87	87	87	87	87	86	87	86	87	87	87	87	87	86	86	87	87	87	87	87	86	87	87	87	87	87	87	87	87	87	87	87	87	87	87	86	87	87	87	87	87	87	87	87	87	87	87	87	87	87	87	87	87	87	87	87	86	87	87	87	87	87	87	87	87	87	87	87	87	87	87	87	87	87	87	88	87	87	87	88	87	87	87	87	88	87	87	87	87	87	87	87	87	87	88	87	88	87	87	86	86	87	87	87	87	87	88	87	86	87	87	87	87	87	87	87	87	86	87	87	86	87	86	87
141	-938584	87	88	87	88	88	88	88	87	88	87	88	88	88	87	88	88	88	87	88	87	88	87	88	88	87	87	87	88	88	87	87	88	88	87	88	87	87	87	87	88	88	88	88	88	88	87	88	88	87	87	87	87	88	87	88	88	87	87	88	88	88	87	88	88	88	88	88	88	87	87	87	87	87	87	87	88	87	87	87	87	88	87	87	87	87	87	87	87	87	87	87	87	87	87	88	87	87	87	87	87	87	88	87	87	87	87	87	88	87	87	87	87	87	88	87	87	87	87	87	88	87	87	88	88	88	87	87	87
142	-938092	88	87	88	87	88	88	88	88	88	88	88	88	88	88	88	88	88	87	87	88	88	88	88	87	88	88	87	88	88	88	88	88	88	88	88	87	88	87	88	87	87	87	87	87	88	87	87	87	87	88	88	87	87	87	87	88	88	87	88	88	88	88	88	87	87	88	88	88	88	88	88	88	88	88	88	88	88	88	88	88	88	88	88	88	88	88	89	88	88	88	88	88	88	88	88	88	88	88	88	88	88	88	88	88	88	88	88	88	88	88	88	88	88	88	88	88	87	88	88	88	88	88	88	88	87	88	87	88
143	-937599	88	88	88	88	88	88	88	88	88	88	88	89	88	89	88	89	89	89	88	88	88	88	88	88	88	88	88	88	88	88	89	88	88	88	88	88	88	88	88	89	88	88	88	88	88	88	88	88	88	88	88	88	88	88	89	88	88	88	88	88	88	88	89	88	89	88	88	89	88	88	87	88	88	88	88	88	88	88	88	88	89	88	88	88	88	88	88	88	88	88	89	88	89	88	88	88	88	88	89	88	87	88	88	88	88	88	88	88	88	88	89	88	88	88	88	89	88	88	88	89	88	88	88	88	88	88	88	88
144	-937107	89	89	89	89	89	89	89	88	89	89	89	89	89	89	89	88	89	89	89	89	89	89	89	89	89	89	89	89	89	89	89	88	89	89	89	89	89	88	88	88	88	89	88	89	89	88	88	89	89	88	88	89	88	89	88	89	89	88	88	88	89	89	88	89	88	88	89	88	89	88	89	89	90	89	89	89	89	89	89	89	90	89	89	89	89	89	89	88	89	89	89	89	89	89	89	89	89	89	89	89	88	89	89	89	88	89	89	88	88	89	89	88	88	88	88	88	88	88	87	88	88	87	88	88	88	88	88	88
145	-936615	90	90	90	89	90	90	90	89	89	90	90	90	89	90	90	89	89	90	89	89	89	90	89	90	91	90	89	89	89	89	89	89	89	89	89	90	89	89	90	89	89	89	89	90	89	90	89	89	89	89	89	89	89	90	90	89	89	89	89	89	89	89	89	89	89	90	89	89	89	90	89	89	90	90	89	90	90	89	90	89	90	90	89	89	89	90	90	89	89	89	89	89	90	89	89	90	89	90	89	89	90	90	89	89	89	89	89	89	89	89	88	89	88	89	88	89	88	89	89	88	89	88	89	89	89	88	89	89
146	-936123	90	90	89	90	90	90	89	90	90	89	90	90	90	90	90	90	90	90	90	90	90	90	90	90	91	90	90	90	90	90	90	90	91	90	90	90	91	90	90	90	90	91	91	91	91	90	90	90	89	90	90	90	89	90	89	89	89	90	90	89	89	90	90	90	89	90	90	90	90	90	90	90	90	90	89	89	89	89	89	89	90	89	90	90	90	89	90	90	90	90	90	90	90	90	90	89	90	90	90	89	90	90	90	90	91	90	90	90	89	91	90	90	90	90	90	90	90	90	89	90	90	90	90	90	89	90	89	89
147	-935630	90	90	90	90	90	90	91	90	90	90	90	91	90	90	90	90	91	90	90	91	91	90	91	90	90	90	90	90	90	90	90	90	90	91	90	90	90	91	90	91	90	91	90	89	91	90	90	91	90	91	91	90	91	90	91	91	90	90	90	91	91	91	90	90	90	91	90	90	91	91	91	91	90	91	91	91	91	90	90	90	90	90	90	90	90	90	90	90	91	90	90	90	90	90	90	90	90	90	89	89	90	90	90	90	90	90	91	91	90	90	90	90	90	91	91	89	91	90	90	90	90	90	90	91	90	90	90	91
148	-935138	91	91	90	90	91	90	90	90	90	91	90	91	91	90	91	91	91	91	90	91	90	90	90	90	90	90	90	91	90	88	90	90	91	90	91	90	90	91	91	90	91	91	91	90	90	91	91	90	91	90	91	91	91	90	91	92	91	91	92	91	91	91	92	91	91	91	91	91	90	91	91	91	91	91	91	91	91	91	91	91	91	91	91	91	91	91	92	92	91	92	90	91	91	91	91	91	91	91	91	91	91	90	91	90	90	91	90	90	91	91	91	90	90	91	90	91	90	91	90	91	90	90	91	91	91	91	90	91
149	-934646	91	91	92	92	92	91	92	92	91	92	92	91	91	92	92	92	90	92	92	91	92	91	92	91	92	91	91	92	92	92	91	91	92	92	91	92	91	91	91	91	91	91	92	91	91	90	91	91	91	90	91	92	92	91	91	91	91	91	92	91	91	92	91	91	92	92	92	91	92	92	91	92	92	91	92	92	92	91	92	91	91	91	91	91	91	91	91	91	91	91	91	92	91	91	91	90	91	91	91	91	91	91	91	92	91	91	91	90	91	92	91	91	91	91	91	92	91	91	92	91	91	91	91	91	91	91	91	91
150	-934153	92	92	92	92	91	92	91	92	92	91	91	91	92	92	92	92	92	91	92	92	92	91	92	92	91	92	91	91	91	92	91	92	92	92	91	92	91	92	92	92	92	92	91	92	92	92	92	92	92	92	92	92	92	92	92	92	92	92	92	92	92	92	92	91	92	92	91	92	91	91	92	92	91	91	91	91	91	91	91	92	91	91	91	92	92	92	91	91	91	92	92	91	92	91	92	91	92	92	91	92	92	92	92	91	92	92	92	91	91	91	92	91	93	92	92	92	92	92	92	92	92	92	92	92	92	92	91	92
151	-933661	93	93	93	92	93	92	93	92	93	92	93	93	92	92	92	92	92	92	92	92	92	92	92	92	92	92	92	92	92	93	92	92	92	92	93	92	92	92	92	92	92	92	92	92	91	91	92	92	92	92	92	92	92	93	93	92	92	92	92	93	92	92	92	92	93	92	92	92	93	92	92	93	92	93	92	93	93	92	93	93	93	93	92	93	92	92	92	92	92	92	93	92	92	92	92	92	92	92	92	92	92	92	92	92	92	93	92	92	92	92	92	92	92	92	92	92	92	92	92	92	92	91	92	92	92	91	92	92
152	-933169	93	93	93	94	93	93	93	93	93	93	92	93	92	94	93	92	93	93	93	93	93	93	92	93	92	92	93	92	92	92	92	92	92	92	93	93	93	93	92	93	92	93	92	92	92	92	92	92	93	93	92	93	92	93	93	93	93	93	93	93	93	92	93	93	92	93	92	93	92	92	92	92	93	93	92	92	92	93	93	93	93	92	92	92	92	93	92	93	93	93	92	93	93	93	93	92	93	93	93	93	92	93	92	93	93	92	93	92	92	93	92	93	92	92	93	93	93	92	93	93	92	93	93	93	93	93	93	93
153	-932676	94	93	93	94	93	94	94	93	93	93	93	94	93	93	93	93	93	93	93	93	94	93	92	93	93	93	94	93	93	93	93	93	94	93	93	93	93	93	93	94	93	93	93	93	94	94	93	93	93	93	93	93	94	94	94	93	93	93	94	94	94	94	94	93	94	94	94	93	94	93	93	94	93	94	93	93	93	93	93	94	93	93	93	93	94	93	93	92	93	93	93	93	94	92	93	93	92	93	92	92	92	92	92	93	93	93	92	93	93	93	94	93	93	93	93	93	94	94	93	93	93	94	94	94	93	93	93	93
154	-932184	94	93	94	94	93	94	93	94	94	94	94	93	93	93	93	94	93	93	94	93	94	94	94	94	93	93	94	94	94	94	94	94	93	94	94	94	94	93	94	93	94	94	94	93	94	94	94	93	94	94	94	94	94	94	94	94	95	95	94	95	94	94	94	93	94	94	94	95	93	94	94	94	94	94	95	94	94	94	94	95	94	94	95	95	94	95	94	94	94	95	95	94	95	94	94	94	95	94	94	94	94	94	94	94	94	95	94	94	94	94	94	94	94	94	94	93	93	93	94	93	94	94	94	94	94	94	94	94
155	-931692	94	95	94	94	95	95	95	94	94	95	95	95	95	94	94	94	95	95	95	94	95	94	94	94	95	94	94	94	94	94	94	94	94	94	94	94	94	94	94	94	94	94	95	94	94	96	94	94	94	94	95	94	95	94	94	94	94	94	94	94	95	94	95	96	95	95	94	95	94	95	94	94	94	94	95	95	94	94	94	95	94	95	94	94	94	94	94	93	94	95	94	94	94	94	95	94	95	94	94	94	94	95	94	94	94	94	94	95	94	94	94	94	94	94	94	94	95	94	95	94	95	95	95	95	94	94	94	95
156	-931199	95	95	95	94	95	95	95	95	95	95	94	95	94	94	95	95	95	95	95	95	94	95	95	95	95	95	95	94	95	94	95	95	94	95	95	95	95	94	95	95	95	95	94	94	94	94	94	95	95	95	95	94	95	95	94	94	94	94	95	95	94	94	94	94	95	95	94	94	94	95	94	95	94	95	95	95	94	95	95	95	95	95	94	95	95	95	95	95	95	95	95	95	95	95	95	95	95	94	95	95	95	95	95	95	95	95	95	95	94	95	95	94	96	94	95	95	94	95	95	96	95	95	95	95	95	95	95	95
157	-930707	96	96	96	96	96	96	96	96	96	97	96	95	96	95	95	96	96	95	95	95	96	95	95	95	95	95	95	95	95	94	96	95	95	95	96	95	96	95	95	96	95	95	94	95	95	95	95	94	95	95	95	95	95	95	95	95	95	95	95	96	94	95	95	95	95	95	96	95	95	95	95	95	95	95	95	95	95	95	95	95	96	95	96	95	94	96	95	95	95	95	95	95	94	95	94	95	96	94	95	95	95	95	94	96	95	95	95	95	95	95	95	95	95	96	96	96	96	95	96	95	96	96	95	96	95	95	96	96
158	-930215	96	96	96	96	96	96	96	96	96	96	96	96	96	96	96	96	96	96	96	96	96	96	96	96	96	95	96	95	96	96	96	96	95	96	95	95	96	96	96	96	96	96	96	96	96	96	96	96	96	96	96	96	97	96	96	96	96	96	96	96	96	96	96	96	96	96	96	96	96	96	96	96	96	96	96	96	96	96	96	96	96	96	96	96	96	96	96	96	96	96	96	96	96	96	96	96	97	96	96	96	96	96	96	96	95	96	95	96	95	96	96	95	96	96	96	96	96	97	96	96	96	96	97	96	96	96	96	96
159	-929723	97	96	96	96	96	96	97	97	96	96	96	96	97	97	96	97	96	96	97	96	96	97	96	96	96	96	96	96	96	96	96	96	96	97	96	96	96	96	96	96	96	96	96	96	96	96	96	96	96	96	96	96	97	97	96	95	96	96	97	97	97	96	97	96	97	96	97	97	96	96	96	96	96	97	97	96	96	96	97	96	97	96	96	97	97	96	96	96	96	96	96	96	96	96	95	96	96	96	96	97	96	96	96	96	96	96	96	97	96	96	96	95	96	96	95	96	96	96	98	96	96	96	96	96	96	96	97	96
160	-929230	96	97	96	97	96	96	96	96	97	96	96	96	96	96	96	96	96	96	96	96	96	96	96	96	96	96	96	96	96	96	96	96	97	96	96	97	96	96	96	97	97	96	97	96	96	96	96	97	97	97	97	97	97	97	97	97	97	97	97	97	98	96	97	97	96	96	97	97	96	96	96	96	96	97	96	96	97	97	96	97	97	96	96	96	97	96	96	96	96	96	96	96	96	97	96	96	97	96	96	97	96	96	97	97	97	96	96	97	96	97	95	96	96	97	96	96	97	97	96	96	97	97	96	97	97	97	96	97
161	-928738	97	97	97	97	96	97	97	96	97	96	97	96	97	97	97	97	97	97	97	97	97	96	98	97	97	97	97	97	97	97	97	96	97	97	97	97	97	97	97	97	97	97	97	97	97	98	97	97	97	97	97	96	97	97	98	97	97	97	98	97	97	97	97	97	97	97	97	97	97	96	97	97	97	97	98	97	98	97	97	98	98	98	97	97	98	97	98	98	97	97	98	97	98	98	97	97	97	97	97	97	98	98	98	98	98	98	98	98	97	97	98	97	97	98	97	98	97	98	98	97	98	98	98	97	98	98	97	97
162	-928246	97	98	98	98	98	97	97	98	97	97	97	97	97	97	98	97	97	97	97	97	97	97	98	97	97	98	98	97	97	97	97	97	98	97	97	97	97	98	97	97	98	97	98	98	98	98	98	98	98	98	98	98	98	98	98	98	98	97	98	98	98	99	98	98	98	99	98	98	98	98	98	98	98	98	98	98	98	98	98	98	98	97	98	98	98	97	97	98	98	98	98	98	98	98	98	99	98	98	98	98	98	98	98	97	98	98	97	98	98	98	97	98	98	97	98	97	98	97	98	98	98	98	97	98	97	98	97	97
163	-927753	99	98	99	98	99	99	99	98	98	99	98	98	98	98	98	98	99	98	98	98	98	98	98	98	99	99	98	98	99	98	98	98	98	99	98	98	98	98	98	98	99	97	98	99	98	99	98	99	98	99	98	98	99	98	98	98	98	98	98	98	98	98	98	98	98	98	98	98	98	99	98	98	98	98	99	98	98	99	98	99	99	98	98	98	98	98	98	98	98	98	98	98	98	98	98	98	98	98	99	98	98	98	98	99	98	99	99	99	98	99	99	99	98	98	98	99	98	98	98	98	99	99	98	99	99	98	99	99
164	-927261	98	98	98	98	99	99	98	98	99	99	99	98	98	99	98	99	98	98	98	99	99	98	99	99	99	98	98	99	99	99	99	99	100	99	99	99	99	99	99	99	99	99	99	98	99	99	98	99	98	99	99	99	99	99	99	99	98	99	98	99	99	99	98	99	98	99	99	99	99	99	99	98	99	99	99	99	99	99	99	99	99	98	98	99	99	100	99	99	99	99	99	99	99	99	99	99	99	99	99	99	99	99	98	99	98	99	99	99	100	99	99	99	99	99	99	99	99	99	99	98	98	98	98	98	98	98	99	98
165	-926769	100	100	100	99	100	99	100	99	99	100	99	99	99	98	100	99	99	99	99	99	99	98	99	99	99	98	99	100	99	99	98	99	99	99	99	99	99	99	99	99	98	98	98	98	99	99	99	98	99	98	99	99	99	99	99	99	99	99	99	99	100	99	99	100	99	99	99	99	99	99	99	100	99	99	99	99	99	99	99	99	99	99	99	99	100	99	99	99	99	99	99	99	100	99	99	100	99	99	99	99	99	99	99	99	99	100	99	99	99	99	99	99	100	99	99	99	99	99	99	99	99	100	100	99	100	100	99	99
166	-926276	100	100	99	99	100	99	100	99	100	100	100	100	100	100	99	100	100	99	100	99	100	100	99	100	99	100	100	101	100	100	100	100	99	100	100	100	100	99	99	99	99	99	99	99	99	99	99	99	99	99	100	99	99	99	99	99	99	99	99	99	99	99	99	99	99	99	99	100	100	99	100	99	99	99	100	99	99	100	99	100	100	100	100	100	100	100	100	100	100	99	99	100	100	100	100	100	99	100	100	100	99	99	100	100	100	100	100	100	100	100	100	100	100	100	100	100	100	100	100	100	100	100	100	100	100	100	100	100
167	-925784	100	100	100	100	100	100	100	100	100	100	100	100	100	101	100	100	101	100	100	100	100	100	100	100	100	100	100	100	101	100	100	100	100	100	100	100	100	100	100	100	100	100	100	101	100	100	101	100	100	101	100	100	100	100	100	100	100	100	100	100	100	100	101	100	100	100	100	101	100	100	100	100	100	100	100	101	101	100	100	100	100	101	100	100	100	100	101	100	102	101	100	100	100	100	100	100	100	100	100	100	100	101	99	100	101	100	100	100	101	100	100	100	100	100	101	100	100	99	100	100	100	100	100	100	100	99	100	100
168	-925292	101	101	100	101	101	101	101	101	102	101	101	101	101	101	101	102	101	101	101	101	101	100	101	100	100	100	100	101	100	100	101	101	102	101	100	100	101	101	101	100	101	100	100	101	100	100	100	100	101	100	100	100	100	100	100	100	100	100	101	101	101	101	101	101	101	101	101	101	101	101	101	101	101	101	101	101	101	101	101	100	101	101	100	100	100	101	100	101	100	101	101	101	101	100	100	101	100	100	100	101	100	100	100	100	100	100	100	100	101	100	100	101	101	100	101	101	101	101	101	100	101	101	101	101	101	101	101	100
169	-924799	102	101	102	101	101	101	101	101	102	101	101	100	101	102	101	101	101	101	101	101	101	101	101	101	102	100	101	101	101	101	101	101	101	101	102	101	102	101	101	101	101	102	101	102	102	102	102	101	101	102	101	101	101	101	102	101	101	101	101	101	102	101	102	102	101	101	101	101	101	101	101	101	101	101	100	101	101	101	101	101	101	101	101	101	100	102	101	101	101	101	102	101	101	101	101	101	101	101	101	100	101	101	101	101	101	102	101	102	102	101	102	102	102	101	101	102	101	102	102	101	102	101	102	101	102	101	102	101
170	-924307	102	101	101	102	101	102	101	102	102	102	102	101	101	102	101	101	101	102	102	101	102	101	101	102	102	102	102	102	102	101	102	102	101	102	101	101	102	102	102	102	102	102	102	102	102	102	101	102	102	102	102	102	102	102	102	102	101	102	102	101	102	102	101	101	102	102	102	101	102	101	102	102	102	102	101	102	101	102	102	102	102	101	102	102	102	102	102	102	102	102	103	102	102	102	102	103	102	102	102	102	102	102	102	102	101	102	102	101	102	102	102	101	102	102	102	102	102	102	102	102	101	101	101	101	102	102	101	101
171	-923815	102	102	102	102	102	102	102	103	102	102	102	103	103	102	103	102	101	102	102	102	101	102	102	102	102	102	101	102	101	102	102	102	102	102	103	102	102	102	102	102	102	102	102	102	102	102	102	101	102	102	102	102	102	101	103	103	102	102	103	102	102	102	102	102	102	102	102	102	103	102	102	102	102	102	102	102	103	102	102	102	102	102	102	102	102	101	102	101	102	102	102	102	102	102	102	102	101	102	102	102	102	102	102	102	102	102	101	102	102	102	102	101	102	102	102	103	102	103	102	102	101	101	102	102	102	102	102	103
172	-923323	103	103	103	103	103	103	103	103	103	103	103	103	103	103	103	103	103	103	102	102	103	103	103	103	103	102	103	103	103	103	103	103	103	103	102	103	103	103	103	103	103	103	103	103	102	102	103	102	103	103	103	103	104	103	102	103	103	103	103	102	102	103	102	103	103	102	102	102	103	103	103	103	102	103	103	103	102	102	103	103	103	103	103	103	102	102	102	103	103	103	102	102	103	103	103	102	103	103	103	103	103	103	102	102	103	102	103	102	102	102	102	102	102	103	103	103	102	102	103	103	103	103	102	103	103	102	103	103
173	-922830	103	103	103	103	103	103	103	103	103	103	102	103	103	103	103	103	102	103	102	103	103	103	103	102	103	102	103	103	103	103	103	103	103	103	103	103	103	103	103	103	103	103	103	104	103	104	104	103	103	103	103	104	103	103	103	103	103	103	103	103	104	103	103	104	103	103	104	104	103	104	103	103	103	103	104	103	104	103	103	104	103	103	103	102	104	103	103	104	103	103	103	103	104	103	103	103	103	103	103	103	103	103	103	103	103	103	103	103	103	103	103	103	104	103	103	103	103	104	103	103	104	103	103	103	103	103	103	103
174	-922338	103	104	103	104	104	103	103	103	104	103	103	103	103	104	103	103	103	103	104	103	104	103	103	104	103	104	104	103	104	103	103	104	103	103	103	103	104	104	104	103	104	104	104	104	104	103	103	103	104	104	104	104	104	104	104	104	104	105	104	104	104	104	104	104	103	104	104	104	103	103	103	104	103	104	104	104	103	104	104	103	104	104	103	104	103	103	104	104	104	104	104	104	104	104	104	104	104	104	104	104	103	104	104	103	104	103	104	103	104	104	104	104	104	104	104	104	104	104	104	104	103	103	104	104	103	103	104	104
175	-921846	105	104	104	105	104	105	104	104	105	104	104	105	104	104	104	105	104	104	105	104	104	103	104	105	104	104	104	104	105	104	105	105	104	105	105	104	105	104	104	104	104	104	104	104	104	104	103	104	104	103	104	104	104	104	104	104	104	104	103	104	104	104	104	104	104	104	104	104	104	104	104	104	104	104	104	104	104	104	104	104	104	104	104	104	104	104	104	105	104	104	104	105	104	104	104	103	104	104	105	104	103	104	104	104	104	104	104	104	104	104	103	104	103	104	104	104	104	105	104	104	104	104	104	104	104	104	104	104
176	-921353	104	104	104	105	104	104	104	104	105	104	104	104	104	104	104	104	105	104	104	104	105	105	104	104	105	104	105	105	104	104	105	104	104	104	104	105	104	104	104	104	104	105	105	105	104	104	105	104	105	105	105	105	105	105	105	105	105	105	104	105	105	104	104	104	103	105	105	104	104	104	105	105	104	105	105	105	105	105	105	105	105	105	105	105	105	105	104	105	105	105	105	104	105	104	105	105	104	106	104	104	105	104	105	105	105	105	104	105	104	105	105	105	104	104	104	104	104	104	105	105	104	104	105	104	105	105	105	104
177	-920861	105	105	105	105	105	104	105	105	105	105	105	105	105	105	105	105	105	105	105	104	104	104	105	105	104	104	105	105	105	105	104	104	105	104	105	105	105	105	105	106	105	104	105	106	105	105	106	106	106	106	105	105	104	105	105	105	105	105	105	105	104	105	105	105	104	105	105	105	106	106	105	105	104	104	105	105	105	105	104	105	105	105	105	105	105	105	105	105	105	105	104	105	105	105	105	105	105	105	105	105	104	105	105	105	104	105	105	105	105	105	104	105	105	104	105	104	104	104	105	104	105	105	105	105	105	105	105	105
178	-920369	105	106	106	106	105	105	106	105	105	106	105	106	105	106	106	106	106	105	106	105	106	105	105	106	106	105	106	106	106	106	106	106	106	106	106	105	105	106	105	106	106	105	106	105	105	106	106	105	106	105	105	105	106	106	106	106	106	105	106	106	105	106	105	105	106	105	105	106	105	105	105	106	105	105	106	105	105	106	106	105	105	106	106	106	106	106	106	105	106	106	105	106	106	106	106	105	106	106	106	105	106	105	105	105	105	106	105	106	106	106	106	106	106	106	106	105	106	106	105	105	105	106	106	106	105	106	106	106
179	-919876	107	106	106	106	107	106	107	107	106	107	106	107	106	106	107	106	106	106	106	107	107	106	106	107	106	107	107	107	106	107	107	107	106	106	106	107	106	106	106	106	106	106	105	107	106	106	106	106	107	106	106	107	106	106	106	106	106	106	106	105	105	105	106	106	106	105	106	106	106	106	106	106	105	105	106	106	106	106	105	107	106	106	107	105	106	106	106	106	107	107	106	106	106	106	107	106	106	107	107	106	106	106	107	107	106	107	107	106	106	106	107	106	106	106	107	106	106	106	106	106	106	106	106	106	106	106	105	106
180	-919384	106	106	107	107	107	107	106	107	106	107	107	106	107	107	107	107	107	107	107	106	107	106	106	106	106	106	106	107	107	106	107	106	106	107	106	107	106	107	106	107	107	107	107	106	107	106	107	107	107	107	107	107	107	107	107	107	107	106	107	106	107	107	106	106	107	106	106	107	106	107	106	106	106	106	106	106	106	106	106	106	106	107	106	106	106	106	107	107	106	107	107	107	107	107	107	107	107	107	107	106	107	107	106	107	107	107	107	107	107	107	107	107	106	107	107	107	107	107	107	107	107	107	108	106	107	107	107	107
181	-918892	107	107	107	107	107	107	107	107	107	107	108	107	107	107	107	107	107	108	106	107	107	107	108	107	108	107	108	107	107	107	107	107	107	107	107	107	107	107	107	107	107	107	107	107	107	107	107	106	108	107	107	106	107	107	107	107	108	107	107	107	107	107	108	107	107	107	107	108	107	107	107	107	107	107	106	106	107	107	107	107	107	107	107	107	107	107	107	107	107	107	107	107	107	106	106	107	106	107	107	107	107	107	107	107	107	106	107	107	107	106	107	107	107	108	106	107	107	107	107	107	107	107	107	107	107	107	107	107
182	-918399	107	108	108	108	107	108	108	108	108	108	108	108	108	108	108	108	108	108	108	108	108	107	108	108	108	108	108	108	108	108	108	108	108	108	108	108	108	108	108	108	108	108	108	107	108	108	107	108	107	108	108	108	107	108	109	108	108	108	108	108	108	108	107	107	108	108	108	108	108	107	108	108	107	108	108	108	108	108	108	107	108	108	108	108	107	107	108	107	107	107	107	107	107	108	107	107	108	107	108	108	108	108	107	108	107	107	107	108	108	108	107	107	108	107	108	108	107	108	107	108	108	107	108	107	107	107	107	107
183	-917907	108	108	107	107	108	108	108	108	108	108	108	108	108	108	108	108	108	108	108	108	109	108	109	108	109	109	109	108	109	108	108	108	109	108	108	108	109	108	108	108	108	108	108	108	108	108	108	108	108	107	108	108	108	108	108	108	107	108	108	108	107	107	108	107	108	108	108	108	108	108	108	108	108	108	108	108	108	108	108	109	108	108	108	108	109	108	108	108	108	108	108	109	108	108	108	108	108	108	108	108	109	108	108	108	109	108	108	108	108	108	108	108	108	108	108	108	108	108	108	108	108	108	108	108	108	108	108	108
184	-917415	108	109	109	109	109	109	109	109	109	109	109	108	108	108	109	109	109	109	108	109	109	107	109	108	108	109	109	110	109	109	110	109	109	109	109	109	110	109	109	110	109	110	109	109	110	109	109	109	109	110	109	109	108	109	109	109	109	109	109	109	110	109	109	109	109	109	109	109	108	109	109	109	109	109	109	108	109	109	109	109	108	108	109	108	109	109	109	109	108	109	109	109	108	108	109	109	108	108	109	109	109	109	108	109	109	109	109	109	109	108	109	109	109	108	109	109	109	109	109	108	109	110	108	109	108	108	108	108
185	-916923	109	108	108	108	108	109	109	108	109	108	109	109	108	109	108	109	109	109	108	109	109	109	109	109	109	109	109	109	108	109	109	110	109	109	109	109	109	109	109	109	108	109	109	109	108	108	109	109	109	109	109	109	109	109	109	109	109	108	109	108	109	109	109	109	108	109	109	109	109	108	108	109	108	109	109	109	109	108	109	108	109	109	109	109	109	109	109	109	109	109	110	109	110	110	109	109	109	109	109	110	109	109	109	109	108	109	109	109	109	109	109	109	109	109	109	109	108	109	109	109	109	109	108	109	109	109	109	109
186	-916430	109	109	109	110	110	110	110	109	110	109	110	110	110	110	110	110	110	109	110	110	109	110	109	110	110	110	110	109	109	110	109	110	109	110	110	109	110	110	110	109	110	109	111	110	110	110	110	110	110	110	110	110	109	110	110	110	110	109	110	109	110	109	110	110	110	109	110	109	109	109	110	110	110	109	109	109	109	110	109	110	109	110	110	109	109	109	109	110	109	110	109	109	110	109	110	110	110	109	109	109	109	109	109	109	108	109	109	109	109	110	110	110	110	110	110	110	110	109	109	109	109	109	109	110	110	110	110	110
187	-915938	110	110	110	109	110	110	110	110	111	110	111	110	110	110	109	111	110	110	110	110	110	110	110	110	110	110	110	110	109	110	110	110	110	110	110	109	110	110	110	110	110	109	110	109	110	109	109	109	109	110	110	110	110	110	109	110	110	110	110	110	110	110	110	110	110	110	110	111	111	110	110	110	110	111	111	110	110	111	110	110	111	110	110	111	110	109	110	110	110	110	110	110	110	110	110	110	110	110	110	110	110	111	110	110	110	109	110	110	110	110	110	110	110	110	110	111	110	109	110	110	110	110	110	110	110	111	110	110
188	-915446	110	110	110	110	110	110	110	110	111	110	110	110	110	111	110	111	110	110	110	111	111	110	111	111	110	111	110	110	111	110	111	110	111	111	111	111	111	111	111	111	111	111	111	111	110	111	110	111	111	110	111	110	111	111	111	111	111	110	111	111	111	110	111	111	111	110	110	110	110	111	111	110	110	111	111	110	110	111	111	111	111	111	111	111	111	110	111	110	111	110	110	110	110	111	110	111	111	110	110	110	111	111	111	111	111	111	111	111	110	111	111	111	111	111	111	111	111	111	111	111	111	111	111	110	110	111	111	112
189	-914953	111	111	111	111	111	110	111	111	111	111	111	111	110	111	111	111	111	111	111	111	111	111	110	111	111	111	111	111	111	111	112	111	111	111	111	111	111	111	111	111	111	111	111	111	111	111	111	111	111	111	111	111	112	111	111	111	111	111	110	110	111	111	111	111	111	111	111	111	111	111	111	111	111	111	111	111	111	111	111	111	111	111	111	111	111	111	111	111	111	111	111	111	111	111	111	110	111	111	111	111	110	111	111	111	111	111	111	111	111	111	112	111	111	111	111	111	111	111	111	111	111	111	111	111	111	111	111	111
190	-914461	112	111	112	111	111	112	111	112	111	111	111	111	111	111	112	111	111	112	111	112	111	112	111	111	112	111	112	112	111	112	111	111	112	111	111	111	111	112	111	112	112	112	112	112	112	112	112	112	112	112	112	111	111	112	111	112	111	111	112	111	111	112	111	112	111	111	111	111	111	110	111	111	111	112	111	111	111	111	111	111	111	111	111	111	111	111	112	112	112	112	112	111	112	112	112	112	112	111	111	112	112	112	112	112	112	112	112	112	112	112	112	112	111	112	112	112	111	112	112	111	113	111	111	111	111	111	111	111
191	-913969	112	111	111	111	112	111	112	112	111	112	112	112	112	112	111	112	112	112	112	112	112	112	112	112	112	112	112	112	112	112	113	112	112	113	112	112	113	112	113	112	112	112	112	112	112	112	112	112	113	112	112	112	112	112	114	112	112	112	112	112	112	113	112	112	112	112	112	112	112	112	112	112	112	113	112	112	112	112	112	112	113	112	112	112	112	112	112	112	112	112	112	112	112	112	112	112	112	112	112	112	112	112	112	112	112	113	112	113	112	112	112	114	112	112	112	113	112	112	112	112	112	112	112	113	113	112	112	112
192	-913476	112	112	112	112	112	112	112	112	112	112	112	112	112	112	113	113	112	112	112	112	112	112	113	112	113	113	112	113	113	113	113	113	113	112	113	113	113	113	112	112	112	112	113	112	113	113	112	113	113	112	112	112	112	112	112	112	112	113	112	112	112	112	112	112	112	112	112	112	112	112	112	112	112	112	113	112	112	112	113	112	112	112	112	112	112	112	113	112	113	113	113	112	112	112	112	112	112	111	112	112	112	112	112	112	112	112	112	112	112	112	112	112	112	112	113	112	112	112	113	113	112	112	112	112	112	113	112	112
193	-912984	113	114	114	113	113	113	113	113	113	112	113	113	113	113	113	113	113	113	113	113	114	113	112	113	113	113	113	112	113	112	112	112	113	113	112	113	112	113	112	112	112	112	113	113	112	113	113	113	112	112	113	112	113	113	112	112	112	112	112	112	113	112	113	113	113	113	113	113	113	113	113	113	113	113	113	113	113	113	114	113	112	113	113	112	113	112	112	113	112	113	112	112	112	113	113	112	112	113	112	113	113	113	113	113	113	113	113	113	112	114	113	112	113	113	113	113	113	113	113	113	113	114	113	113	113	113	114	113
194	-912492	113	113	113	113	113	113	113	113	113	113	113	114	113	113	115	113	113	113	113	112	113	113	113	113	113	113	113	113	113	113	113	113	113	112	113	114	113	113	113	113	114	113	113	113	114	114	113	113	113	114	114	114	113	114	114	114	114	114	114	113	113	113	114	113	113	113	114	114	113	114	114	114	114	114	114	114	114	114	113	113	113	114	114	113	115	113	114	114	114	114	114	113	114	113	114	114	114	114	113	114	113	114	113	113	113	113	113	113	113	114	113	113	113	113	113	113	114	113	114	113	113	114	113	114	114	113	113	113
195	-911999	115	114	114	114	114	114	114	114	114	114	114	114	113	114	114	114	113	113	114	114	114	113	114	114	114	114	114	114	114	114	114	113	114	114	114	114	113	114	113	113	113	113	113	114	114	113	113	114	114	113	113	113	113	113	113	113	113	114	114	114	113	113	114	114	114	115	115	114	115	114	114	114	115	114	114	114	114	114	114	115	114	115	114	114	114	114	114	114	114	114	114	114	114	114	114	114	114	114	113	113	113	114	113	113	113	114	114	113	113	113	113	114	113	113	113	114	114	113	113	113	113	113	114	114	113	113	113	113
196	-911507	115	115	114	114	114	114	114	115	115	114	114	114	115	115	114	114	114	114	114	115	114	114	114	115	114	114	113	114	114	114	114	114	114	114	113	115	114	115	114	114	114	114	115	116	114	114	115	114	115	115	115	114	114	115	114	115	115	114	115	115	115	115	115	115	115	115	115	115	115	115	115	115	115	115	114	115	115	114	115	115	115	114	114	115	115	115	114	115	115	115	114	114	114	115	115	114	114	114	114	115	115	114	115	114	115	114	115	114	114	115	115	114	115	115	115	114	115	115	114	115	115	115	114	114	115	115	114	114
197	-911015	115	115	115	115	115	115	114	115	115	116	115	115	115	115	114	115	115	114	115	115	115	115	115	115	115	115	115	115	115	115	115	115	115	115	115	115	115	115	115	114	115	115	115	115	115	115	115	116	115	115	115	116	115	115	115	115	116	116	114	116	115	115	115	115	115	115	115	115	116	116	115	115	115	116	116	115	115	115	115	115	115	115	115	115	115	115	115	115	115	115	115	115	115	115	115	115	116	115	115	115	115	115	115	115	114	116	115	115	115	115	115	115	115	115	114	115	115	115	115	115	115	116	115	115	115	115	115	115
198	-910523	115	115	114	115	115	115	115	115	115	115	116	116	115	116	115	115	116	115	115	115	115	115	115	116	116	116	115	115	115	116	116	116	116	115	116	116	116	116	116	116	116	116	116	116	115	116	116	116	115	116	116	116	115	115	116	116	115	116	116	115	116	116	116	116	116	116	116	116	115	116	116	115	116	115	115	116	116	115	115	115	115	115	115	115	115	115	116	116	116	116	116	115	116	116	115	116	116	116	116	115	116	115	116	116	115	115	116	115	115	116	115	115	115	116	115	116	116	116	116	115	116	116	116	115	116	115	115	115
199	-910030	117	117	116	116	116	117	115	116	117	116	116	116	116	117	116	117	116	117	117	116	116	116	116	115	115	116	116	116	115	115	116	116	116	115	115	116	115	116	115	116	116	116	116	116	116	115	116	116	115	116	115	115	115	115	116	115	116	115	115	115	116	117	116	115	116	116	116	116	116	117	116	116	116	116	117	116	116	116	117	117	116	116	116	117	116	116	116	116	117	117	116	116	115	116	116	116	116	115	116	115	116	116	115	116	116	116	116	116	116	116	116	116	116	116	115	116	116	115	116	116	116	116	115	115	116	116	116	116
200	-909538	117	117	117	116	117	117	117	117	117	117	116	117	117	117	117	117	117	117	117	117	117	116	117	116	116	116	116	116	116	116	116	116	116	116	116	116	116	116	116	116	116	115	115	116	116	116	115	116	116	116	116	116	116	116	116	117	116	116	116	116	116	116	117	116	116	116	116	116	116	117	117	116	116	117	117	116	117	117	117	117	116	117	116	116	117	116	117	117	117	117	117	117	117	117	117	117	116	117	117	116	116	116	116	117	117	116	116	116	117	117	117	116	116	116	116	116	116	117	116	117	116	117	117	116	117	116	116	117
201	-909046	117	117	117	117	117	117	117	117	117	118	117	118	118	118	118	117	118	118	117	117	118	117	118	118	117	117	117	117	117	117	117	117	118	118	117	118	117	116	117	117	117	117	117	117	117	117	116	117	117	117	117	117	116	117	117	117	116	117	117	117	117	117	117	117	117	117	117	117	117	117	117	117	117	117	117	118	117	117	117	117	118	117	117	117	117	117	117	117	116	117	117	117	118	117	118	117	117	117	118	118	118	118	117	117	118	117	118	117	117	117	117	117	117	117	117	116	117	117	117	117	117	116	117	117	117	117	117	117
202	-908553	118	117	118	117	117	117	116	117	117	117	117	116	117	117	117	118	116	117	117	117	117	117	117	117	117	117	118	117	117	117	118	118	118	118	118	118	118	118	118	117	117	117	117	119	117	117	117	117	118	117	118	117	118	117	118	118	118	117	117	118	117	117	117	118	117	117	118	118	117	118	118	117	118	118	117	118	117	117	118	118	117	118	117	118	118	118	117	117	117	116	117	117	117	117	117	117	116	117	117	116	117	117	116	117	117	117	117	116	117	117	118	117	118	117	117	117	117	117	117	116	116	116	117	117	117	118	117	118
203	-908061	118	118	118	117	118	117	118	118	117	118	118	119	118	118	117	118	118	118	118	118	117	118	118	118	117	118	118	118	118	118	118	118	118	119	118	118	118	118	118	118	118	118	118	118	118	118	118	118	118	118	118	118	118	118	118	118	118	118	119	119	118	119	119	118	118	118	118	118	118	118	117	118	118	118	118	117	118	118	118	118	118	118	118	118	118	118	118	118	118	118	119	118	118	118	118	118	118	118	118	118	118	118	118	118	118	118	117	118	118	118	118	118	118	118	118	118	118	118	118	118	118	118	118	118	118	117	118	118
204	-907569	119	118	118	118	118	118	119	118	119	118	119	119	119	120	118	118	119	118	118	118	118	118	118	119	119	119	119	119	118	118	119	119	118	119	118	119	119	119	119	118	119	119	119	118	119	118	118	119	118	119	118	118	119	118	118	119	118	118	118	119	118	117	118	118	118	118	118	118	119	118	118	118	118	119	119	118	119	118	118	118	119	119	118	119	119	119	119	118	119	118	119	118	119	119	119	119	119	119	119	119	119	119	119	119	118	119	119	118	119	119	118	119	119	119	118	119	119	119	118	119	118	117	117	118	118	117	118	118
205	-907076	119	118	119	119	119	119	119	119	119	119	118	119	120	119	119	119	119	119	119	119	118	119	119	119	119	118	119	119	119	119	119	119	119	119	118	118	119	119	119	119	119	119	119	120	119	119	119	119	119	120	120	119	119	119	119	120	119	119	119	119	119	119	119	119	119	119	119	119	119	120	119	120	119	119	120	119	120	119	119	119	118	119	120	119	119	119	118	119	118	119	119	119	119	119	119	119	119	119	119	119	119	120	119	119	119	119	119	119	119	118	119	119	119	119	119	119	119	119	119	120	120	119	120	120	119	119	120	119
206	-906584	119	120	119	119	120	120	119	120	120	119	120	119	119	119	119	118	120	119	119	119	119	119	119	119	119	119	120	119	119	120	120	120	120	120	120	120	119	120	120	119	120	119	119	119	119	120	120	119	120	120	120	120	120	120	119	119	119	120	120	120	119	119	120	120	119	119	120	119	119	119	119	120	119	119	119	119	119	119	119	119	119	120	119	119	119	119	119	119	120	119	119	119	119	120	119	118	119	119	119	119	119	119	118	119	118	119	119	120	120	119	120	119	120	119	119	120	119	119	119	119	119	119	119	119	119	120	119	120
207	-906092	120	120	120	120	120	120	120	120	119	120	120	121	120	119	120	120	120	119	120	120	120	120	120	120	120	120	120	120	120	120	120	120	120	120	120	120	119	119	120	119	120	120	120	120	120	120	120	120	120	120	120	120	120	120	120	120	120	120	120	119	119	119	119	119	119	119	119	119	120	120	120	120	120	120	120	119	120	120	119	119	120	120	120	119	120	119	120	120	120	120	120	120	120	120	120	120	120	119	120	120	120	120	120	120	120	120	120	119	120	120	120	119	120	119	119	119	119	119	119	119	119	120	119	119	119	119	120	119
208	-905599	120	120	120	120	121	121	120	120	120	120	120	120	121	121	121	121	120	121	120	121	120	120	121	120	120	120	120	120	120	120	120	120	119	120	120	120	120	120	121	120	120	120	120	120	121	120	120	120	120	120	120	120	120	120	120	120	120	120	120	120	120	121	121	120	120	121	120	120	120	120	120	120	120	120	120	120	120	120	120	120	121	120	120	120	120	121	120	120	120	120	120	120	120	120	119	120	120	120	120	121	120	120	120	120	120	120	120	120	120	120	119	120	120	120	120	120	120	120	120	120	121	121	120	120	121	120	120	120
209	-905107	121	120	120	120	121	120	121	121	121	121	121	121	121	121	121	121	121	121	121	121	120	121	121	121	121	121	120	121	121	121	121	121	120	121	121	121	121	121	121	121	121	121	122	121	121	120	120	121	121	121	120	121	122	122	121	121	121	121	121	121	121	121	121	121	121	121	121	121	121	121	121	121	120	121	121	121	121	120	121	121	120	121	120	121	121	121	121	120	121	121	121	121	121	121	121	121	121	121	122	121	121	122	121	121	120	121	121	121	121	120	121	121	121	120	120	122	121	121	121	120	121	121	121	121	120	120	120	121
210	-904615	121	121	122	121	121	121	121	121	122	121	121	121	122	121	121	122	121	122	121	121	121	122	122	122	122	121	121	122	121	121	121	122	121	122	121	121	121	121	121	121	121	121	121	121	121	121	121	121	122	121	121	121	121	122	121	121	122	121	122	121	121	121	121	122	121	122	122	122	121	121	121	121	122	121	122	121	121	121	121	122	121	121	121	121	121	121	121	121	121	121	121	121	121	121	121	121	121	121	121	121	121	121	121	121	121	121	121	121	121	122	121	121	121	122	122	121	122	121	122	121	121	122	121	122	122	123	122	122
211	-904123	122	122	122	121	122	122	122	122	122	121	122	121	122	122	122	121	122	122	121	121	121	121	121	122	122	121	121	122	121	122	122	122	122	122	121	122	122	122	122	122	122	122	121	121	122	121	122	121	121	121	121	122	121	121	122	121	122	122	121	121	121	121	121	122	121	122	122	122	121	122	121	122	122	122	122	122	122	122	122	122	122	122	122	122	122	122	123	122	122	122	123	122	122	123	122	122	123	122	122	122	122	123	122	123	122	122	123	122	122	121	123	122	123	122	122	123	122	122	122	121	122	122	122	123	121	123	122	122
212	-903630	122	122	122	122	122	122	122	122	122	122	123	122	122	121	122	123	123	122	122	122	123	122	122	123	122	122	122	122	123	123	122	122	121	122	122	122	122	122	122	123	122	123	123	123	122	122	123	123	122	123	123	124	123	123	122	122	123	122	122	123	123	122	123	122	122	122	122	123	122	123	122	122	122	123	123	123	122	122	122	122	122	122	122	122	122	122	122	122	122	122	123	122	123	123	122	122	121	122	122	122	122	122	121	122	122	122	122	122	123	123	122	123	122	122	123	121	122	123	123	122	122	121	122	123	122	122	122	122
213	-903138	123	123	123	123	122	122	122	122	123	122	122	122	122	122	122	123	124	122	123	122	122	122	122	122	122	122	122	122	122	122	122	122	122	122	122	121	122	122	122	122	123	122	123	122	123	123	123	123	123	123	123	123	123	123	123	123	122	123	123	123	123	123	123	122	123	122	123	123	122	123	123	123	123	123	123	123	123	123	123	123	123	123	122	123	123	123	123	123	122	122	122	123	123	123	123	123	123	123	123	123	123	123	123	123	123	123	123	123	123	122	123	123	123	124	123	123	123	123	124	123	123	123	123	123	123	124	123	123
214	-902646	124	124	123	123	124	123	123	123	123	124	123	124	124	123	124	123	124	123	122	123	123	123	123	122	123	123	123	123	123	124	123	123	123	123	124	123	123	123	123	123	123	123	123	123	123	123	123	123	123	123	123	123	123	124	123	124	124	123	124	123	123	124	124	124	123	124	124	123	124	124	124	123	124	124	124	124	124	123	124	124	124	124	123	124	124	124	124	124	124	124	124	124	124	124	124	123	123	124	124	124	123	123	124	124	124	124	123	124	123	124	124	123	124	124	123	124	123	123	123	123	124	123	124	124	123	124	123	123
215	-902153	124	124	123	124	123	124	123	124	123	124	124	124	123	124	123	124	123	123	123	124	123	123	124	123	124	124	124	124	124	124	124	124	124	124	124	123	124	124	124	123	123	124	123	124	124	124	124	124	124	124	124	124	124	124	124	124	124	124	124	123	124	124	124	124	124	124	123	124	123	124	123	124	123	123	123	124	124	124	124	123	124	123	124	124	124	124	124	124	125	124	124	124	124	124	124	124	124	123	123	124	124	124	124	124	124	124	124	124	124	124	124	124	124	124	124	124	125	124	125	125	124	124	124	124	124	125	123	124
216	-901661	125	125	124	124	125	124	125	124	124	124	124	124	124	124	124	124	124	125	124	124	124	124	124	124	124	124	124	124	124	124	124	124	125	124	124	124	124	124	125	123	124	125	124	124	124	124	124	124	124	124	124	125	125	125	124	124	124	124	125	124	125	124	125	125	124	125	124	124	125	124	124	125	124	124	124	125	124	125	124	124	125	125	125	124	124	124	124	125	125	125	124	125	124	124	125	124	125	124	124	125	124	124	124	124	124	124	124	125	125	125	124	124	124	124	125	124	124	125	125	124	124	124	124	124	124	124	124	124
217	-901169	125	125	123	124	125	125	124	125	124	125	126	125	125	124	125	125	124	125	125	125	124	125	124	125	125	124	125	125	124	124	125	124	124	124	125	125	125	124	124	125	126	125	124	124	124	124	125	124	124	125	125	125	125	125	125	125	125	124	125	124	124	124	124	125	124	124	124	124	125	125	125	125	124	125	125	124	124	124	124	125	124	124	124	124	125	124	125	124	124	124	125	124	125	125	125	124	124	126	124	125	125	124	124	125	124	124	124	125	125	124	125	125	126	125	125	125	125	125	125	125	125	125	125	125	125	125	125	126
218	-900676	126	126	125	125	126	125	126	125	126	126	125	125	125	125	125	126	126	125	125	126	125	126	126	126	125	125	126	126	126	125	125	125	125	126	125	126	125	126	126	125	126	126	126	126	125	125	125	125	126	126	126	125	126	126	126	126	125	125	126	125	126	125	126	125	125	126	126	126	125	126	125	126	126	125	125	125	125	126	125	126	126	126	125	126	126	126	126	126	126	126	125	126	126	126	126	126	125	126	126	126	126	126	126	126	126	125	126	125	126	126	126	126	126	125	126	125	125	126	126	126	126	126	125	125	125	126	125	126
219	-900184	126	126	126	125	126	126	126	126	126	126	126	125	126	125	126	126	125	126	125	126	126	126	126	126	127	126	126	126	126	126	126	125	126	125	126	126	125	126	126	126	125	126	126	126	126	126	126	126	126	126	126	127	126	126	125	126	126	126	126	126	126	126	126	126	126	126	126	126	126	126	126	126	126	126	127	126	126	126	126	126	126	126	125	126	126	125	126	126	126	126	126	126	126	126	126	126	126	126	126	126	126	126	126	126	126	126	125	126	125	126	126	126	126	126	126	126	126	127	126	126	126	126	127	126	125	126	126	126
220	-899692	127	126	126	126	126	126	127	126	126	126	127	127	127	128	126	127	126	126	126	127	126	126	127	127	127	127	127	127	127	127	126	127	124	127	126	126	126	126	126	126	126	127	126	127	127	126	127	127	127	128	126	126	126	126	126	126	126	126	126	126	126	126	126	126	126	127	127	127	126	126	128	127	127	126	127	126	126	126	126	126	126	126	127	126	126	126	126	126	126	128	126	126	127	127	126	126	126	127	127	126	127	126	126	126	126	127	126	125	126	126	127	126	126	126	126	126	127	126	126	127	126	126	126	126	126	126	126	126
221	-899199	126	127	126	127	127	126	127	126	128	127	127	127	127	127	127	127	127	127	127	127	127	127	127	127	127	127	127	128	127	127	127	128	127	127	127	127	127	127	126	127	127	127	128	127	127	127	125	128	128	127	127	126	127	127	127	127	127	127	127	127	127	127	128	127	127	127	126	127	126	127	127	127	127	127	127	127	127	126	127	127	127	127	127	127	127	126	126	126	126	126	126	126	126	127	126	126	126	126	126	126	126	127	126	125	126	126	126	126	126	127	127	127	126	126	127	126	127	126	126	127	127	127	128	127	127	127	127	126
222	-898707	128	128	128	128	128	127	128	128	128	127	126	127	128	128	128	127	127	127	127	127	126	127	127	127	127	127	128	128	128	128	127	128	127	128	127	128	127	127	127	127	128	127	127	128	127	127	128	127	127	127	127	128	128	128	128	127	128	127	128	127	127	128	127	127	127	127	128	127	128	127	128	128	128	128	127	128	127	128	127	128	128	128	128	127	128	128	128	128	127	127	128	127	128	128	128	127	128	128	128	128	128	128	128	128	128	127	128	128	127	128	128	128	127	127	128	127	128	128	127	128	128	128	128	128	128	128	128	127
223	-898215	128	128	128	128	127	127	128	128	128	128	128	128	128	128	128	128	128	128	128	128	128	127	128	127	128	128	128	128	128	128	128	128	128	128	128	128	128	129	128	128	128	128	128	128	128	128	128	128	128	128	128	128	128	128	128	128	128	128	128	128	128	128	128	128	128	128	128	128	128	128	128	128	128	128	128	128	128	128	128	128	128	128	128	128	128	128	129	128	128	128	128	128	128	128	129	128	129	128	129	128	128	128	128	129	128	128	128	127	128	128	128	127	128	128	127	128	128	128	128	128	128	128	128	128	127	128	128	127
224	-897723	128	128	128	128	129	128	128	128	128	128	128	128	128	129	129	128	128	128	128	128	128	128	128	128	128	129	129	129	129	129	129	129	128	128	129	129	129	128	129	129	129	129	128	129	129	129	129	129	129	129	129	129	129	129	129	129	128	128	129	128	128	128	128	128	128	128	128	129	129	129	129	128	129	128	128	129	128	129	128	128	128	128	128	128	128	128	128	128	128	129	128	128	128	128	128	128	128	128	128	128	128	128	128	129	128	128	129	128	128	129	128	129	128	129	128	128	129	128	128	129	129	128	128	128	128	128	128	128
225	-897230	129	129	128	128	128	129	129	129	129	128	129	129	129	129	129	129	128	129	129	129	130	129	129	130	129	130	129	129	129	129	129	130	129	129	129	128	129	129	129	128	128	129	128	129	129	128	128	128	129	129	128	129	128	128	128	128	128	128	128	129	128	128	128	128	129	128	128	128	129	128	129	128	129	128	129	129	129	129	129	129	129	129	129	129	129	129	129	129	130	130	130	129	129	129	129	129	129	129	129	129	129	129	130	130	129	129	129	129	129	129	128	129	128	128	128	129	129	128	129	129	128	129	128	129	129	128	129	129
226	-896738	130	130	129	129	129	129	129	129	130	130	130	130	130	129	130	129	130	129	129	129	130	129	130	130	130	130	129	130	129	129	129	129	130	130	129	129	129	129	130	130	129	129	130	129	129	129	129	129	129	129	129	128	129	129	129	129	129	129	129	129	129	129	128	129	129	128	129	128	129	129	129	129	129	129	129	129	129	129	130	129	130	129	129	130	130	130	129	129	130	129	129	129	129	129	129	129	129	129	129	129	130	129	129	129	129	129	129	129	129	129	129	129	129	129	129	128	129	129	129	129	129	129	129	129	130	129	129	129
227	-896246	129	129	129	129	129	130	128	129	128	129	129	129	129	130	129	130	129	130	130	129	129	130	130	130	129	129	130	130	130	129	130	130	129	130	130	130	130	130	130	130	129	129	130	130	131	130	131	130	130	130	130	129	129	129	130	129	129	130	130	129	130	129	129	130	130	129	129	129	130	129	130	129	130	129	130	131	130	130	130	130	130	130	130	129	129	129	130	130	130	130	129	129	129	130	130	130	130	129	130	130	130	129	129	129	129	130	130	130	130	130	130	130	130	130	130	130	130	130	130	130	130	131	130	130	130	130	130	130
228	-895753	130	130	130	129	130	130	130	131	130	131	130	131	131	130	130	131	130	130	130	129	129	130	130	130	129	129	129	129	130	130	130	130	130	130	130	130	130	131	130	130	130	130	130	130	130	129	130	130	130	130	130	130	130	130	131	131	131	131	131	131	131	131	131	131	131	131	131	130	131	130	131	130	130	131	130	130	130	131	130	130	130	130	130	131	131	130	131	130	131	130	130	130	130	130	130	130	130	130	130	130	130	130	130	130	130	131	130	130	130	131	130	130	130	131	131	130	131	131	130	131	130	130	130	130	131	130	130	131
229	-895261	132	131	131	131	131	131	131	130	131	131	131	131	131	131	131	131	131	131	131	129	131	130	131	132	131	132	131	131	131	131	131	131	131	131	131	131	130	131	131	131	131	130	130	131	131	131	130	131	131	131	131	131	131	130	130	130	131	131	130	131	131	130	131	131	131	131	132	131	131	132	131	131	131	131	131	131	131	131	132	131	131	131	131	131	131	130	130	130	131	130	131	131	130	131	131	130	130	130	131	131	130	131	130	130	130	130	130	130	131	131	131	130	130	130	131	131	130	130	131	131	130	131	130	131	131	131	131	130
230	-894769	131	132	131	131	131	131	131	131	131	131	131	131	131	131	131	131	131	132	131	131	131	131	131	131	130	130	131	131	131	131	131	131	131	131	131	131	132	131	132	131	131	132	131	131	131	131	131	132	131	131	132	132	131	132	132	132	132	132	132	132	132	132	132	132	131	132	131	131	131	131	132	131	131	131	131	132	132	131	131	132	131	131	131	131	132	131	131	131	131	131	131	131	131	131	132	132	131	131	131	131	132	131	131	130	131	131	131	131	131	131	131	132	131	132	131	132	132	131	131	131	131	132	132	131	131	131	131	131
231	-894276	132	132	132	132	132	132	132	132	132	132	131	132	132	132	132	131	132	132	131	132	132	131	132	131	132	131	131	131	131	131	131	132	131	131	131	131	132	131	131	131	132	132	131	131	131	131	130	131	131	131	131	131	131	131	131	131	131	132	132	133	131	132	132	132	132	132	132	132	132	132	132	131	132	132	132	133	132	131	132	132	132	132	132	131	131	132	132	131	132	131	132	131	131	132	131	131	131	131	131	132	132	132	131	131	131	131	132	132	131	131	131	132	132	131	132	132	131	132	132	132	131	132	132	131	132	132	132	132
232	-893784	132	132	132	132	132	131	132	131	132	131	131	132	131	132	131	132	132	132	132	132	132	132	132	133	132	132	132	132	132	132	132	132	132	132	131	132	132	132	132	132	132	132	132	132	132	132	133	133	132	133	132	132	132	132	132	132	132	132	132	133	132	132	133	132	133	132	132	132	132	133	132	133	132	132	133	132	133	133	132	133	132	132	133	132	132	132	132	132	132	132	133	132	132	132	132	132	133	132	132	132	132	132	132	132	132	132	132	132	133	132	132	132	132	133	132	132	132	132	132	132	132	133	132	132	132	132	132	133
233	-893292	132	132	133	132	132	133	132	133	132	133	133	132	132	132	132	132	133	133	132	133	133	133	133	133	132	133	133	132	133	133	133	133	132	133	133	133	133	134	133	133	133	133	133	133	133	133	134	133	134	133	133	133	133	133	133	132	132	132	132	132	133	133	133	132	132	132	132	132	132	132	132	132	132	132	133	132	133	131	132	132	132	132	132	132	132	132	132	132	132	133	132	133	133	132	132	133	133	133	133	133	133	132	132	132	132	132	132	132	132	133	133	132	132	133	133	133	133	133	133	133	133	132	133	133	134	133	133	133
234	-892799	134	134	134	134	133	133	133	134	134	133	132	133	134	134	133	133	133	133	133	133	133	133	133	133	133	132	133	133	133	134	133	133	133	133	133	132	133	133	133	134	133	133	133	133	134	134	133	133	134	133	133	133	133	134	134	134	134	133	134	133	133	133	133	134	133	134	133	132	133	133	133	133	133	133	133	133	132	133	133	132	134	133	132	133	133	133	133	133	133	133	133	132	134	133	133	133	133	133	133	133	133	132	134	133	133	133	133	133	133	133	133	134	133	133	133	133	133	133	133	133	133	133	133	133	133	133	133	133
235	-892307	133	133	133	132	133	134	133	134	134	134	134	134	134	133	134	133	134	134	133	134	134	133	133	133	133	134	133	133	133	134	133	133	134	133	133	134	134	133	134	133	134	134	133	134	133	133	134	134	134	134	135	134	134	134	134	134	134	134	134	133	134	134	134	134	134	134	134	134	134	134	134	134	134	134	134	134	134	134	134	134	134	134	134	134	134	134	134	135	134	134	134	134	134	133	134	133	133	133	134	134	133	134	134	133	134	133	133	133	134	134	134	134	134	134	134	134	134	134	134	133	133	133	133	133	134	134	134	134
236	-891815	134	134	134	134	135	134	134	134	134	133	134	133	134	134	133	134	133	134	134	133	134	133	134	134	134	134	133	135	134	134	134	134	135	135	135	134	134	134	134	134	134	134	134	135	133	135	134	134	135	135	134	134	134	134	135	135	134	134	134	135	135	135	135	135	134	134	135	135	134	134	134	134	134	134	134	134	135	134	134	133	134	135	133	134	135	134	134	134	135	134	135	135	135	135	135	135	134	134	135	135	135	136	135	135	135	135	135	135	135	135	135	134	134	135	134	135	134	135	135	135	136	135	134	134	134	135	135	134
237	-891323	135	135	135	135	135	135	135	135	135	136	135	135	135	135	135	135	135	135	135	135	135	135	135	135	135	135	135	135	135	135	135	135	135	135	135	136	136	135	136	135	136	135	135	136	135	135	135	135	135	135	135	135	135	135	135	135	135	135	135	135	135	134	134	135	135	134	134	134	135	134	135	134	134	135	135	135	135	135	135	135	134	134	135	134	135	135	134	134	135	135	135	134	135	134	135	135	135	135	134	135	134	135	135	135	134	134	134	135	135	134	134	135	134	134	134	134	135	134	135	135	135	135	135	134	135	135	135	134
238	-890830	136	136	136	136	136	136	135	135	136	136	135	135	135	136	135	135	135	136	135	135	135	135	135	135	135	135	135	136	135	136	135	136	136	135	136	135	136	135	135	135	135	135	135	135	135	135	136	135	136	136	136	136	135	136	136	135	136	135	135	136	135	136	135	136	135	135	135	136	135	135	136	135	135	136	135	136	136	135	136	135	136	135	135	135	135	136	135	135	135	135	136	136	135	135	135	135	135	135	135	135	135	135	135	135	135	135	136	135	135	135	135	135	135	135	134	134	135	135	135	135	135	135	135	135	136	135	135	135
239	-890338	135	135	136	136	136	136	136	136	136	136	136	136	135	136	135	136	136	135	136	136	135	136	136	136	136	136	136	136	136	136	136	135	136	136	136	136	135	135	136	136	136	135	136	135	136	136	136	136	136	136	136	135	136	136	135	136	135	136	136	136	135	135	135	135	135	135	135	135	135	135	136	136	135	136	136	136	135	136	136	136	135	136	136	135	136	136	136	136	136	136	135	136	136	136	136	136	136	136	136	136	136	136	136	136	136	136	136	136	136	136	136	135	135	136	136	135	136	135	136	136	135	136	136	135	136	135	136	135
240	-889846	136	136	135	136	136	136	136	136	137	136	136	136	136	136	136	136	136	136	136	136	136	136	136	136	136	136	137	137	136	136	136	136	137	136	136	136	136	136	136	136	136	136	136	136	136	136	136	136	136	136	135	136	136	135	136	135	136	136	136	136	136	136	136	136	136	136	136	135	136	136	136	136	135	136	136	135	136	136	136	136	136	136	136	136	136	136	136	135	136	136	136	136	136	136	135	137	136	135	136	136	136	135	136	136	136	136	135	136	136	137	136	136	136	136	137	136	136	136	135	136	136	136	136	136	136	136	136	137
241	-889353	137	137	137	138	137	137	137	137	137	137	136	136	137	136	136	136	136	136	137	136	137	136	136	136	136	136	136	137	136	137	136	136	137	136	137	136	136	137	136	136	136	136	137	136	136	137	136	136	137	136	136	136	136	136	137	136	137	137	136	137	137	137	137	138	137	137	137	136	137	137	137	137	137	138	137	137	136	136	137	137	137	137	137	136	137	137	138	137	137	137	136	136	137	136	137	137	137	136	136	137	136	136	136	136	136	136	136	136	136	136	136	136	136	136	136	136	136	136	136	136	136	137	136	136	137	136	137	136
242	-888861	137	137	136	136	137	137	137	137	136	137	136	137	137	137	137	137	137	137	137	137	137	136	137	136	137	137	137	137	137	137	137	137	137	137	137	136	137	137	137	137	137	136	137	137	137	137	137	137	137	137	137	138	137	137	137	137	137	136	137	137	137	137	137	138	137	137	137	138	137	137	137	137	137	138	137	137	137	137	137	137	137	137	137	136	137	137	137	137	137	136	137	137	137	137	137	136	136	137	136	136	137	137	136	137	136	137	136	136	136	137	137	137	137	137	137	137	137	137	136	137	137	136	137	137	137	138	137	138
243	-888369	137	137	137	137	137	137	137	137	137	138	137	137	138	138	138	138	137	138	137	138	138	138	138	137	138	138	138	138	139	138	137	137	138	138	138	138	137	138	137	138	137	137	137	137	137	138	137	137	137	138	137	137	138	137	138	137	138	137	137	137	137	137	138	137	137	137	137	137	137	137	137	138	137	138	138	137	138	138	138	138	137	138	137	138	138	138	138	138	138	138	138	138	137	137	138	138	138	138	138	138	137	138	138	137	138	138	138	137	137	137	138	137	137	137	137	138	137	137	137	138	138	137	138	138	138	137	137	138
244	-887876	138	138	138	139	138	138	138	138	137	138	138	138	137	138	137	138	138	138	138	138	138	137	138	138	138	139	138	138	137	138	137	137	138	137	138	138	138	138	138	138	137	138	139	137	138	138	138	138	138	137	138	138	138	138	138	139	138	138	138	138	138	138	138	138	138	138	138	138	138	138	138	138	138	139	139	138	138	138	138	137	138	139	138	138	138	138	138	137	138	138	138	139	139	138	138	138	138	138	139	138	139	138	138	138	139	138	138	138	138	138	138	138	138	138	139	139	139	139	139	138	139	138	138	138	137	138	138	139
245	-887384	139	139	139	139	139	138	139	139	138	139	139	139	139	138	138	138	138	138	138	139	139	138	139	138	139	138	138	138	138	138	138	138	138	139	138	138	138	137	139	138	138	138	138	139	138	138	137	138	137	137	138	138	138	138	138	138	139	138	139	138	138	138	138	139	138	138	139	138	138	139	138	138	138	138	139	138	139	138	138	139	138	139	139	139	139	138	138	139	138	138	138	138	139	138	138	139	139	138	138	138	138	139	139	139	138	138	138	138	138	138	138	138	138	138	138	139	138	138	139	138	138	138	139	138	138	138	138	138
246	-886892	139	139	140	139	140	140	139	138	139	139	139	139	139	138	138	139	138	139	138	139	139	139	139	139	139	139	138	138	138	139	139	139	139	139	139	139	140	139	139	139	139	140	139	140	140	139	140	139	140	140	140	140	139	140	140	139	140	139	139	140	139	140	140	140	139	140	139	139	139	139	140	140	139	140	139	140	139	139	140	139	140	139	139	139	139	139	139	139	139	139	138	138	139	139	139	139	140	139	139	139	140	139	140	139	139	138	139	139	139	139	138	138	139	139	139	138	139	139	139	139	139	139	139	139	139	139	139	139
247	-886399	140	139	140	140	140	140	140	140	139	139	140	140	140	139	139	140	139	139	140	139	139	140	140	139	140	140	140	139	140	140	139	139	140	140	139	139	140	140	140	140	140	140	140	140	139	139	139	139	140	139	140	140	140	139	140	139	140	140	140	139	139	139	140	139	140	140	140	139	140	140	140	139	140	140	140	140	140	140	139	140	139	140	140	139	139	140	139	140	139	140	140	140	140	140	140	139	139	139	139	139	140	140	140	139	139	139	140	139	139	139	139	140	139	140	140	140	139	139	140	139	140	140	139	139	139	140	139	139
248	-885907	140	140	140	140	139	140	140	140	140	139	140	140	140	140	140	140	140	140	141	140	141	140	140	140	140	140	140	140	140	141	141	141	141	141	141	140	140	141	140	140	140	140	140	140	141	140	140	141	140	141	140	140	140	140	141	140	140	140	140	140	140	140	139	140	140	140	139	140	140	140	140	140	140	140	140	140	141	140	140	140	141	140	140	140	139	141	140	140	140	140	140	140	141	140	140	141	140	140	141	140	141	141	141	140	140	141	141	140	140	140	140	141	141	140	139	140	140	140	141	140	140	141	141	141	140	140	140	140
249	-885415	141	141	140	140	141	140	140	141	141	140	140	140	141	140	140	141	141	141	141	141	141	141	140	140	140	141	140	140	140	140	140	140	141	140	140	140	140	140	140	140	141	140	141	141	141	141	141	142	141	141	140	141	141	139	140	140	140	141	140	141	140	140	141	141	141	141	141	140	141	141	140	140	140	141	141	140	140	140	140	141	140	140	140	141	139	140	140	141	141	141	141	141	141	140	141	141	141	141	141	141	141	141	141	140	141	141	141	141	141	141	141	141	141	141	141	142	141	142	141	141	141	141	141	141	141	141	141	141
250	-884923	141	140	140	141	141	141	142	141	141	141	142	141	141	141	142	141	141	142	141	142	142	141	142	141	142	141	142	142	141	141	142	142	141	141	141	141	141	140	141	140	141	141	141	141	141	141	141	140	140	140	141	141	140	141	140	141	141	141	141	141	141	141	140	141	140	141	141	141	141	141	142	141	141	140	141	141	141	142	141	141	141	141	142	141	141	142	141	142	141	142	141	142	142	141	142	142	142	141	141	141	141	141	142	142	142	142	142	141	141	142	141	142	141	142	142	142	142	141	142	141	142	142	142	141	142	141	141	142
251	-884430	141	141	142	141	141	141	142	141	141	141	141	141	141	141	141	141	142	142	142	142	141	141	142	141	142	141	142	142	142	141	141	141	141	142	141	142	142	141	142	142	141	142	142	142	142	142	142	142	142	142	142	142	142	142	142	142	142	142	142	143	142	142	142	143	142	143	142	142	142	142	142	142	142	142	142	142	142	142	142	142	142	142	142	142	142	142	142	141	142	142	142	142	142	142	142	142	141	141	142	142	142	142	142	142	142	143	142	142	141	142	142	142	141	142	142	142	143	142	142	142	141	142	142	142	142	142	142	142
252	-883938	142	142	142	142	142	142	141	142	141	142	142	142	142	142	143	142	142	142	142	142	142	142	142	142	143	143	143	143	143	142	143	142	142	143	143	142	143	142	142	143	142	143	142	143	143	142	142	142	142	142	142	142	142	142	142	142	142	142	142	142	142	143	142	142	142	142	143	142	142	142	142	142	142	142	142	142	142	143	142	143	142	142	142	142	143	142	142	142	142	142	142	142	142	142	142	142	143	142	142	142	142	142	143	143	142	142	142	142	142	143	142	142	142	142	142	142	142	142	142	142	143	142	142	142	142	142	142	142
253	-883446	143	142	143	142	142	142	142	143	143	143	143	142	142	142	142	143	142	142	142	143	143	142	143	143	143	143	143	143	143	143	143	143	143	142	142	143	142	142	142	142	143	143	142	143	143	143	143	143	142	142	142	142	142	143	142	142	142	142	142	142	143	142	143	142	142	143	143	143	143	143	143	143	143	142	143	142	142	142	142	142	142	142	142	142	143	143	143	143	142	143	143	142	143	143	142	143	143	143	143	143	143	143	143	143	143	142	143	142	143	143	143	143	143	142	143	143	142	143	143	143	143	143	143	143	143	142	143	142
254	-882953	143	143	143	143	144	143	144	143	143	143	143	143	144	143	143	143	144	143	144	143	144	143	143	144	143	143	143	143	143	143	143	143	143	143	144	143	143	143	143	144	143	142	143	143	143	143	143	143	143	143	143	143	143	143	142	143	143	143	143	143	143	143	143	143	143	144	143	143	143	143	143	143	143	143	143	143	143	143	143	143	144	144	144	144	143	143	143	143	144	144	143	143	143	143	144	143	143	143	143	143	143	143	143	142	143	143	143	143	144	143	143	143	143	143	144	143	142	143	143	142	143	142	143	143	143	143	142	142
255	-882461	143	143	143	144	143	143	143	143	144	144	143	143	143	144	143	144	144	143	143	143	144	143	144	144	143	143	143	144	144	143	143	143	143	143	144	144	144	143	143	144	144	143	144	144	144	144	144	144	144	144	144	143	144	144	144	144	144	144	143	144	144	144	144	144	144	144	144	144	144	144	144	143	144	143	143	143	143	143	144	143	143	143	143	143	143	143	143	143	143	143	143	143	143	143	143	143	144	143	143	143	143	144	143	143	143	143	143	144	144	143	143	144	143	144	143	144	144	144	144	143	143	144	143	143	143	143	143	143
256	-881969	144	144	144	144	144	144	144	144	145	144	144	144	145	144	145	144	144	143	144	144	144	144	144	144	144	145	144	144	144	144	144	144	144	145	144	144	144	144	144	144	144	144	144	144	144	144	144	144	144	144	144	145	144	144	144	144	144	144	144	145	144	144	144	143	144	144	144	144	144	144	144	144	144	144	144	144	143	144	144	144	144	144	144	144	144	144	143	143	143	143	144	143	144	144	144	143	144	145	144	144	145	144	144	144	145	144	144	145	144	144	144	145	145	144	144	144	145	144	145	145	144	144	144	145	144	144	144	144
257	-881476	145	144	144	144	144	144	144	144	144	144	144	145	144	144	144	144	144	145	145	145	145	144	145	144	144	145	144	144	145	144	145	145	144	144	144	144	144	145	144	144	144	144	144	145	144	145	144	144	145	144	144	144	144	145	144	145	144	144	145	144	144	144	145	144	144	144	144	144	144	144	144	144	144	144	144	144	143	145	144	145	144	143	144	143	144	144	144	144	143	144	143	144	144	144	145	144	145	144	145	145	145	145	145	145	145	144	145	145	145	145	144	145	144	145	144	144	144	144	144	144	145	145	144	145	145	145	145	145
258	-880984	144	145	145	145	145	145	146	145	145	146	145	146	145	145	145	145	145	145	145	145	144	144	144	145	145	145	145	144	144	144	145	145	145	145	145	145	145	145	145	144	145	144	144	145	144	145	144	144	145	144	145	144	145	145	144	145	145	146	145	145	145	145	145	145	145	145	144	145	145	145	145	145	146	145	145	145	144	145	145	145	144	145	145	145	146	145	145	146	145	145	145	145	145	145	145	145	145	144	144	144	145	145	145	145	145	145	145	145	145	145	145	145	145	145	146	145	145	145	146	144	145	145	145	145	145	145	145	145
259	-880492	145	145	145	145	146	145	146	145	145	145	145	145	145	146	145	146	145	145	146	146	146	145	145	145	145	145	145	146	146	147	146	146	146	146	146	146	146	146	146	146	146	146	146	146	146	145	145	146	145	145	145	145	145	146	145	145	146	145	146	146	145	146	146	146	145	145	145	144	145	144	145	145	145	145	145	145	145	145	145	145	145	145	145	145	145	146	147	145	146	146	146	145	145	145	145	146	145	146	145	146	145	146	146	146	146	145	146	146	146	146	145	147	146	145	146	145	146	146	145	146	145	146	145	146	145	146	146	146
260	-879999	146	146	146	147	146	146	146	146	147	146	146	146	146	147	146	146	146	147	148	146	146	146	146	147	146	146	146	146	146	146	146	146	146	146	146	147	147	146	146	147	146	146	146	146	146	146	146	146	146	146	146	146	146	146	147	145	146	147	146	147	146	146	147	146	146	146	146	146	145	145	146	146	145	146	145	146	146	147	146	146	146	146	146	146	146	145	146	146	146	146	145	147	146	146	146	145	146	146	145	146	146	146	146	146	146	146	146	146	146	146	146	147	145	146	146	146	146	145	147	146	146	146	146	146	145	146	145	146
261	-879507	146	145	146	146	147	147	146	147	147	146	147	146	147	147	146	147	146	147	147	147	146	146	147	146	147	147	146	145	146	147	146	147	147	147	146	147	146	146	147	147	147	147	146	147	146	146	146	146	146	147	146	147	146	146	147	146	146	147	147	146	146	146	146	146	146	146	146	146	146	146	146	147	147	146	146	147	146	146	147	147	147	146	146	148	146	146	146	146	146	146	147	146	147	146	146	147	147	147	147	147	146	148	147	147	147	147	147	147	147	147	146	146	146	147	146	147	147	147	146	147	147	146	147	147	147	146	147	147
262	-879015	147	146	147	147	146	147	146	147	146	147	147	147	147	147	147	147	147	147	147	147	147	147	147	147	147	147	147	147	147	147	147	147	147	147	147	148	147	148	147	147	147	147	147	147	146	147	147	147	147	147	146	147	147	147	147	146	147	147	147	146	147	147	147	146	146	147	147	147	147	147	146	147	147	147	147	147	147	147	147	147	147	148	147	147	147	147	148	148	147	148	147	148	148	148	148	147	147	147	147	147	147	147	148	147	148	147	148	148	148	148	148	147	148	147	148	147	147	147	147	147	147	147	147	147	147	147	147	146
263	-878523	148	148	148	147	147	148	147	147	147	147	147	148	148	148	148	148	148	147	148	148	148	148	147	148	148	147	147	147	147	148	147	148	148	147	147	148	147	148	148	147	147	147	149	148	148	148	148	147	148	148	147	148	147	147	147	147	145	147	147	148	147	148	147	147	147	148	148	147	147	148	147	148	147	148	147	148	148	147	147	147	147	148	147	147	148	148	148	148	149	147	148	148	148	148	147	148	148	148	148	148	148	148	148	148	148	148	147	148	148	147	148	147	148	148	147	147	147	147	147	147	148	147	147	147	148	148	147	147
264	-878030	148	148	148	148	148	148	148	148	148	149	148	148	148	148	148	148	148	149	149	148	147	148	148	148	147	148	148	148	148	148	148	148	148	148	147	148	148	148	148	148	148	147	147	147	147	147	148	147	148	147	147	147	147	147	148	147	147	147	147	148	147	147	147	148	148	147	148	147	147	148	148	148	148	148	148	148	148	147	148	148	148	148	148	148	148	148	148	148	148	148	148	147	148	148	148	148	148	148	148	149	148	149	148	148	148	148	149	149	148	148	148	148	149	148	148	149	148	148	148	148	149	148	148	148	147	148	148	148
265	-877538	149	149	148	148	148	148	148	148	149	148	148	148	148	148	148	148	148	149	148	149	149	149	148	148	149	148	148	148	148	148	148	148	148	148	148	148	148	148	149	149	149	148	149	148	149	149	149	149	148	149	148	148	149	149	149	148	148	148	149	149	148	149	148	149	149	149	149	149	149	149	149	149	148	149	148	148	150	148	149	148	148	148	148	149	148	149	148	148	148	148	148	149	148	149	148	149	148	148	148	149	149	148	148	148	149	149	148	149	148	148	149	148	148	148	148	148	148	149	148	148	148	149	149	148	148	148	148	149
266	-877046	148	148	148	149	148	148	149	148	149	149	149	149	149	149	149	149	149	149	149	149	149	148	149	149	149	149	148	149	149	150	149	149	150	149	149	150	149	150	150	149	149	149	149	149	149	149	149	149	149	149	149	149	149	150	149	149	150	149	149	149	149	150	150	150	150	150	150	149	149	149	149	149	149	148	149	149	149	149	149	149	149	149	149	149	149	149	149	149	149	149	149	148	149	149	149	148	148	148	149	148	148	148	149	148	148	149	149	150	149	150	150	149	149	149	149	149	149	149	149	149	149	149	149	149	149	150	149	149
267	-876553	150	150	150	150	149	149	150	150	150	150	150	150	150	150	150	150	149	150	150	150	150	150	150	150	151	150	150	150	150	150	150	150	150	149	150	150	149	150	150	150	150	150	150	150	149	150	150	149	150	149	149	149	149	150	149	150	148	149	149	149	149	149	149	149	149	149	149	149	149	150	149	149	150	149	150	150	149	150	149	150	150	150	149	149	150	150	150	149	150	150	149	150	149	149	150	149	150	149	149	150	150	149	149	149	149	150	150	149	149	149	149	149	149	149	150	149	150	150	150	150	150	150	149	150	149	150	150	150
268	-876061	150	150	149	149	150	150	150	150	150	150	150	150	150	150	150	150	150	150	150	150	150	150	150	150	150	149	150	150	150	150	150	149	150	150	150	150	150	150	149	150	150	149	150	149	149	150	150	151	150	150	149	150	150	150	150	149	150	150	150	149	149	150	149	150	150	149	150	150	150	150	150	150	150	150	150	150	151	150	150	151	150	150	150	150	151	151	151	151	151	151	150	150	151	150	150	149	150	150	151	151	150	150	151	151	151	151	151	151	150	150	150	151	150	150	150	150	151	150	150	150	151	150	151	151	151	151	150	150
269	-875569	150	150	150	150	150	150	150	150	150	150	149	150	150	151	150	150	150	150	150	150	150	150	150	150	151	150	151	150	150	150	151	150	151	150	150	150	151	151	151	150	151	151	150	150	151	151	151	151	151	150	151	151	151	150	150	150	151	150	150	150	150	151	151	151	151	151	151	151	151	151	152	151	151	151	150	151	150	151	150	151	151	151	151	150	151	151	150	150	151	150	151	151	150	151	150	151	151	150	151	150	150	150	150	150	150	151	151	150	150	151	150	151	150	150	150	151	150	150	150	150	150	151	151	150	150	150	150	150
270	-875076	151	152	152	152	151	152	152	151	151	151	151	151	151	151	151	151	151	151	151	150	151	151	151	151	151	150	151	150	151	151	151	151	150	151	151	151	151	151	151	151	150	151	150	151	151	151	151	151	151	151	151	151	152	151	151	151	151	151	151	150	151	151	152	151	150	151	150	151	151	150	151	150	151	150	151	151	151	151	151	151	152	150	151	151	151	151	151	151	151	151	151	150	151	151	150	151	151	150	151	150	150	151	151	150	151	151	150	151	150	151	151	150	151	150	150	151	151	150	150	151	151	150	151	151	151	151	151	151
271	-874584	152	152	151	152	151	152	152	151	151	152	152	152	152	151	151	152	152	151	151	151	151	151	151	151	151	151	151	151	152	151	151	151	151	151	151	151	152	151	151	151	151	152	151	151	151	152	151	151	152	152	152	152	152	152	152	152	152	153	152	152	152	152	152	152	151	152	151	152	151	151	151	151	152	152	152	152	151	152	152	151	151	152	151	151	151	152	151	151	151	151	151	151	151	151	152	151	151	151	151	152	151	151	151	152	151	151	151	152	151	152	151	151	151	151	151	151	152	151	151	151	151	152	152	151	151	151	151	152
272	-874092	153	152	152	152	152	153	152	152	152	152	152	152	152	152	152	152	152	152	153	151	152	151	152	152	152	152	152	152	152	151	152	152	152	152	152	152	152	152	151	152	152	151	152	151	152	152	152	152	151	152	152	152	152	151	152	152	152	152	152	152	152	151	152	151	152	152	152	152	151	152	152	152	152	151	151	152	152	152	152	152	151	152	152	152	152	151	152	151	152	151	152	152	151	152	152	151	151	152	152	151	152	152	152	152	152	152	152	152	152	152	152	152	152	152	152	153	152	152	152	152	152	152	152	153	152	152	152	152
273	-873599	153	152	152	152	153	153	152	153	152	152	152	153	153	152	152	153	152	153	153	152	153	153	153	153	152	153	153	153	152	153	152	152	153	152	152	152	152	152	152	152	152	152	152	152	152	152	153	152	152	153	152	152	152	152	152	152	152	152	152	152	152	152	152	153	152	152	152	152	152	152	152	152	152	152	153	152	152	152	152	152	153	152	152	153	152	152	152	152	152	153	152	152	153	153	153	153	152	153	152	152	152	152	152	152	152	152	152	153	152	152	152	152	152	152	152	152	152	152	152	152	152	152	152	152	152	152	152	152
274	-873107	153	152	153	152	152	152	153	152	152	152	153	152	153	152	152	153	152	152	152	152	152	152	153	153	153	153	153	153	153	154	153	154	154	153	152	153	154	153	152	153	153	153	153	153	153	153	153	153	153	152	153	153	153	152	152	153	153	153	153	153	153	153	153	153	152	153	152	153	152	152	152	153	152	152	152	153	153	153	153	153	153	153	153	153	153	153	154	152	154	154	153	154	153	153	154	153	153	153	153	154	153	153	153	154	153	153	153	153	154	153	153	153	152	153	152	153	153	152	153	153	153	153	153	153	152	152	152	153
275	-872615	153	154	153	153	153	154	154	153	154	153	153	154	153	154	153	153	153	153	153	153	153	154	153	153	153	153	153	153	153	153	153	153	153	153	153	153	153	153	154	153	153	153	153	154	153	153	153	153	154	153	154	153	154	153	153	154	153	154	154	153	154	153	154	154	154	154	154	154	153	154	153	153	154	154	154	154	153	154	154	153	154	154	154	154	154	154	153	153	154	153	153	153	153	154	153	154	154	154	154	154	154	154	153	154	153	154	153	153	154	154	153	154	153	154	152	153	153	153	153	153	153	154	154	153	154	153	154	154
276	-872123	155	154	154	154	154	154	154	154	154	154	154	154	154	154	154	154	154	154	154	154	155	154	154	154	154	154	154	153	154	153	154	154	154	154	153	153	154	154	154	154	154	153	154	153	153	154	154	153	153	154	154	154	154	153	154	154	154	155	154	155	154	154	155	154	154	154	154	155	154	155	154	154	154	154	154	154	154	155	154	155	154	154	154	154	155	154	154	154	153	155	154	154	154	154	154	155	154	154	155	154	154	154	154	155	154	154	154	154	155	155	154	154	153	154	153	154	154	154	154	153	153	153	153	154	153	153	153	153
277	-871630	155	154	154	154	154	154	154	155	154	154	155	154	155	154	155	155	154	155	154	154	154	154	154	154	154	154	154	154	154	154	155	155	154	155	155	154	155	155	155	154	155	154	154	154	154	154	154	154	154	153	154	155	154	154	155	154	154	154	154	155	155	155	155	155	155	155	155	155	155	155	155	154	155	154	155	155	155	155	155	155	155	155	155	155	155	155	155	155	155	155	154	155	155	154	154	154	154	154	154	154	154	154	154	155	154	155	154	154	155	154	154	154	153	154	153	154	154	154	154	153	154	154	155	154	154	154	154	154
278	-871138	154	155	155	155	155	155	155	155	155	155	155	155	155	155	155	155	155	155	155	155	155	156	155	155	155	155	155	156	155	155	155	155	156	155	156	155	155	156	155	155	154	155	155	155	155	156	156	155	155	155	155	155	155	155	155	155	155	155	155	155	155	155	155	155	155	155	155	154	155	155	155	155	155	155	154	155	155	155	155	155	155	154	155	155	155	155	155	155	155	154	155	155	155	155	155	155	155	155	155	155	155	155	154	155	155	155	155	155	155	155	154	154	154	155	155	155	155	155	155	155	154	154	155	155	154	154	154	155
279	-870646	155	155	155	156	155	155	155	155	155	155	156	155	156	155	155	155	156	155	156	155	155	156	155	155	155	155	155	155	156	155	155	156	155	155	154	156	155	155	155	156	155	155	155	155	155	155	155	156	154	156	155	155	155	155	156	156	155	156	155	155	155	155	155	155	156	156	155	155	155	156	156	156	156	155	156	155	155	155	155	155	156	156	155	156	155	155	156	156	155	155	156	156	155	155	155	155	155	156	156	155	155	156	155	156	156	155	156	155	156	155	155	156	155	156	156	156	155	156	156	155	155	155	156	155	156	155	155	155
280	-870153	156	156	156	156	156	155	156	156	155	156	156	155	156	155	155	155	155	156	156	156	156	156	156	156	156	155	155	156	156	155	155	155	155	155	155	155	155	155	155	154	155	155	155	156	156	156	156	156	156	156	156	156	155	156	156	156	156	156	156	156	157	156	157	156	156	157	156	157	156	157	156	156	157	156	156	157	156	156	156	157	157	156	156	156	156	156	157	156	156	157	156	156	156	156	156	156	156	156	156	156	156	156	156	156	156	156	156	156	156	156	156	156	156	157	156	156	155	156	156	157	156	156	156	156	156	156	156	156
281	-869661	157	157	157	157	157	156	157	156	156	156	156	156	156	158	155	156	156	156	156	156	157	157	156	156	156	157	157	157	156	156	156	156	155	156	156	156	156	156	155	156	156	157	156	156	157	157	157	156	156	157	157	155	156	156	157	157	156	156	157	157	157	157	157	156	156	156	156	156	156	157	157	156	156	156	157	157	157	156	156	157	157	156	157	157	156	156	157	156	156	155	156	156	156	156	156	157	157	156	156	157	156	157	156	156	156	156	156	156	156	156	156	156	156	156	156	156	157	156	157	156	156	156	157	157	157	157	157	156
282	-869169	157	156	156	157	156	156	157	157	157	157	156	156	156	157	158	157	156	156	157	157	157	157	156	156	157	157	157	156	156	157	157	157	157	157	158	156	157	156	157	157	157	157	157	157	157	156	157	156	156	157	157	157	157	157	157	157	157	157	157	157	157	157	157	157	156	157	157	157	157	157	157	156	156	157	157	157	157	157	157	156	157	157	157	157	157	157	157	157	157	157	157	157	158	156	156	157	157	158	157	157	157	158	156	157	157	157	157	157	157	157	158	157	157	157	157	157	156	157	157	157	157	157	157	157	157	157	157	157
283	-868676	157	157	158	157	157	157	157	157	157	157	157	158	157	157	157	156	157	157	156	158	158	158	157	157	157	158	157	157	157	157	157	157	157	158	157	157	157	157	158	157	157	158	157	158	157	158	158	157	158	158	157	158	157	158	157	157	157	157	157	156	157	156	157	157	156	157	156	156	157	156	157	157	157	157	157	157	157	157	156	157	157	157	157	157	157	157	157	157	157	157	157	157	157	157	157	157	157	157	157	157	157	157	157	157	157	157	156	157	157	157	157	157	157	157	157	157	157	157	157	157	157	156	157	157	157	156	157	157
284	-868184	158	157	157	157	157	158	157	157	157	157	158	157	157	158	158	159	159	158	158	158	158	158	158	158	158	158	159	158	158	158	158	158	158	158	157	158	158	158	158	158	158	159	157	158	158	158	158	157	158	158	158	158	157	158	157	157	158	158	158	157	157	158	157	158	157	157	158	158	158	158	157	157	158	157	157	157	157	157	157	157	157	157	158	157	157	157	158	158	158	158	158	156	158	157	158	158	158	158	158	158	158	157	158	157	158	158	157	158	158	158	158	158	158	158	158	158	157	158	157	158	158	158	158	158	158	158	158	158
285	-867692	158	158	157	158	158	158	158	158	158	158	158	158	158	158	158	158	158	157	158	157	157	158	158	158	158	158	158	158	159	159	158	159	158	158	158	158	158	159	158	157	159	158	159	158	158	159	158	158	158	159	159	159	158	158	158	158	158	159	159	158	158	158	158	158	158	158	158	158	158	158	158	159	158	158	159	159	159	159	159	158	158	159	159	158	158	158	158	158	158	158	158	159	158	158	159	158	158	158	158	159	158	158	158	158	158	158	158	158	159	158	158	158	159	159	159	158	158	158	158	158	158	158	158	158	158	158	158	158
286	-867199	159	158	159	159	158	159	159	160	159	158	159	159	159	159	159	159	159	158	159	159	159	159	159	158	159	159	159	159	159	159	159	159	158	159	159	159	159	159	159	159	159	159	159	159	159	159	159	159	159	158	159	159	158	159	159	160	159	159	159	159	159	159	158	159	160	160	159	159	159	159	159	159	159	159	159	159	159	158	160	159	159	159	159	160	159	159	160	159	159	159	158	159	159	158	159	158	158	158	158	158	159	159	159	159	159	158	159	159	159	159	158	158	159	159	159	159	158	159	158	158	158	158	159	159	159	159	159	160
287	-866707	159	159	159	160	160	159	159	160	160	159	159	159	158	159	159	159	159	159	159	159	159	160	159	159	159	159	159	159	160	159	160	160	159	160	159	159	159	159	159	159	159	159	160	159	160	159	159	160	159	158	158	158	159	159	159	159	159	159	159	159	159	159	159	159	159	159	159	159	159	159	159	159	160	159	159	159	159	160	160	159	160	160	159	160	159	160	159	159	160	160	160	160	160	160	160	160	160	159	160	159	160	160	159	160	159	160	160	159	160	159	160	160	159	159	160	159	160	160	160	160	159	159	159	159	159	160	159	160
288	-866215	160	160	160	160	160	160	160	160	160	160	160	160	160	159	160	160	160	159	160	159	160	160	160	160	160	160	160	161	160	160	160	160	160	160	160	160	160	160	160	160	160	160	160	160	160	161	160	161	161	160	160	160	160	160	160	160	160	159	160	160	160	160	160	160	159	160	160	160	160	160	160	159	160	160	160	160	159	160	160	160	160	160	160	159	160	160	160	160	160	160	160	160	160	159	160	160	160	160	160	160	159	160	160	160	160	160	161	160	160	160	160	160	160	161	161	160	161	160	159	160	159	160	160	160	160	160	159	160
289	-865723	160	160	160	160	160	160	160	160	159	160	160	160	160	160	160	160	160	160	160	160	160	160	160	161	160	160	160	160	160	161	160	160	161	161	160	160	160	160	160	160	160	160	160	160	160	160	160	160	160	160	160	159	160	160	160	160	161	160	160	161	160	160	161	160	160	160	160	161	160	160	160	160	160	160	160	160	160	161	160	160	160	160	160	160	160	160	160	160	160	160	160	160	160	160	160	160	160	160	160	160	160	160	160	160	159	160	159	160	160	160	160	160	160	161	160	160	161	160	160	160	160	160	160	160	160	160	160	161
290	-865230	160	160	161	161	161	160	160	161	160	160	159	160	160	160	160	160	160	160	159	160	160	161	160	160	160	160	161	161	161	161	161	160	161	161	161	161	160	160	161	161	160	160	160	162	161	161	161	161	161	161	161	161	161	161	161	161	161	161	160	161	162	161	161	161	161	161	161	161	161	161	161	160	161	161	161	160	161	161	161	161	161	161	161	160	161	161	161	161	161	161	161	161	161	161	160	161	161	161	161	160	161	161	160	161	161	161	161	161	161	161	162	161	161	161	162	162	161	161	161	160	161	161	161	161	161	162	162	161
291	-864738	161	161	161	161	161	161	161	161	161	161	162	161	161	161	162	161	161	161	161	161	161	161	161	161	161	162	161	161	161	161	162	161	161	161	161	161	162	161	161	162	161	161	161	161	162	160	161	161	161	161	161	161	161	161	161	161	162	161	161	161	161	161	160	161	161	161	162	162	161	162	162	162	161	161	162	161	162	161	162	162	162	161	161	161	162	162	161	161	162	162	162	161	162	161	162	162	162	161	161	162	161	162	162	161	162	161	161	162	161	162	161	161	161	161	161	161	161	162	161	161	161	161	161	162	161	161	161	161
292	-864246	162	162	162	161	161	161	162	161	161	161	161	162	162	162	161	161	162	161	162	162	162	162	161	162	162	161	162	162	161	161	162	161	162	161	161	162	161	161	162	162	161	161	162	162	162	162	161	162	161	162	162	161	162	162	161	162	162	162	162	162	162	161	161	161	162	162	161	161	161	162	161	162	162	162	161	161	161	161	162	161	161	161	161	162	161	161	161	161	161	161	161	161	161	161	161	161	161	161	161	161	161	161	161	161	161	161	162	161	162	161	161	162	162	161	161	162	161	162	162	161	162	161	162	162	161	162	162	161
293	-863753	162	162	162	162	162	162	163	162	162	162	163	163	162	163	163	162	162	163	162	162	162	162	162	163	162	162	162	162	163	162	162	162	162	162	162	162	162	162	162	162	162	162	162	162	162	162	162	162	162	162	162	162	163	162	161	162	162	162	162	162	163	161	162	162	161	162	162	162	162	163	163	163	163	163	163	163	162	163	163	163	163	163	163	163	163	163	163	163	162	163	163	163	162	162	163	163	163	163	163	163	163	162	162	163	162	162	163	162	162	162	162	162	162	162	162	162	162	162	162	162	162	163	162	162	162	162	162	162
294	-863261	162	163	163	163	163	162	163	163	163	163	162	163	163	162	162	162	163	162	163	163	162	163	163	163	163	162	162	163	163	163	163	162	162	163	163	163	163	163	163	163	163	163	163	163	163	162	163	163	162	163	163	162	163	163	163	162	163	163	163	163	163	163	163	163	163	163	163	163	163	163	163	162	163	163	163	162	162	162	162	163	162	163	161	163	163	163	163	163	163	162	162	163	162	163	163	162	162	163	163	162	162	162	163	163	163	163	163	163	163	163	163	163	163	163	163	163	163	163	163	163	162	163	162	162	163	162	162	163
295	-862769	164	163	163	162	162	163	163	163	163	163	163	163	163	163	163	163	163	163	162	163	163	163	162	163	163	163	163	164	163	163	162	163	163	163	164	163	164	163	163	163	163	165	163	164	163	163	164	164	164	164	163	164	164	164	163	163	163	163	164	163	163	163	162	163	162	163	162	163	163	163	163	163	163	163	163	163	163	163	163	161	163	163	163	162	163	164	163	163	163	163	163	163	163	163	163	164	163	163	163	164	163	163	163	163	163	163	164	163	163	163	163	163	163	163	163	163	163	164	163	164	163	163	163	163	163	163	163	163
296	-862276	164	164	164	164	164	163	164	164	164	164	164	164	163	163	163	164	164	164	164	164	163	164	164	163	163	164	163	164	163	164	164	164	164	164	163	163	164	164	164	164	164	163	163	164	164	164	164	164	164	164	164	164	164	163	164	164	164	163	164	164	163	164	164	164	164	164	163	164	164	164	163	164	163	163	164	163	164	163	163	163	163	164	164	163	163	164	163	164	163	164	164	163	164	163	164	164	164	164	163	164	164	164	164	163	164	164	164	164	164	163	164	164	164	164	164	164	164	164	163	164	164	164	164	164	164	164	165	164
297	-861784	165	164	165	164	164	165	164	165	164	164	165	164	165	164	164	165	164	164	164	164	164	164	165	164	164	164	164	164	165	164	164	164	164	164	165	165	164	164	164	164	164	164	164	164	165	164	164	165	164	165	164	164	165	164	165	164	164	164	164	164	164	164	165	163	164	163	164	164	164	165	164	163	164	165	165	164	164	165	164	164	164	165	164	164	164	164	164	165	164	164	164	164	165	164	165	165	164	164	166	164	164	164	164	165	165	164	164	164	164	164	164	164	164	165	164	164	164	164	165	164	164	164	164	164	164	164	164	164
298	-861292	164	165	165	165	165	165	165	165	165	164	165	164	164	164	164	164	165	165	164	165	165	165	164	165	165	165	164	164	165	165	165	165	165	165	165	165	164	164	164	165	165	165	164	165	165	164	165	165	164	164	165	164	164	165	164	164	165	164	164	165	164	165	164	164	164	164	164	164	164	164	164	164	164	164	164	165	165	164	165	165	164	165	165	165	164	165	165	165	165	165	164	165	165	164	165	165	164	165	165	165	165	165	164	165	164	165	164	165	165	164	164	164	164	165	164	165	165	164	164	165	165	165	165	164	164	165	164	165
299	-860799	165	165	164	166	165	164	165	165	165	165	165	165	165	165	165	164	165	164	165	164	165	165	164	164	164	164	164	164	164	165	165	164	165	165	165	164	164	165	165	165	164	165	165	165	165	165	165	165	164	165	166	165	166	166	165	166	165	166	165	165	166	165	166	166	165	166	166	166	166	166	166	165	165	166	166	165	165	166	166	166	165	166	166	165	165	165	166	165	165	165	165	166	166	165	166	165	165	166	166	166	165	166	165	165	165	165	166	165	166	165	165	165	164	165	165	165	165	165	165	165	165	165	165	165	164	165	165	165
300	-860307	165	165	166	165	166	165	166	166	165	166	166	166	166	165	166	165	166	166	165	166	165	166	165	165	166	166	166	166	166	166	165	166	165	165	165	165	166	165	166	165	165	165	165	166	166	165	166	166	166	166	166	165	165	166	166	166	165	165	166	165	165	165	165	165	166	165	165	165	165	166	166	166	166	165	166	166	166	166	165	166	166	165	165	165	165	165	165	165	165	166	166	166	166	166	166	166	166	166	165	166	166	165	166	165	165	166	166	166	166	165	166	165	166	166	166	166	165	166	166	166	167	166	166	166	166	166	166	166
301	-859815	167	166	166	167	166	167	166	167	166	166	166	166	167	166	166	167	167	167	166	166	166	167	167	166	167	167	167	166	166	167	166	167	166	166	167	167	166	167	166	167	166	166	166	166	166	166	166	166	166	166	166	166	167	166	167	167	165	167	167	167	167	167	166	167	166	166	166	166	165	166	166	166	167	166	166	166	167	166	166	167	166	166	166	166	167	167	166	166	166	166	167	166	166	167	167	167	167	167	167	166	166	166	166	166	166	166	167	166	167	166	166	166	166	167	166	168	166	167	166	167	167	166	166	166	166	166	166	166
302	-859323	167	167	168	167	167	167	167	167	167	166	167	167	167	167	166	167	167	167	166	167	167	166	167	167	167	167	166	167	167	167	167	167	167	167	168	167	167	168	167	167	167	167	167	166	167	166	166	167	167	167	166	167	166	167	166	167	167	166	167	166	166	166	166	166	166	166	165	166	166	166	166	166	166	166	166	166	167	167	166	166	166	166	166	166	166	165	166	166	167	167	166	167	167	167	167	166	167	166	167	166	167	167	167	167	167	166	167	167	167	167	166	166	166	166	167	167	166	166	167	166	166	166	167	166	166	166	166	166
303	-858830	168	167	167	167	167	167	167	167	167	168	167	167	167	167	167	167	167	167	167	168	167	167	167	167	167	167	167	167	167	167	168	167	167	167	167	167	167	167	167	167	168	167	168	167	167	167	167	168	167	167	167	167	167	167	167	167	167	167	168	167	167	168	167	168	167	167	168	168	168	167	167	167	167	167	167	167	167	167	168	167	167	167	168	168	167	168	167	168	168	167	168	168	168	168	168	168	167	168	167	167	168	168	167	168	167	168	167	168	168	168	168	168	168	168	168	168	168	168	167	168	168	168	167	167	167	167	166	167
304	-858338	168	168	167	168	168	168	167	168	167	167	168	168	168	167	167	167	168	167	167	168	168	168	167	168	168	168	168	167	168	168	168	168	168	169	167	167	167	167	168	167	166	167	168	168	167	168	167	167	168	167	167	167	168	168	167	167	167	167	167	167	168	167	168	167	167	168	167	168	167	167	168	168	168	167	167	167	167	167	168	168	167	168	168	168	168	168	168	168	168	168	168	167	167	168	167	167	167	167	168	167	167	167	167	167	167	167	167	167	168	167	168	167	167	168	167	167	167	167	167	167	167	167	167	167	167	167	167	168
305	-857846	167	168	168	168	168	167	168	167	167	168	168	168	168	168	168	168	167	168	168	168	167	168	168	168	168	168	168	168	169	168	168	168	168	169	167	168	168	168	168	167	168	168	168	168	167	168	168	169	168	168	169	169	168	169	168	169	168	169	168	168	168	168	168	168	169	168	168	167	168	168	168	168	168	168	168	168	168	169	168	168	168	168	168	168	168	168	168	168	168	168	168	168	168	168	168	168	168	168	168	168	168	168	168	168	169	168	168	168	168	168	168	168	168	168	168	168	168	168	168	168	169	168	169	168	168	168	169	169
306	-857353	168	168	168	168	169	168	168	169	168	168	168	168	168	168	168	168	169	168	168	168	168	168	168	168	168	169	168	168	168	169	168	168	168	168	168	169	168	169	169	168	168	169	169	169	168	168	168	168	169	168	169	168	169	169	168	169	168	168	168	169	168	168	168	168	169	169	169	169	169	169	169	169	169	168	169	169	168	169	169	168	169	168	169	168	169	168	168	169	169	169	169	168	169	169	169	169	169	169	168	168	169	168	169	168	168	169	169	168	168	168	169	169	169	169	169	169	169	169	169	169	169	169	169	170	169	169	169	169
307	-856861	169	169	169	168	169	169	169	169	169	169	168	168	168	169	168	169	169	169	168	169	169	169	169	169	169	170	169	170	170	169	170	170	170	170	170	169	170	170	169	170	171	170	170	170	170	170	170	170	170	170	170	170	169	170	170	170	169	170	169	170	169	169	170	169	170	169	169	169	169	170	169	169	170	169	169	169	169	169	169	170	169	169	169	169	170	169	169	169	169	169	169	169	169	169	170	169	170	169	170	170	170	170	169	170	170	169	169	169	170	169	169	170	169	170	169	169	170	170	169	169	169	169	169	170	170	169	169	169
308	-856369	170	170	170	170	169	170	169	170	170	170	170	169	170	170	169	170	169	169	169	169	169	169	169	170	169	170	169	170	170	170	169	170	170	169	170	170	170	169	169	169	169	169	169	169	169	169	169	170	169	170	169	171	169	169	170	169	170	169	170	170	169	170	170	169	170	169	170	170	170	170	170	170	170	170	169	170	170	169	169	169	169	170	170	170	169	169	170	169	170	169	170	169	170	169	169	170	169	169	168	168	170	169	169	169	168	170	169	169	170	170	170	170	170	169	169	169	169	170	169	170	169	169	170	169	170	170	170	171
309	-855876	170	170	170	170	169	169	169	169	170	170	170	170	169	170	170	169	170	170	170	170	170	170	170	169	170	170	170	170	170	170	170	170	170	170	170	170	170	169	170	170	170	170	171	170	170	170	170	170	170	170	171	169	170	170	170	170	170	170	170	170	170	170	170	170	169	170	171	170	170	170	170	170	170	171	170	170	170	170	170	170	170	170	169	170	170	170	170	170	170	170	170	170	170	170	170	170	170	170	170	170	170	169	170	169	170	170	170	170	170	169	171	171	171	170	170	170	171	170	170	170	170	170	170	170	170	170	170	170
310	-855384	170	170	170	170	170	169	170	170	170	170	170	170	171	170	170	170	171	170	171	171	171	171	171	171	171	171	171	170	171	171	171	171	171	171	171	171	171	172	170	170	171	171	171	170	171	171	171	171	170	171	171	171	171	171	171	171	171	170	170	170	170	170	170	170	170	170	170	170	170	170	171	170	170	171	170	170	170	171	169	171	170	170	170	171	169	169	170	170	170	170	170	171	171	171	170	171	170	170	170	171	171	171	170	170	170	170	170	170	170	170	171	171	171	171	171	171	171	171	171	171	171	171	170	170	171	171	171	171
311	-854892	171	172	172	171	172	172	171	171	171	171	171	171	172	171	172	171	171	171	171	172	171	171	171	172	171	171	172	170	171	170	171	171	170	171	171	171	171	171	171	170	171	172	171	171	171	171	171	171	172	171	172	171	171	171	171	172	171	171	172	171	172	172	171	171	171	171	171	172	171	171	171	171	172	171	171	171	170	171	171	171	171	171	171	171	171	171	170	171	170	171	171	171	171	171	171	170	171	171	171	171	170	171	170	171	171	170	170	171	171	171	171	170	171	171	171	171	171	171	171	171	171	170	171	170	171	171	171	171
312	-854399	171	171	172	172	170	171	171	171	171	171	171	171	172	171	171	171	172	171	171	172	172	171	172	172	171	171	171	172	171	171	171	171	171	171	171	171	171	171	171	171	171	172	172	171	171	171	171	171	171	171	171	171	171	171	171	171	172	172	172	172	172	171	172	172	172	171	172	172	171	172	171	171	171	172	172	172	172	172	172	172	172	172	172	172	172	172	172	172	171	172	172	172	172	172	172	172	171	171	171	172	171	172	172	171	172	171	171	170	171	171	171	171	172	171	171	171	171	171	171	171	172	171	171	171	172	172	171	170
313	-853907	172	172	172	172	172	172	172	172	172	172	172	172	172	172	171	172	172	172	172	172	172	172	172	172	171	172	172	172	171	172	172	171	172	171	171	171	172	172	172	172	172	172	172	171	172	172	172	172	172	172	172	171	172	172	172	172	172	172	172	172	172	172	172	172	173	172	172	172	172	172	172	172	172	172	173	171	172	172	173	172	172	172	173	172	172	172	172	172	173	173	172	173	172	172	172	173	172	172	172	172	172	172	172	172	172	172	172	172	172	172	172	172	173	172	172	172	172	172	172	172	172	172	172	172	172	172	172	171
314	-853415	172	172	172	172	173	173	173	172	173	172	172	172	172	173	172	172	172	172	172	172	172	172	172	173	172	172	173	173	173	173	173	172	173	172	173	173	172	173	172	173	173	173	173	173	173	173	173	172	173	172	173	172	172	172	173	173	172	173	172	172	173	173	173	172	172	172	172	172	172	172	172	172	172	172	172	172	172	173	172	172	172	172	173	172	172	172	172	173	172	174	173	173	173	172	173	172	172	173	172	173	172	173	173	173	173	173	173	173	173	173	173	173	173	173	173	173	173	173	173	173	173	173	173	173	173	172	173	173
315	-852923	174	173	172	173	173	173	174	173	174	173	173	174	174	173	174	173	172	173	173	174	173	173	173	173	173	173	173	173	173	173	173	173	174	173	173	174	173	173	173	173	173	173	173	173	173	173	173	174	174	174	173	174	173	173	174	173	173	173	173	172	173	172	172	172	172	173	173	173	173	173	173	173	172	172	173	173	172	173	173	173	173	173	173	172	173	174	173	173	173	173	173	173	173	173	174	173	173	173	173	174	173	174	174	174	173	173	174	173	173	173	173	173	173	172	173	173	173	173	172	173	173	173	174	172	174	173	174	173
316	-852430	173	173	173	173	173	173	173	173	173	173	173	173	173	174	174	173	174	174	173	174	174	174	174	173	173	173	173	174	173	173	174	174	175	174	175	174	175	174	174	174	174	175	174	174	174	174	174	174	174	174	174	174	174	174	174	174	174	173	173	173	174	174	174	174	174	173	174	173	174	174	174	174	173	174	173	173	174	173	174	174	173	173	173	173	173	173	173	173	173	173	174	174	174	173	174	173	174	173	173	173	173	173	173	173	173	174	173	174	173	174	173	174	174	174	175	174	174	174	174	175	174	174	174	174	175	174	174	174
317	-851938	174	174	174	173	174	174	173	174	174	174	173	173	175	174	174	174	174	174	174	174	174	174	174	175	174	174	174	174	175	174	174	174	174	176	174	174	173	174	174	174	174	174	173	174	174	173	174	174	174	174	174	174	174	174	174	174	174	174	174	174	174	173	174	174	174	174	174	174	174	174	174	174	174	174	175	174	174	174	174	173	174	174	174	174	174	174	174	174	174	175	174	174	175	174	174	174	174	174	174	175	174	174	174	174	173	175	174	173	173	173	174	174	174	174	174	174	174	175	174	174	174	174	175	174	174	174	174	175
318	-851446	175	175	175	175	175	175	175	175	175	175	175	175	175	175	175	175	174	175	176	175	175	175	174	175	175	174	175	175	174	175	174	174	174	175	174	175	175	174	175	174	174	174	174	175	174	174	174	174	175	174	174	174	174	174	174	175	175	175	174	175	175	174	175	175	175	175	175	175	175	176	176	175	176	175	175	175	175	175	175	175	175	175	175	175	175	176	175	175	175	175	175	175	175	174	174	175	175	175	175	175	174	175	175	175	175	174	175	175	175	175	174	174	174	174	174	174	174	174	174	174	174	174	174	174	174	174	175	175
319	-850953	175	174	175	175	175	175	174	175	175	176	175	175	175	175	176	176	175	174	175	175	175	175	175	176	176	175	175	175	175	175	175	175	175	175	175	175	175	175	175	175	175	175	176	175	175	175	175	175	175	175	174	175	174	175	174	174	175	175	175	175	175	176	175	175	174	175	175	175	175	174	175	175	175	175	175	175	174	175	175	175	175	175	175	175	175	175	175	175	176	175	175	175	175	175	175	176	175	175	175	175	175	175	175	174	175	175	175	175	175	175	175	174	175	175	176	175	175	175	175	175	175	174	175	175	175	175	175	175
320	-850461	176	176	175	176	175	176	176	175	176	175	176	176	176	176	175	176	176	175	175	175	176	175	175	175	175	176	175	175	176	175	176	176	176	176	176	176	175	175	176	175	175	175	176	176	176	176	175	176	176	176	176	176	176	176	176	176	176	176	176	175	176	176	176	176	175	176	175	176	176	176	176	176	177	176	176	176	176	176	176	175	175	175	176	176	176	175	175	176	176	176	176	175	176	175	176	175	176	175	175	175	175	176	176	175	175	175	175	176	175	175	176	176	175	176	176	176	175	176	176	176	175	176	175	176	175	176	175	176
321	-849969	176	176	176	176	176	175	176	176	176	176	176	176	176	176	176	176	176	176	176	177	176	176	176	176	176	176	176	176	176	176	176	176	176	176	176	176	176	176	176	176	175	176	176	176	177	176	176	176	176	176	176	176	176	176	176	175	176	176	176	176	176	176	176	176	176	176	176	175	176	176	176	176	176	176	176	176	176	176	176	176	176	175	175	176	176	176	176	176	176	176	176	175	176	176	175	176	176	177	176	177	176	176	176	176	177	176	176	176	176	176	176	176	176	176	176	176	176	176	176	177	176	176	176	176	176	177	177	176
322	-849476	176	175	177	176	176	176	176	177	177	177	177	177	177	177	177	177	177	177	176	176	176	176	177	177	177	176	177	176	176	176	176	176	176	176	176	176	176	176	176	176	176	176	176	176	176	176	177	176	176	176	176	176	176	176	176	176	176	176	176	176	176	177	176	177	177	177	177	177	177	176	177	177	177	178	177	177	175	178	177	177	177	177	177	177	177	177	177	177	177	177	177	177	177	177	177	177	177	177	177	177	177	177	177	176	176	176	176	176	176	176	177	176	177	176	177	176	177	177	177	176	176	176	176	177	177	176	176	176
323	-848984	177	177	177	178	177	177	178	177	178	177	178	176	177	177	177	177	177	178	178	178	178	177	177	177	177	177	177	177	177	176	177	176	177	177	177	177	177	177	177	177	177	176	177	177	177	177	178	177	177	177	177	177	177	176	177	177	177	177	176	177	177	178	177	177	177	177	177	177	177	177	178	177	177	177	177	178	177	177	177	178	178	177	177	177	178	177	178	177	177	178	177	177	177	177	177	177	177	177	177	177	177	177	177	177	177	177	177	176	177	177	177	176	177	177	178	177	177	177	177	177	177	177	177	177	177	177	178	178
324	-848492	178	178	178	178	177	178	178	177	178	178	178	178	178	178	178	177	178	178	177	178	178	178	177	178	177	177	178	177	178	178	177	178	177	177	177	177	178	177	177	177	177	178	178	178	178	177	178	177	178	177	178	178	178	178	178	178	178	177	178	178	178	177	178	178	178	178	177	178	178	178	178	178	178	178	178	178	177	178	177	177	177	177	178	177	178	177	177	178	177	178	178	177	178	177	178	178	177	177	177	177	177	177	177	177	177	177	177	177	178	177	177	177	177	178	178	178	178	178	178	178	177	178	178	178	178	177	177	177
325	-847999	179	179	178	178	179	178	178	178	178	178	178	178	179	178	178	179	178	178	178	178	178	178	178	178	178	178	178	179	178	178	179	178	179	178	177	179	177	178	178	178	178	178	178	178	178	178	178	178	178	179	178	177	178	178	178	179	178	178	177	178	178	178	178	177	178	178	178	178	178	178	178	179	179	178	178	178	177	178	178	178	177	178	178	177	177	178	178	178	178	177	178	177	178	178	178	178	179	177	178	178	178	177	178	177	178	177	178	178	177	178	177	177	178	178	178	178	178	178	178	177	178	177	178	177	178	178	177	178
326	-847507	179	179	179	178	179	179	179	179	179	178	178	178	179	178	179	179	178	178	179	178	179	178	179	179	179	179	179	179	179	178	178	178	178	179	179	178	178	179	179	179	178	179	179	179	179	179	179	179	179	178	179	178	179	179	178	179	179	179	179	179	178	179	179	179	179	179	179	178	178	179	179	179	178	179	178	179	179	179	178	178	178	177	179	178	179	179	178	178	178	178	179	178	178	178	178	178	177	179	178	178	178	178	179	178	178	178	178	179	178	178	179	178	178	178	179	178	179	179	179	179	179	179	179	178	179	179	179	179
327	-847015	179	179	179	179	179	179	179	179	179	180	179	179	179	179	179	179	179	179	179	179	179	179	179	178	178	179	179	179	178	178	179	179	179	179	179	179	179	178	179	179	179	178	178	179	179	179	178	178	179	179	178	178	179	179	178	178	178	179	179	179	179	178	179	179	179	179	179	179	178	178	179	179	179	179	179	179	179	179	179	180	179	179	179	179	180	177	179	179	179	179	179	180	179	179	179	179	179	180	179	178	179	179	179	179	179	179	179	179	179	179	179	178	179	179	179	179	178	179	179	178	179	179	178	179	179	179	179	179
328	-846523	180	180	180	180	179	180	180	180	180	180	180	180	180	180	179	179	180	180	179	179	179	179	180	179	179	179	179	180	179	178	179	179	179	179	179	179	179	179	179	179	179	179	179	178	180	178	179	179	178	179	178	179	179	179	179	179	180	179	180	180	179	180	180	180	179	179	180	181	180	180	179	180	180	180	180	180	180	179	180	180	180	180	180	180	180	180	180	180	181	180	180	180	180	180	180	180	180	179	181	180	180	179	179	179	180	180	180	180	179	179	180	179	180	180	180	180	180	179	180	180	180	180	180	180	180	180	180	179
329	-846030	180	179	180	180	180	180	180	180	180	180	180	180	179	180	180	180	180	179	179	180	179	181	181	180	180	180	180	180	180	180	180	181	179	179	179	180	180	180	180	180	180	180	179	180	179	179	180	180	180	180	179	179	179	180	180	180	179	179	180	180	180	180	180	180	181	180	180	180	180	180	180	180	180	179	180	180	180	180	180	180	180	180	181	180	180	180	180	181	180	180	180	181	181	180	181	181	180	181	180	180	181	179	180	180	180	180	180	181	180	180	180	180	181	180	180	180	180	180	180	180	180	180	180	179	180	179	180	180
330	-845538	180	180	180	180	179	179	180	179	181	180	180	180	181	181	181	181	180	180	180	180	181	180	181	180	182	180	180	181	181	181	181	181	181	180	181	181	180	180	181	181	181	181	181	181	181	181	181	181	181	180	180	180	180	181	180	180	180	180	180	180	181	180	181	180	180	181	180	180	179	180	180	180	180	180	180	179	180	180	180	180	180	180	180	180	180	180	180	181	181	181	180	180	180	180	181	181	180	181	181	180	180	181	181	180	181	181	181	181	180	182	181	180	180	181	181	181	181	181	181	180	180	180	180	181	180	180	180	180
331	-845046	181	181	181	181	181	181	181	181	182	181	181	181	181	181	181	180	181	181	181	181	181	181	182	182	181	181	182	181	181	181	181	181	181	181	181	181	181	181	181	181	181	181	182	182	182	181	181	181	181	181	181	182	181	181	182	181	181	181	181	181	181	181	181	181	181	181	181	181	181	181	181	181	181	181	181	181	181	181	181	180	181	181	181	181	181	181	181	181	181	181	181	181	182	181	181	181	182	181	181	181	182	181	181	181	181	181	181	181	181	181	181	181	181	181	181	181	181	180	181	181	181	181	181	181	181	181	180	181
332	-844553	181	181	181	179	181	181	182	181	181	181	181	182	182	182	181	181	182	182	181	181	181	181	181	181	181	182	182	182	182	182	182	182	182	182	182	182	182	182	182	182	182	182	182	182	182	182	182	182	182	181	182	182	182	182	182	182	182	182	181	182	181	182	182	182	181	181	181	182	181	181	181	181	181	181	181	181	181	181	181	182	181	181	181	181	181	181	182	182	181	182	181	181	181	181	181	181	181	181	180	181	181	181	181	181	183	182	182	181	182	182	182	182	181	181	182	182	181	182	181	181	182	182	182	181	182	182	182	181
333	-844061	182	182	181	182	182	182	181	182	182	182	181	182	181	182	181	182	182	182	182	182	182	182	182	183	182	182	182	182	182	182	183	182	182	182	182	183	182	183	182	183	183	182	182	182	182	182	182	182	181	182	182	182	182	181	181	182	181	182	181	181	182	181	182	182	182	182	182	182	182	181	182	182	182	182	182	182	182	182	182	181	182	182	181	182	182	183	182	182	183	182	183	182	183	182	183	183	182	182	183	182	182	182	182	182	182	182	182	182	183	182	182	182	182	182	182	182	183	182	182	183	183	183	182	182	182	182	183	182
334	-843569	183	182	183	182	182	183	183	183	183	183	183	183	183	182	183	183	182	182	182	183	183	183	183	183	183	183	183	183	182	183	183	182	182	182	182	182	182	181	182	183	182	183	182	182	182	182	182	182	183	182	182	182	182	182	182	183	182	182	182	182	182	182	182	182	182	182	182	182	183	182	183	183	183	183	182	183	183	183	183	183	183	183	183	183	182	182	182	183	183	183	183	182	182	182	183	183	182	182	183	183	182	182	183	183	182	183	183	182	182	182	183	183	182	182	183	183	183	183	183	183	183	183	183	183	182	184	183	183
335	-843076	183	183	183	183	183	183	183	182	183	183	182	183	183	183	183	183	182	183	182	183	182	183	182	182	183	183	183	183	183	183	182	183	183	183	184	182	183	183	183	183	183	183	183	184	183	183	183	183	183	183	183	183	183	183	183	183	183	183	184	183	183	183	183	183	183	183	183	183	183	183	184	183	183	184	183	184	183	184	183	183	183	183	183	183	183	183	183	184	183	183	183	183	183	183	183	184	183	183	183	184	183	183	183	184	183	183	183	183	183	183	183	183	183	183	183	183	183	184	183	183	183	184	183	183	183	183	183	184
336	-842584	184	184	183	184	184	184	184	183	183	183	184	183	183	184	184	183	184	184	184	183	184	184	184	183	184	184	183	183	183	183	183	183	183	183	183	183	183	183	183	183	183	183	183	183	183	184	183	184	183	183	183	183	184	184	183	184	183	183	183	183	183	183	183	183	183	183	184	183	183	184	183	184	183	184	183	183	183	183	184	183	183	183	184	183	183	184	184	183	184	183	184	183	185	184	183	184	184	184	184	184	184	184	184	184	183	184	184	184	184	184	183	182	184	184	184	184	183	184	183	184	184	183	183	183	184	184	183	183
337	-842092	184	184	184	184	184	184	184	184	184	184	184	184	183	183	184	183	183	183	183	183	183	184	183	183	183	183	184	184	183	184	183	183	184	183	184	184	184	184	183	184	184	184	183	183	183	183	183	184	186	183	184	184	184	184	184	184	184	183	184	184	184	184	184	184	184	184	184	183	184	184	184	184	183	184	184	184	184	184	184	184	184	184	184	184	184	184	183	184	183	184	184	183	184	183	184	184	183	184	184	183	184	184	184	183	184	184	184	184	184	185	183	184	184	184	184	184	184	184	183	184	184	184	184	184	184	185	184	184
338	-841599	184	184	184	184	184	184	184	184	184	184	184	184	184	184	185	184	185	184	184	184	184	184	184	184	184	185	184	184	184	184	184	184	184	184	184	184	184	185	185	185	185	184	185	185	184	185	185	184	185	184	184	186	184	185	184	185	185	185	186	184	185	184	185	185	184	185	184	185	185	185	184	185	185	185	184	185	185	185	185	185	185	184	184	184	185	185	185	184	184	185	184	185	184	184	184	184	184	184	184	184	184	184	184	184	185	184	184	184	184	184	184	185	184	184	184	184	184	184	184	184	184	184	184	184	184	184	184	184
339	-841107	185	185	185	185	185	185	185	185	185	185	185	185	185	185	185	185	185	185	185	185	185	184	185	184	185	185	185	185	185	185	184	185	185	185	184	185	184	185	185	185	185	184	185	185	185	184	185	184	185	185	184	185	185	185	185	184	185	185	185	185	184	185	185	185	186	185	185	185	185	185	185	185	185	185	185	185	186	185	186	186	185	186	185	185	185	185	185	185	185	185	185	185	185	185	185	185	184	185	185	184	185	184	184	185	185	185	185	184	184	184	184	184	184	185	185	184	184	185	185	185	185	185	185	184	185	185	185	185
340	-840615	185	185	186	186	185	185	185	185	186	185	185	185	186	185	185	186	185	185	186	185	185	185	185	186	185	185	185	185	185	185	185	185	185	186	185	185	186	185	185	186	186	185	186	186	185	185	185	185	186	185	185	185	185	185	185	185	185	186	185	185	185	185	185	185	185	185	185	185	185	186	185	186	185	185	186	186	186	186	185	186	185	185	186	186	186	185	185	186	186	186	186	186	185	185	186	185	185	185	186	186	185	185	185	186	186	185	185	186	186	186	185	185	185	186	185	185	185	186	185	185	185	185	185	186	185	185	185	186
341	-840123	186	186	186	186	186	186	186	186	186	186	186	186	186	186	186	186	187	186	186	187	186	186	186	186	186	186	186	186	186	186	186	186	186	186	186	186	186	186	186	186	186	186	185	185	186	186	186	186	186	186	186	186	186	187	186	186	186	186	186	186	186	186	186	187	186	186	186	186	186	185	186	186	186	186	186	186	186	186	186	185	185	186	185	186	186	186	186	186	187	186	186	186	186	186	186	186	186	186	186	186	187	186	186	186	186	186	186	187	186	186	186	186	186	186	186	186	186	187	186	186	186	186	186	185	186	185	185	186
342	-839630	187	186	186	186	187	186	186	187	186	186	186	186	187	186	186	186	186	187	187	187	186	187	187	186	187	187	187	187	187	187	186	187	187	187	187	186	186	186	187	186	186	187	186	186	186	186	187	186	186	186	186	187	186	187	186	186	186	186	187	186	186	186	186	187	186	187	186	186	187	186	186	186	186	187	186	187	186	187	186	186	186	186	186	186	186	186	186	186	186	186	186	186	186	186	186	186	186	186	186	186	186	186	186	186	186	186	186	186	186	186	186	186	186	186	186	187	186	186	186	186	187	186	186	186	186	187	187	186
343	-839138	187	187	187	187	187	187	187	187	187	186	187	187	186	186	186	186	187	186	187	186	186	187	186	186	186	186	186	187	186	186	186	186	186	186	186	186	186	187	187	186	186	187	187	187	187	186	187	187	187	187	187	187	187	187	188	187	187	187	187	187	187	188	187	188	187	187	187	187	188	187	188	188	187	187	188	188	188	187	187	187	187	187	186	187	187	187	187	186	188	187	186	187	187	188	187	187	187	187	187	186	187	187	187	187	187	187	187	187	187	186	187	186	187	187	186	187	187	186	187	187	187	187	187	187	188	188	188	187
344	-838646	187	187	188	187	187	187	187	188	188	188	187	187	188	187	187	187	187	187	187	187	187	188	187	188	188	188	188	188	188	187	188	188	188	188	188	187	187	187	188	188	188	188	188	188	187	188	188	188	188	188	188	187	187	188	188	187	188	188	187	187	187	188	188	188	188	188	188	187	188	188	187	187	187	187	188	187	187	187	187	187	187	187	187	188	188	187	188	188	188	187	188	188	187	187	187	188	187	187	188	188	187	187	187	187	187	188	188	187	187	188	188	188	188	188	187	188	188	188	188	187	187	188	187	188	187	188	187	188
345	-838153	188	188	188	188	188	188	188	188	188	188	189	189	189	189	188	188	189	188	188	188	188	188	188	188	188	188	188	188	188	188	188	188	188	188	188	189	188	188	188	188	188	187	188	188	187	187	187	188	188	188	187	187	188	188	188	187	187	188	187	187	187	187	188	187	188	188	188	189	188	188	187	187	188	188	188	188	188	188	188	188	188	188	188	188	188	187	188	187	188	188	188	188	188	188	188	188	188	187	188	188	188	188	187	188	188	188	188	188	188	188	188	188	188	189	189	188	188	189	188	188	188	188	188	188	188	189	188	188
346	-837661	189	188	189	188	188	188	188	188	188	188	188	188	189	188	188	188	188	188	188	189	188	189	188	188	189	189	188	188	189	188	188	188	188	189	188	189	189	188	188	189	188	189	188	189	189	189	189	189	189	188	188	189	188	189	189	189	189	188	189	189	189	189	189	189	189	189	188	189	189	189	189	189	189	189	188	188	188	189	188	188	188	188	189	188	188	188	188	188	188	187	189	188	188	188	188	188	188	188	189	188	188	188	188	188	188	188	187	188	188	188	188	189	189	188	188	189	189	188	189	188	189	189	188	188	188	188	188	188
347	-837169	188	188	188	189	188	188	189	188	189	189	188	189	188	189	189	188	189	189	188	188	188	189	189	189	189	188	189	189	189	188	188	189	189	188	189	189	189	189	189	189	189	189	189	189	189	189	188	188	189	189	189	189	188	189	189	189	189	189	189	188	189	189	188	189	189	188	189	189	189	188	189	190	189	189	189	190	190	189	190	190	190	190	190	189	190	190	190	190	189	190	189	189	189	190	189	189	189	189	189	190	189	189	189	189	189	189	189	189	188	189	189	189	188	189	189	188	189	189	189	189	189	189	189	189	189	188	189	189
348	-836676	190	189	190	190	189	190	188	189	189	189	189	189	189	188	190	189	189	189	189	189	190	189	189	189	189	189	189	189	189	189	189	188	189	188	189	188	189	188	189	189	189	189	190	189	189	189	190	190	189	189	189	190	189	189	189	189	189	189	189	189	190	190	190	191	190	190	190	190	191	190	189	190	190	190	190	190	190	190	191	190	190	190	189	190	189	189	190	190	190	190	188	189	190	190	189	190	190	189	189	189	189	189	189	189	189	189	188	189	189	189	189	189	189	189	189	189	189	189	189	190	190	189	189	190	189	190	189	189
349	-836184	190	190	190	188	189	189	189	190	190	190	190	190	190	190	190	189	190	189	190	190	190	190	190	189	190	190	190	190	190	190	190	190	191	189	189	190	189	190	189	189	190	190	190	190	190	190	190	190	190	190	189	189	190	190	190	190	190	189	189	189	189	189	189	189	190	190	190	189	190	190	189	190	189	190	190	189	189	189	190	189	189	189	190	190	189	190	190	190	190	190	190	190	190	190	190	190	190	189	189	189	190	190	190	190	190	190	190	190	190	190	190	190	190	190	190	190	189	190	190	189	190	190	189	189	189	190	189	189
350	-835692	191	191	191	190	191	190	191	190	190	191	190	190	189	190	190	191	191	190	190	190	190	191	191	190	191	190	190	190	191	191	191	191	191	191	190	191	190	190	190	190	191	190	191	190	190	191	192	191	190	191	191	190	190	191	190	191	191	191	190	190	191	191	191	190	190	191	190	191	190	190	191	191	190	191	191	191	191	191	191	191	191	191	190	190	189	191	190	190	190	190	191	190	190	191	190	191	191	191	190	191	191	191	191	191	191	191	191	190	191	190	191	191	191	190	190	191	190	191	191	191	191	190	190	190	191	191	191	191
351	-835199	190	192	191	191	191	190	191	191	191	191	191	191	191	191	191	191	191	191	191	191	191	191	191	191	192	191	191	191	191	191	191	191	191	192	191	191	192	192	192	191	191	191	191	191	191	191	191	191	191	191	191	191	192	191	191	191	191	191	192	191	192	191	191	192	191	192	191	191	192	191	191	192	191	191	191	191	191	191	191	191	191	191	191	192	191	191	191	191	191	192	192	191	191	191	191	192	191	191	191	192	191	191	191	191	191	191	191	190	190	190	192	191	191	191	191	191	192	191	191	191	191	191	192	190	191	191	191	191
352	-834707	191	192	191	191	191	191	191	192	191	192	192	192	192	191	192	192	192	192	192	191	192	192	191	191	191	191	192	192	191	192	191	192	192	192	192	192	192	192	191	192	191	192	192	191	192	191	191	192	191	190	191	191	191	191	191	191	191	191	192	191	191	191	191	192	191	192	191	190	190	191	191	191	192	191	191	191	192	191	192	191	191	191	191	192	192	192	192	191	191	192	191	191	191	191	191	191	191	192	191	192	191	192	192	192	192	192	192	192	192	192	191	192	192	192	192	192	192	192	191	191	192	191	192	192	192	192	192	192
353	-834215	192	192	192	192	191	192	192	192	192	192	192	192	192	193	192	193	192	192	192	192	193	192	192	193	193	193	192	192	192	192	192	192	192	192	192	192	192	192	193	192	192	192	192	192	192	192	192	192	191	192	191	192	191	191	192	191	192	191	192	192	191	192	191	192	192	192	192	192	192	192	192	192	192	192	192	192	192	192	192	192	192	192	193	192	193	193	192	192	192	192	192	192	192	192	192	192	192	192	192	192	192	192	192	192	192	192	192	192	192	192	192	192	192	192	192	192	191	192	192	192	192	191	191	191	191	192	192	191
354	-833723	192	192	192	192	192	192	192	192	191	191	192	192	192	192	192	192	192	192	192	192	193	192	193	193	193	193	193	193	193	193	193	193	193	193	193	193	193	193	193	193	193	193	192	192	192	192	193	192	192	192	192	193	193	193	192	192	193	192	192	192	192	192	192	192	192	192	192	192	192	192	192	193	193	192	192	192	192	193	192	192	192	192	192	192	191	192	192	192	192	192	192	192	192	192	192	193	192	192	192	192	192	192	193	192	192	193	192	192	192	192	192	192	192	192	192	192	192	192	192	192	192	193	192	192	193	192	192	193
355	-833230	193	193	193	193	194	193	193	194	193	193	193	193	193	193	193	193	193	193	193	193	193	193	193	193	193	193	193	193	193	192	192	192	192	193	192	192	193	192	193	192	193	192	193	192	192	192	192	192	192	192	192	192	193	192	192	192	192	193	192	192	192	193	192	193	193	192	192	192	193	192	193	192	193	193	192	193	193	192	193	193	193	192	193	193	193	193	193	193	192	193	193	192	192	193	192	193	193	193	193	192	193	193	193	193	193	193	192	193	193	193	193	192	193	193	193	193	194	193	193	193	193	193	193	193	193	193	193	193
356	-832738	194	194	194	194	193	194	194	194	194	194	194	193	194	193	194	193	193	194	193	194	193	193	194	193	193	193	193	194	193	194	194	194	194	193	194	193	193	194	193	193	193	193	194	194	194	193	193	193	193	194	193	194	194	193	193	194	194	193	193	193	193	194	193	193	193	193	193	193	194	193	194	193	193	193	193	194	194	193	193	193	193	193	193	194	193	194	193	194	193	193	194	193	194	193	194	194	193	193	193	193	194	193	193	193	194	193	193	194	193	193	193	194	194	193	193	194	194	194	194	193	193	194	194	193	194	193	192	193
357	-832246	194	194	194	193	194	194	194	194	194	193	194	194	194	194	194	194	194	194	194	194	194	194	194	194	194	194	194	194	193	195	194	194	194	193	193	194	194	194	194	194	194	194	194	194	194	194	194	194	194	194	194	194	194	194	194	194	194	194	194	194	194	194	194	193	194	193	194	194	194	193	194	194	194	195	194	194	193	194	194	193	194	193	194	194	194	194	194	194	194	194	194	193	194	194	193	194	194	194	194	194	194	194	194	194	193	193	194	194	194	194	196	193	194	193	194	194	193	194	194	194	194	193	194	193	194	194	193	194
358	-831753	194	194	194	194	194	194	194	194	195	194	194	195	194	194	194	194	194	195	194	195	194	194	194	195	194	195	195	195	194	194	194	194	195	194	194	194	194	194	195	194	195	194	194	194	195	195	195	194	194	194	194	195	194	195	194	195	194	194	194	195	194	194	194	194	194	194	194	194	194	193	193	194	193	194	194	194	194	195	194	195	195	195	194	195	195	195	195	194	194	194	194	194	194	194	194	194	195	194	194	195	195	195	195	195	195	194	194	194	194	194	194	195	194	195	194	194	195	194	195	194	195	195	195	194	194	195	195	195
359	-831261	194	194	193	195	194	194	194	194	194	194	194	195	194	194	194	194	195	194	194	194	194	195	195	195	195	194	194	194	195	194	194	195	194	193	194	194	194	194	195	194	194	194	194	195	195	194	194	194	195	195	195	195	195	195	195	196	195	195	195	194	195	194	195	195	195	194	194	195	195	195	195	194	195	195	194	195	195	195	195	195	196	195	195	195	194	195	194	195	195	195	195	195	194	194	195	194	195	195	195	195	195	195	195	195	195	194	195	195	195	195	195	195	195	195	195	195	195	195	195	195	195	195	195	195	195	195	196	195
360	-830769	195	195	195	195	195	195	194	195	195	195	196	195	195	195	195	196	195	195	195	196	195	195	195	195	196	195	195	196	195	195	195	195	196	195	195	195	195	195	195	196	195	195	195	195	195	195	195	195	195	196	195	195	195	195	195	195	195	196	196	196	195	195	195	196	195	195	195	195	196	196	196	195	196	196	196	196	196	195	195	195	195	196	195	196	195	195	196	195	195	195	196	195	195	196	196	195	196	195	195	195	195	195	195	196	195	195	195	195	195	195	195	195	195	195	195	196	195	195	195	195	195	195	196	196	195	195	195	195
361	-830276	196	196	196	196	196	195	196	197	196	196	196	196	196	196	197	195	196	196	196	195	196	196	196	196	195	195	196	196	196	196	195	196	196	196	195	196	196	196	196	195	196	195	196	196	195	196	195	196	195	195	196	196	196	196	196	196	196	196	196	196	195	196	196	195	195	196	195	196	196	196	196	196	195	195	196	195	196	196	196	195	196	195	195	195	196	196	195	196	196	196	196	195	196	196	196	196	196	196	195	196	196	196	196	195	196	196	195	196	196	196	197	196	196	196	196	196	196	196	196	197	196	196	196	196	196	197	196	196
362	-829784	196	195	196	196	196	195	195	196	196	196	196	196	196	196	196	196	196	196	196	196	196	196	196	196	196	196	196	196	196	196	196	196	196	196	195	196	196	196	196	196	197	196	196	196	196	196	196	197	197	196	197	196	195	197	196	196	196	197	197	197	197	197	197	196	197	197	197	196	196	197	197	196	196	196	197	196	196	196	196	198	196	196	196	196	197	196	197	196	197	196	197	197	197	196	197	196	196	196	196	196	196	196	197	196	196	196	196	196	196	196	196	196	197	195	196	196	197	196	196	196	196	196	196	196	196	197	196	196
363	-829292	196	196	197	196	196	196	197	196	196	196	197	197	196	196	196	196	197	197	196	196	197	197	197	196	196	197	196	197	197	197	197	197	197	196	197	197	196	196	196	196	196	197	196	196	196	196	197	196	197	197	197	198	197	198	197	197	198	197	197	198	196	197	196	197	197	196	197	197	197	197	196	197	197	196	197	197	197	197	197	197	197	197	197	196	197	197	196	197	197	196	197	196	197	197	196	197	197	198	197	197	198	197	198	197	198	197	197	197	196	197	197	197	197	197	197	197	197	199	197	198	196	197	197	197	197	196	196	197
364	-828799	198	197	197	196	197	197	197	197	197	197	197	196	197	197	197	196	197	197	197	197	197	197	197	197	197	197	197	197	196	197	197	197	197	197	196	196	197	197	197	197	197	197	197	197	197	197	197	197	197	197	197	197	197	198	198	197	197	197	197	197	197	197	197	198	197	197	197	197	197	197	197	198	197	197	197	197	197	197	197	197	197	197	198	198	197	198	197	197	198	197	198	197	197	197	196	197	197	197	197	197	198	197	197	197	197	198	197	198	197	197	198	198	198	198	198	198	197	198	198	198	198	197	197	198	198	198	198	198
365	-828307	198	198	198	198	198	198	197	198	198	198	198	198	198	198	198	198	198	197	198	198	198	198	199	198	198	197	198	197	198	198	197	198	198	198	198	198	197	198	197	197	198	197	197	197	198	197	197	197	198	197	198	197	198	197	198	197	197	198	197	198	197	198	198	199	198	198	197	198	198	198	198	198	198	198	198	199	198	198	199	198	198	199	199	198	199	198	198	198	198	198	198	198	198	198	198	198	198	198	198	198	198	198	198	198	198	197	198	198	198	197	197	198	198	197	198	197	198	197	197	197	197	198	197	198	197	198	198	197
366	-827815	198	198	198	198	198	198	198	198	199	199	199	198	198	198	198	199	198	198	198	198	199	198	198	198	199	199	199	199	199	199	199	199	199	198	199	199	198	199	198	199	199	198	199	198	199	199	198	199	198	198	198	198	198	199	198	198	198	198	198	198	198	197	198	198	198	198	198	198	198	198	198	198	198	199	197	198	197	198	198	197	198	198	198	198	198	198	198	198	198	198	197	199	199	199	199	198	199	198	199	198	198	199	199	198	199	198	199	199	198	199	198	198	198	199	199	198	199	199	199	199	198	199	199	198	199	198	198	198
367	-827323	198	198	199	198	199	199	199	198	199	198	199	199	199	199	199	199	198	199	199	199	199	199	199	199	199	199	199	199	198	199	198	199	198	198	199	199	199	200	199	199	199	199	198	199	199	199	198	199	199	199	198	198	198	199	199	198	199	198	198	199	199	199	199	199	199	198	198	198	199	197	198	199	199	199	199	199	199	199	199	199	199	199	199	200	198	199	199	199	199	198	199	198	198	198	199	199	198	198	199	198	200	199	198	199	199	199	199	199	199	199	199	199	200	199	199	200	199	199	199	199	199	199	199	199	200	199	199	199
368	-826830	199	199	199	199	199	199	199	199	199	199	199	199	199	199	199	199	199	199	199	199	199	199	199	200	200	200	200	200	199	200	199	200	200	200	199	200	199	200	199	200	200	200	200	199	199	199	199	200	199	200	199	199	200	199	199	199	199	200	199	199	199	199	199	198	199	199	199	199	199	199	200	199	199	199	199	199	199	199	199	199	199	199	199	199	199	199	200	199	199	199	199	200	199	199	199	199	199	199	200	199	199	199	199	200	199	199	199	199	198	199	199	199	199	198	199	199	200	199	199	199	199	199	199	199	200	199	199	199
369	-826338	200	199	199	200	199	200	200	199	200	199	200	200	200	199	200	199	199	199	199	199	199	199	199	199	199	199	199	200	199	199	200	199	199	199	199	200	200	201	200	200	200	199	200	199	200	200	200	199	200	200	200	199	199	199	200	200	200	199	200	200	199	200	200	201	200	200	200	199	199	200	200	200	200	200	200	200	200	199	200	199	200	199	199	200	199	200	200	200	200	200	200	200	200	200	200	200	199	200	200	199	200	199	200	199	200	200	199	199	200	200	200	200	200	200	200	200	200	200	200	199	200	200	199	199	199	199	199	200
370	-825846	201	200	201	200	200	200	200	200	200	200	200	200	200	199	200	200	199	200	200	201	201	200	200	200	200	200	200	200	200	200	200	201	200	200	200	200	200	200	200	200	200	201	200	200	200	200	202	200	200	200	200	201	200	200	200	201	201	200	200	201	201	200	201	201	201	200	201	201	201	200	200	201	200	201	201	201	200	201	201	201	201	200	201	200	200	200	200	200	200	199	200	200	199	200	200	200	200	200	201	200	201	200	200	200	200	201	200	200	200	199	200	200	200	200	200	200	200	200	200	200	201	200	201	200	200	201	200	200
371	-825353	200	200	200	200	200	201	200	200	200	200	200	200	200	200	200	201	201	201	201	201	201	202	201	200	201	200	201	200	200	201	200	201	201	201	201	200	200	201	200	201	200	201	201	200	201	201	201	200	201	201	201	200	200	201	200	201	201	200	201	201	201	201	201	201	200	201	201	201	201	201	201	201	201	202	201	201	201	201	202	201	201	201	201	201	202	202	201	201	200	201	201	201	201	201	201	202	201	201	201	201	201	201	201	201	201	201	201	201	201	201	200	201	201	201	201	201	201	201	201	201	201	201	201	201	201	202	202	202
372	-824861	201	201	201	201	201	201	201	201	201	201	201	201	201	202	202	200	201	202	201	201	200	201	201	201	201	200	201	201	201	201	201	201	200	201	201	201	201	200	200	200	201	201	200	201	201	201	201	202	201	201	201	200	201	202	201	201	201	201	201	200	201	200	201	201	201	201	201	201	201	201	201	201	201	201	201	201	201	201	201	201	201	201	201	201	201	200	201	202	201	201	201	200	201	201	202	201	200	202	201	202	202	201	201	201	202	201	201	201	201	201	201	202	201	201	201	201	202	201	201	201	201	201	201	200	201	200	201	200
373	-824369	202	202	202	201	201	201	201	201	202	201	202	201	201	201	202	202	201	201	201	202	202	201	202	201	201	201	202	202	202	202	201	201	202	202	202	202	201	201	201	201	201	202	201	201	201	201	202	202	202	201	202	202	202	202	202	202	202	202	202	201	202	202	202	202	202	201	202	202	202	202	202	202	202	202	201	202	201	201	202	202	202	202	202	202	201	202	202	202	202	202	202	202	202	202	202	202	201	202	202	202	202	202	201	202	202	202	201	202	202	202	201	202	202	202	202	202	202	202	202	202	202	201	202	201	202	202	202	201
374	-823876	202	203	202	202	202	202	202	202	202	202	202	202	202	202	202	202	202	202	202	202	202	202	203	202	202	202	202	202	201	203	202	201	201	201	202	202	201	202	201	202	202	201	202	202	202	202	202	203	202	202	202	202	202	202	202	201	202	202	202	202	201	202	202	202	202	202	202	202	202	202	202	202	202	202	202	202	202	202	202	202	202	202	202	202	202	202	202	202	202	203	202	203	202	202	203	202	203	202	202	202	202	202	202	201	201	202	201	202	202	201	201	202	202	202	202	202	202	202	202	202	202	202	202	202	202	202	202	202
375	-823384	203	203	202	203	202	202	203	203	202	203	204	203	203	203	203	203	203	203	203	202	202	202	203	203	202	203	203	203	203	203	202	203	203	203	202	203	203	202	203	202	203	203	202	203	202	202	202	202	203	202	203	202	202	202	203	203	202	203	203	202	203	202	202	202	202	203	203	203	203	202	203	203	203	202	202	203	202	202	203	203	203	202	203	202	202	203	202	204	202	203	202	203	203	203	203	202	203	203	202	203	202	202	203	202	203	202	202	202	201	202	202	203	203	203	203	203	203	203	203	203	202	202	203	202	203	202	203	203
376	-822892	204	204	204	203	203	203	203	204	204	203	203	203	204	203	203	204	203	204	203	203	203	203	203	203	204	202	203	203	203	204	203	203	203	203	204	204	203	203	203	203	203	203	202	203	203	203	203	203	203	204	202	204	203	203	203	203	203	203	203	203	203	203	203	203	203	203	203	203	203	204	203	204	203	203	203	203	203	204	204	203	203	203	203	203	204	204	204	203	203	203	203	203	203	203	203	204	203	203	203	204	203	204	203	203	203	203	203	202	203	203	203	203	203	204	203	203	202	203	203	203	203	202	203	201	202	203	203	203
377	-822399	204	204	204	204	204	204	204	204	204	204	203	204	203	204	204	204	204	202	204	204	204	204	203	204	204	205	204	204	204	204	204	204	203	204	204	204	204	204	204	204	204	204	204	203	204	205	203	204	203	203	204	203	204	203	203	203	203	203	204	203	203	203	203	203	204	203	204	204	203	204	203	203	203	203	203	204	203	204	203	204	203	204	205	204	203	204	204	204	203	204	204	204	203	204	203	203	204	204	204	204	204	204	204	204	204	204	205	204	204	204	204	204	204	204	204	204	204	204	204	204	203	204	204	204	204	203	204	204
378	-821907	204	203	204	204	204	204	204	204	204	204	204	204	203	204	204	204	204	204	204	204	204	204	204	204	204	204	204	204	205	204	204	204	205	205	204	204	205	205	204	205	204	204	204	203	204	204	204	205	204	204	204	204	204	204	205	204	204	204	203	204	204	204	204	204	204	204	204	204	204	204	204	204	204	203	204	203	204	204	205	204	204	204	204	204	204	204	205	203	204	204	204	204	204	204	204	204	204	204	204	204	204	204	204	204	204	204	204	204	204	204	204	204	204	204	204	204	204	205	204	205	204	205	205	205	204	204	205	205
379	-821415	204	204	204	204	205	205	205	205	205	205	205	205	204	205	204	205	205	204	205	205	204	205	205	204	205	205	206	205	205	205	205	204	205	205	205	204	205	204	204	204	204	204	204	204	205	205	204	205	204	204	205	204	204	204	204	203	204	204	205	204	204	204	204	204	204	204	204	204	204	204	205	205	205	204	204	204	204	205	205	204	205	205	204	205	205	205	205	204	204	205	204	204	204	204	204	204	205	205	205	205	205	205	205	204	205	204	204	204	204	205	204	204	204	204	204	204	204	203	204	205	204	204	204	204	205	204	205	204
380	-820923	205	206	205	205	205	205	205	205	206	206	205	206	205	205	205	205	206	205	205	205	205	205	205	205	205	205	205	205	205	205	205	205	205	204	205	205	204	206	205	205	206	206	206	205	206	205	205	206	206	206	206	204	206	205	206	206	205	206	205	206	205	206	205	205	206	205	205	206	205	205	205	205	205	205	204	205	205	205	204	204	204	205	204	205	204	204	205	204	205	205	204	205	204	205	204	205	205	205	204	205	205	205	205	205	204	205	205	205	204	204	205	205	205	205	205	205	205	206	206	205	206	206	205	206	206	206	206	206
381	-820430	207	206	206	206	206	206	207	206	207	205	206	206	207	206	206	206	205	205	206	206	206	206	205	206	206	207	206	206	205	205	206	206	206	206	205	206	207	205	206	205	205	206	206	206	206	206	206	206	206	206	206	206	206	206	206	206	207	206	205	205	205	206	206	206	206	205	206	206	206	206	205	206	206	206	206	206	206	206	205	206	205	205	206	206	206	207	206	206	206	206	206	206	206	206	206	205	206	206	205	206	206	206	206	205	206	205	205	206	206	206	206	205	205	207	206	206	205	206	205	206	206	206	205	206	207	206	206	206
382	-819938	207	206	207	206	206	206	206	206	206	205	207	207	206	206	206	207	206	207	206	205	206	207	206	206	206	207	206	206	206	206	207	206	206	206	206	206	206	206	206	206	206	206	207	207	206	207	206	206	205	206	206	206	206	206	206	206	206	206	206	206	206	205	205	206	206	206	205	205	205	206	206	205	206	206	206	207	205	206	207	206	206	206	206	206	207	206	206	206	206	207	206	205	206	206	207	206	207	207	206	207	207	207	206	207	206	206	207	206	206	207	206	206	206	207	207	207	206	207	207	206	207	206	207	206	206	206	206	206
383	-819446	208	207	206	207	206	207	206	206	207	207	207	207	207	207	207	207	207	207	207	206	207	207	207	207	207	207	207	207	207	207	207	207	207	207	206	207	207	207	206	207	207	207	207	207	207	207	207	207	207	207	207	207	207	207	207	207	207	208	207	207	207	207	207	207	207	207	207	207	207	207	207	207	207	207	207	207	207	206	207	206	207	206	207	207	206	207	206	207	208	207	207	207	207	207	207	206	207	207	207	206	207	207	207	207	206	206	206	207	206	206	206	207	207	206	208	206	207	207	206	207	206	207	206	206	206	206	207	206
384	-818953	207	207	207	207	206	207	207	207	207	207	207	207	207	207	206	207	208	207	207	207	207	207	208	207	208	207	207	207	207	207	207	207	207	207	207	207	207	207	207	207	207	207	207	207	207	207	206	207	207	208	207	207	208	207	207	207	208	208	207	207	207	208	207	207	207	207	207	208	208	208	208	208	208	208	208	208	208	208	208	208	208	208	207	208	207	207	207	207	207	207	207	207	208	207	207	207	207	207	207	207	207	207	208	207	207	207	207	208	207	207	207	206	207	207	208	207	207	208	207	207	208	208	208	207	208	208	207	208
385	-818461	207	207	207	207	207	207	207	208	208	208	208	207	208	208	208	208	207	208	208	208	207	207	208	208	208	208	208	208	208	208	208	208	208	208	208	208	208	208	208	208	208	208	208	207	207	208	208	208	208	207	208	208	208	209	208	208	208	207	208	208	208	208	208	207	208	208	207	208	207	208	207	208	208	208	207	208	208	208	208	208	208	208	208	208	207	207	208	208	207	207	207	207	207	208	208	207	208	208	207	208	208	208	208	207	207	207	207	208	207	207	207	207	208	207	207	207	207	207	207	207	207	207	207	207	207	207	207	207
386	-817969	208	208	208	208	208	208	209	208	208	208	209	208	209	209	209	209	209	208	208	208	208	208	208	208	208	208	208	208	208	208	208	208	208	208	208	208	208	208	208	208	208	208	209	208	208	208	208	208	208	208	208	208	207	208	209	208	208	208	209	209	209	209	208	208	208	208	208	208	209	208	209	208	208	209	208	208	209	208	208	209	208	209	209	209	208	208	209	208	209	209	209	209	208	208	208	209	209	208	208	208	209	208	208	208	208	208	208	208	209	208	208	208	208	209	208	209	208	208	208	208	208	208	208	208	208	208	208	208
387	-817476	208	209	209	208	209	209	209	208	208	208	208	208	208	208	208	208	208	208	208	208	208	208	209	208	208	208	208	208	208	208	208	208	208	208	208	208	208	208	208	208	208	208	208	208	208	208	208	209	208	208	208	208	208	209	208	208	208	208	209	209	209	208	209	208	209	209	209	209	208	209	208	209	209	208	208	208	209	209	209	209	208	209	209	208	209	208	209	208	208	208	208	209	208	208	209	209	208	208	208	208	208	209	208	208	208	209	208	208	208	208	208	208	208	208	208	209	209	208	208	209	209	209	209	209	209	208	208	208
388	-816984	208	209	209	208	209	209	209	209	209	209	209	209	210	209	209	209	209	209	210	210	210	210	210	210	210	210	210	210	209	210	209	209	209	209	209	209	209	209	209	209	209	210	209	210	209	210	209	209	209	209	209	209	209	209	209	209	208	208	208	209	209	208	208	208	209	209	209	209	209	209	209	209	209	209	209	208	209	209	209	209	209	209	209	209	209	209	209	209	209	209	209	209	209	208	209	209	209	209	209	210	209	209	209	209	209	208	209	209	209	209	209	208	209	208	209	209	208	209	209	210	209	208	208	209	209	209	208	208
389	-816492	209	210	210	211	209	209	209	210	210	209	210	209	210	210	209	210	209	209	209	209	209	210	210	209	210	210	210	210	210	210	209	210	210	210	211	210	209	209	209	210	209	209	209	209	210	209	210	210	210	210	209	210	210	210	209	210	209	210	210	210	210	210	210	209	210	210	210	210	210	209	210	210	210	210	211	209	210	210	210	210	210	210	210	210	210	210	210	210	209	210	209	210	210	210	209	209	210	209	209	209	210	210	209	210	209	209	210	209	210	209	210	209	209	209	210	210	210	209	210	210	210	210	209	210	209	210	210	209
390	-815999	210	210	210	210	211	210	210	211	210	210	210	209	210	209	210	209	210	211	210	210	211	211	210	210	211	210	210	210	210	210	210	211	211	210	211	209	210	210	210	211	209	210	209	209	210	210	210	210	211	211	210	210	209	211	210	210	210	210	210	210	210	210	210	210	210	211	210	210	210	210	210	210	210	210	210	211	211	210	210	211	210	211	210	210	211	211	210	211	211	210	211	211	211	210	210	212	210	210	211	210	210	211	211	210	210	211	210	211	211	210	210	210	210	210	209	210	210	210	210	210	210	210	211	210	210	211	210	210
391	-815507	211	211	211	210	210	211	210	211	210	210	211	210	210	210	211	209	210	209	210	210	210	210	210	210	210	210	211	210	210	210	210	210	210	211	210	210	210	210	210	210	210	210	210	211	211	210	210	210	210	209	210	210	210	210	211	212	210	210	210	210	211	210	210	210	210	211	211	211	210	211	210	211	211	211	211	211	211	211	211	211	211	210	211	211	211	211	211	213	211	211	211	211	211	211	211	211	211	211	210	211	211	211	211	210	211	211	209	210	211	211	210	211	211	211	211	210	210	211	211	211	210	210	211	210	210	211	210	211
392	-815015	211	211	211	211	211	211	211	211	211	212	211	211	211	210	211	210	211	211	210	211	210	211	211	210	211	210	211	211	211	212	211	211	211	211	210	210	211	210	210	211	210	212	210	211	211	211	211	211	212	211	211	211	211	212	211	211	211	211	211	211	211	211	211	211	211	211	210	211	211	211	211	211	211	211	211	211	210	210	211	211	211	211	211	211	211	211	210	211	211	210	211	210	211	211	210	211	211	211	211	212	211	211	211	211	210	211	211	211	211	211	211	211	210	211	212	211	211	211	211	211	211	212	211	211	212	211	211	212
393	-814523	211	212	211	212	212	211	211	211	211	212	211	212	211	211	211	211	211	211	211	211	211	211	211	212	211	212	211	211	211	212	212	212	212	211	211	212	212	211	211	211	211	211	211	211	212	211	212	211	211	212	212	212	211	211	211	212	212	211	212	211	212	212	211	211	211	211	211	211	212	212	211	211	212	212	211	212	211	211	211	211	211	211	212	212	211	212	212	211	211	212	212	212	212	212	211	212	211	211	212	212	212	212	212	213	212	211	211	212	212	212	212	212	212	212	213	212	212	212	212	212	212	212	211	212	212	212	212	212
394	-814030	211	212	212	212	212	212	212	212	212	212	212	212	212	211	212	211	211	212	211	212	212	212	212	212	212	212	212	212	212	212	212	212	212	212	212	212	212	212	212	212	212	212	211	212	212	212	212	212	211	212	212	212	212	212	212	212	212	212	212	212	213	212	212	212	212	212	212	212	212	212	213	212	212	212	212	212	212	212	212	213	213	212	213	213	213	213	213	213	212	213	212	212	212	212	212	212	212	212	212	213	212	212	212	212	212	212	213	212	212	212	212	212	212	212	212	211	212	212	212	212	211	212	211	212	212	212	212	212
395	-813538	212	212	212	212	213	212	213	213	212	212	213	213	213	212	213	212	213	213	213	213	212	213	212	213	212	213	213	213	213	213	212	213	213	213	213	212	213	212	212	213	212	213	213	212	212	213	213	213	213	213	213	213	213	213	213	212	212	213	212	212	212	212	213	212	212	212	213	213	212	213	213	212	213	213	212	212	212	212	213	212	213	213	213	213	213	213	213	213	212	213	214	213	213	214	214	213	213	213	213	212	213	213	213	213	213	213	213	213	213	213	213	214	213	213	213	213	214	213	213	213	213	213	213	213	213	213	214	212
396	-813046	212	214	213	214	214	213	214	213	213	213	213	213	214	213	213	213	213	213	213	213	213	212	213	213	212	213	213	213	213	213	213	213	214	213	213	213	214	214	213	212	213	212	213	213	213	213	214	213	213	213	213	214	213	213	213	214	214	214	213	213	213	213	213	213	213	213	213	213	213	213	213	212	213	213	213	213	213	213	212	214	212	212	213	213	213	212	212	212	212	213	212	212	212	212	213	213	212	213	213	213	213	213	213	213	214	213	214	213	214	214	213	213	213	213	213	213	213	212	213	214	213	213	213	213	213	213	213	213
397	-812553	214	214	213	214	214	214	214	214	214	213	213	213	214	214	213	213	214	214	213	213	214	213	213	213	213	213	213	214	213	213	213	214	213	213	213	213	213	214	213	213	213	213	213	213	213	214	213	213	214	213	214	213	213	214	213	214	214	214	214	214	214	213	214	214	213	214	214	213	213	213	213	214	213	213	213	213	214	213	213	213	214	214	213	213	213	213	213	213	213	214	213	213	213	213	213	213	213	213	213	213	213	213	213	213	213	214	213	213	214	213	213	214	213	213	213	212	213	213	213	213	213	213	213	213	213	214	213	213
398	-812061	214	214	213	214	214	214	214	214	215	214	214	214	213	215	214	214	214	214	215	214	214	214	214	214	214	214	214	214	215	214	214	214	215	215	214	214	214	215	215	215	214	214	215	215	215	216	215	215	214	215	215	214	214	214	214	215	214	214	214	215	215	215	215	214	215	215	215	215	214	214	214	215	214	214	214	214	215	214	214	214	213	214	214	214	214	214	214	213	214	213	214	214	214	214	214	214	215	214	215	214	214	214	214	214	214	215	214	214	214	214	214	214	214	215	215	214	214	214	214	214	214	214	214	214	214	213	214	214
399	-811569	214	214	214	214	215	214	215	214	215	214	215	215	214	215	215	214	215	215	214	214	214	214	215	215	214	214	214	214	214	214	214	214	214	214	214	214	214	215	214	215	214	214	214	215	214	214	214	214	215	214	214	214	214	214	214	215	214	214	215	215	215	215	215	215	215	216	215	214	215	214	215	214	215	215	215	215	214	215	215	215	215	215	214	214	214	214	214	215	215	214	215	214	215	214	214	214	214	215	214	214	214	214	214	214	215	214	214	214	215	215	215	214	214	214	215	214	215	215	215	215	214	215	215	215	214	214	214	214
400	-811076	215	215	215	215	215	215	215	215	215	215	215	215	215	215	214	215	215	215	215	215	214	215	215	214	215	215	215	215	215	215	215	215	215	215	215	214	215	214	216	215	215	215	215	216	215	215	215	215	214	215	215	215	215	215	215	215	215	215	215	215	215	215	215	215	215	215	215	214	215	216	215	215	214	215	215	215	215	215	215	215	215	215	216	215	215	215	215	215	215	215	215	215	215	214	214	215	215	215	215	215	215	215	215	215	215	215	215	215	215	215	214	215	215	214	215	215	214	214	214	214	215	213	214	214	214	214	215	215
401	-810584	215	216	216	216	216	216	216	216	216	215	216	217	216	216	216	215	216	216	216	216	216	216	216	217	216	216	216	216	216	216	217	216	216	216	216	216	216	216	216	216	216	215	216	215	215	216	215	216	215	215	215	215	215	215	215	216	216	215	215	215	215	215	215	215	215	215	215	215	215	215	215	215	215	216	216	215	215	216	216	216	216	216	216	216	215	216	216	215	216	216	215	216	215	215	216	216	216	216	215	216	215	215	216	216	216	215	215	215	215	216	215	215	215	216	215	214	215	215	215	215	214	215	216	215	215	215	215	216
402	-810092	217	216	216	216	216	216	216	215	216	216	216	216	216	215	215	216	215	216	216	216	216	216	216	216	216	216	216	216	216	217	216	216	216	216	216	216	216	216	216	216	216	216	216	216	216	216	216	216	216	216	216	217	217	216	217	216	217	217	216	216	216	216	216	216	216	216	216	217	216	216	217	216	216	216	216	216	216	216	216	216	216	216	217	216	216	216	216	216	216	216	216	217	216	216	216	216	216	216	217	216	216	217	216	216	216	216	216	216	216	216	216	216	216	216	216	216	215	215	216	216	216	216	216	216	216	216	216	217
403	-809599	216	216	217	215	216	216	216	216	216	217	216	217	217	216	217	217	217	217	216	216	216	216	216	216	216	216	216	216	216	216	216	216	216	216	216	216	216	217	216	217	216	216	216	216	216	216	217	217	217	216	216	216	217	216	217	217	217	216	217	217	216	217	217	216	216	216	217	216	217	216	216	216	216	217	217	217	217	217	217	216	217	216	216	216	216	216	217	216	217	216	216	217	217	216	217	217	216	216	217	217	216	216	216	216	216	216	216	216	216	216	216	216	217	217	217	216	217	216	216	216	217	216	216	216	216	216	216	217
404	-809107	217	217	217	216	217	217	217	217	217	217	217	217	216	217	217	217	218	218	217	217	217	218	217	217	217	217	217	217	216	217	217	218	217	217	217	217	217	216	217	217	217	217	216	217	217	216	217	216	217	217	217	217	216	216	216	216	217	217	217	216	216	217	217	216	217	217	216	217	217	217	216	217	216	217	217	217	217	217	217	217	217	217	217	217	217	217	217	217	217	217	218	217	217	217	217	217	217	217	218	217	217	217	217	217	217	217	217	218	217	217	217	217	217	217	217	216	217	217	217	217	216	217	216	216	217	217	217	216
405	-808615	217	217	217	217	217	217	217	217	217	218	218	218	217	217	218	217	217	218	218	217	217	217	217	218	218	217	217	217	218	218	218	218	217	218	217	218	218	218	217	217	217	217	217	217	217	218	218	217	217	217	218	218	217	217	218	218	217	218	218	217	218	218	218	217	217	217	217	218	217	217	217	218	217	217	217	217	217	218	217	217	218	217	217	217	217	217	218	217	217	217	218	218	218	218	217	218	218	218	218	217	218	217	218	218	218	218	218	218	218	217	218	217	217	217	217	218	217	217	217	218	217	217	218	217	217	218	217	218
406	-808123	217	218	217	218	218	217	218	217	218	218	218	218	217	218	218	218	218	218	219	218	219	218	219	219	218	218	218	218	219	217	218	218	218	219	218	219	218	218	219	218	218	218	218	219	218	218	218	217	218	218	218	217	218	218	217	218	217	218	218	217	218	217	218	218	218	218	217	218	218	217	218	217	218	218	217	217	218	218	218	217	217	218	218	218	218	218	218	217	217	217	217	218	217	218	218	218	218	218	218	217	218	219	218	218	219	217	218	218	218	219	217	218	218	217	218	218	218	218	218	217	218	218	218	218	217	218	218	218
407	-807630	218	218	219	219	218	219	218	219	218	219	218	218	219	219	219	218	219	219	218	219	219	219	219	218	219	218	219	219	219	219	218	219	218	218	218	218	219	218	218	219	218	219	218	218	218	218	219	219	219	219	219	218	218	218	219	219	218	218	218	219	219	218	219	218	219	219	219	219	218	219	218	219	219	218	219	218	218	219	218	219	219	219	219	218	218	219	219	218	219	218	219	219	219	219	219	219	218	219	218	219	219	218	218	218	218	219	219	218	218	219	218	218	219	219	219	219	219	218	219	219	218	219	219	218	218	218	218	218
408	-807138	219	219	219	219	219	219	219	219	219	219	219	219	219	219	219	220	219	219	219	219	219	219	219	219	219	219	219	219	218	219	219	219	219	219	217	219	220	220	219	219	219	219	219	219	219	219	219	219	219	219	219	219	219	219	219	220	219	220	219	219	219	220	220	219	219	218	218	219	219	219	219	219	219	219	219	219	220	220	219	219	219	220	219	219	219	219	219	219	219	219	219	218	219	219	219	218	220	219	220	220	219	220	219	220	219	219	220	219	219	219	218	219	219	219	219	219	219	219	218	219	219	219	219	219	219	219	219	219
409	-806646	219	220	219	219	219	219	219	219	220	219	219	219	219	219	219	219	219	219	219	219	219	219	218	219	219	219	219	219	219	219	219	220	219	220	219	219	219	219	219	219	220	219	220	219	219	219	219	219	220	220	220	220	220	221	220	220	220	220	220	220	220	220	220	220	220	220	220	220	220	220	220	220	220	220	220	220	220	220	220	220	220	219	220	220	220	220	220	220	219	220	220	219	219	219	220	219	219	219	219	219	219	220	219	219	220	220	220	219	219	220	220	220	219	220	220	219	219	220	219	219	219	220	220	219	220	220	220	219
410	-806153	219	219	220	219	220	220	220	220	220	220	220	220	220	220	220	220	219	220	220	220	220	220	220	220	219	220	220	220	220	220	220	220	220	220	220	220	220	220	222	220	220	220	220	220	220	220	220	220	221	220	220	220	220	220	220	221	220	219	220	221	220	220	220	220	220	220	220	220	220	220	220	221	220	220	220	220	221	220	220	220	220	219	220	220	220	221	219	220	220	220	220	220	220	220	220	220	220	220	219	220	220	220	220	219	220	220	220	219	219	219	219	220	219	220	219	220	220	219	220	220	220	220	220	220	220	220	220	220
411	-805661	220	220	220	220	220	220	220	220	220	220	220	220	220	220	220	220	220	220	220	219	220	219	220	220	220	220	220	219	220	221	220	221	220	220	220	220	221	220	220	220	220	221	220	221	221	220	222	221	220	221	220	220	220	220	220	220	220	220	221	221	221	220	221	221	221	220	220	221	220	220	221	221	220	220	220	221	221	221	221	221	221	220	221	221	220	221	221	221	221	221	220	220	220	220	221	220	221	220	221	221	220	220	220	222	221	221	221	220	221	221	221	221	221	221	221	220	221	221	221	221	221	220	220	220	220	220	221	220
412	-805169	220	221	221	221	221	221	221	221	220	221	221	221	221	221	221	221	221	221	221	221	221	220	220	220	220	221	220	220	221	220	221	220	221	221	221	221	221	221	221	220	220	220	220	221	220	220	221	220	221	221	221	221	221	221	221	221	221	221	221	221	221	221	221	222	221	221	221	221	221	221	221	221	222	221	221	222	221	222	221	221	222	221	222	221	220	222	221	222	222	221	222	222	222	221	222	222	221	221	221	221	221	220	221	221	221	221	221	221	220	221	221	220	221	221	220	220	221	221	220	220	220	220	221	220	220	220	220	221
413	-804676	221	220	221	221	222	221	221	222	222	221	222	222	222	221	221	222	221	221	221	221	221	221	222	221	221	221	221	221	221	221	221	222	221	221	222	222	222	221	221	222	222	222	221	222	221	222	222	222	222	221	221	222	221	221	222	221	221	220	221	221	221	222	222	222	221	221	221	221	222	221	221	221	221	221	221	221	222	221	221	221	222	222	221	221	221	221	220	221	221	220	221	222	221	221	221	221	221	221	221	222	222	221	222	222	221	222	221	222	221	221	221	221	221	221	221	221	221	221	221	221	221	222	222	221	222	222	222	222
414	-804184	222	222	221	222	222	222	222	222	222	222	222	222	222	222	222	222	223	222	222	222	222	222	223	222	222	222	222	221	222	222	222	221	222	222	221	221	222	222	222	222	221	221	222	222	221	222	221	221	222	221	222	221	221	222	221	221	222	221	221	221	222	221	221	222	221	222	221	222	221	222	222	222	222	222	222	222	222	222	221	222	222	222	222	222	222	221	222	222	222	222	221	222	222	222	222	222	222	222	221	221	221	221	222	222	222	221	222	222	222	222	221	221	222	222	222	222	222	221	222	222	222	222	222	221	222	221	221	222
415	-803692	223	223	223	223	223	223	223	223	223	223	223	223	223	222	223	223	222	223	223	223	223	223	223	222	223	223	223	222	222	223	222	222	222	222	223	222	223	222	222	221	222	222	222	222	222	222	222	222	222	222	222	222	221	221	221	222	222	222	223	221	222	222	222	223	222	222	222	222	222	222	223	222	223	223	222	223	222	223	223	223	223	222	222	222	222	223	222	222	222	222	223	222	222	221	222	222	222	223	222	222	223	222	222	222	222	223	223	222	222	222	222	222	222	223	222	221	222	222	223	222	223	222	223	222	222	222	223	222
416	-803199	223	223	223	223	224	223	223	223	223	223	223	223	222	222	223	222	223	223	222	223	223	223	223	222	223	224	223	223	223	224	223	223	223	223	223	223	223	223	223	224	223	223	223	223	223	223	224	223	223	223	223	223	222	223	223	223	223	223	223	223	223	224	223	223	223	223	223	223	223	222	222	223	223	224	223	222	224	223	223	223	223	223	223	223	223	224	223	223	223	223	224	223	223	223	223	223	223	224	224	223	224	222	223	223	224	223	223	223	222	223	223	223	223	223	222	223	222	223	223	223	223	223	224	223	223	222	223	223
417	-802707	223	224	224	222	223	223	223	223	223	224	223	223	223	223	223	224	224	224	224	223	224	223	224	223	223	223	223	223	223	224	223	223	223	223	224	224	223	224	224	224	224	224	224	224	224	224	224	224	224	224	223	223	224	224	223	223	224	224	223	223	224	224	223	223	224	224	223	223	223	223	223	223	223	223	223	222	223	223	223	224	223	223	223	223	223	223	223	224	223	223	223	223	223	223	224	223	223	223	223	223	223	223	224	223	223	224	224	224	223	224	223	224	224	224	223	223	223	224	223	224	223	224	223	224	224	224	223	224
418	-802215	223	224	224	224	224	224	224	224	225	224	224	224	224	225	224	224	224	224	224	224	224	224	224	224	224	224	224	224	224	224	224	224	224	224	224	224	224	224	224	224	224	224	224	224	224	224	223	224	224	223	223	224	224	224	223	224	224	224	223	224	224	224	223	224	223	223	223	224	223	224	224	223	224	224	224	224	224	224	224	224	225	224	224	224	224	224	225	225	224	224	224	224	224	224	224	224	224	224	224	224	225	225	225	225	225	224	224	224	224	224	224	224	224	224	224	224	224	224	224	224	224	224	223	224	224	224	224	224
419	-801723	224	224	224	224	224	224	223	223	224	223	223	224	224	224	224	224	224	224	224	224	224	224	224	224	224	224	224	224	224	224	224	224	224	223	223	223	223	224	224	224	224	224	224	225	225	225	224	224	225	224	224	225	224	224	224	224	225	224	224	225	225	225	225	224	225	224	224	225	224	225	224	224	225	224	225	225	224	224	224	224	224	224	224	224	224	224	224	223	224	224	224	224	224	224	224	224	225	224	224	224	223	224	224	224	224	224	224	224	224	224	223	224	224	223	224	224	225	225	224	224	225	225	224	224	224	224	224	224
420	-801230	224	224	225	224	225	225	225	225	225	225	225	225	225	225	226	225	225	225	225	225	225	225	225	225	225	225	225	225	225	225	225	225	225	225	225	225	225	225	224	225	224	225	224	225	225	225	225	225	225	224	225	225	225	225	225	225	225	225	225	225	225	225	225	225	225	225	225	225	224	225	225	225	225	225	225	225	225	225	225	225	225	224	225	225	224	224	224	225	225	225	224	224	225	224	225	225	225	225	225	225	224	225	225	225	225	224	225	225	224	225	225	225	225	224	225	225	225	225	225	225	224	225	225	225	225	224	225	224
421	-800738	226	226	226	225	225	225	225	225	225	224	224	225	224	225	225	225	225	225	225	225	225	225	225	225	224	225	225	224	225	225	224	224	224	223	224	225	225	224	225	224	225	225	225	225	225	226	225	225	224	225	225	225	225	225	225	226	225	225	226	225	226	226	226	225	226	227	226	225	225	226	226	226	226	225	226	225	225	225	225	225	225	225	225	225	225	225	225	224	225	225	225	225	225	225	225	225	225	225	225	224	225	224	225	225	225	224	225	225	224	224	225	225	225	225	225	226	226	226	226	225	225	226	226	226	226	226	225	225
422	-800246	226	226	226	226	225	226	226	226	225	225	226	226	226	226	226	227	225	226	227	226	226	226	226	227	225	226	226	225	225	226	226	225	225	225	226	225	226	226	225	225	225	226	225	225	225	225	225	226	226	226	225	226	225	225	226	226	226	225	226	226	225	226	225	225	226	225	226	226	226	226	226	225	226	226	226	226	225	226	226	225	225	225	225	226	225	226	226	226	226	226	226	226	226	226	226	226	226	226	226	225	226	226	226	225	225	226	225	225	225	226	226	226	226	226	226	226	226	226	226	226	226	226	226	226	226	226	226	227
423	-799753	227	226	226	226	226	226	226	226	226	226	226	226	226	226	226	226	226	226	227	226	226	226	226	227	226	226	226	226	227	226	226	227	227	226	226	226	226	226	226	226	226	226	226	227	226	226	227	226	227	226	226	226	226	226	226	226	226	226	226	226	226	226	226	226	226	227	226	227	226	226	226	226	227	226	226	226	226	226	226	226	226	226	227	226	226	227	227	227	227	226	227	227	227	227	226	227	227	226	227	227	226	227	226	227	227	227	227	226	227	227	227	227	226	227	227	227	227	226	227	226	227	226	226	226	226	226	226	226
424	-799261	226	227	226	226	226	226	226	226	226	226	226	226	226	226	226	227	227	226	227	226	226	227	226	226	225	226	226	226	226	226	227	226	227	227	227	227	226	227	227	226	227	226	227	227	226	227	227	227	227	227	226	227	227	227	228	228	227	228	227	227	227	228	227	227	227	227	227	227	227	227	227	227	226	226	227	227	227	227	228	227	227	227	227	227	227	227	227	226	227	226	227	226	227	226	227	227	226	227	227	227	227	226	227	226	226	226	227	227	227	227	226	227	227	227	227	227	226	226	227	228	227	227	227	227	228	228	228	227
425	-798769	227	227	227	226	227	227	227	227	227	227	227	227	227	227	227	225	226	226	227	227	226	227	227	227	227	227	227	227	228	227	227	227	227	228	228	227	227	227	227	227	227	227	226	228	227	227	227	227	228	227	228	228	228	227	228	228	227	228	227	227	227	227	227	227	227	227	227	227	228	227	227	227	226	227	227	227	227	228	226	227	227	227	227	227	227	227	227	228	228	227	228	227	227	227	227	227	227	227	227	227	227	227	228	227	227	227	227	228	227	227	228	227	228	227	227	227	227	227	228	228	227	227	227	228	227	227	228	227
426	-798276	228	228	227	228	228	228	228	229	228	228	228	228	228	228	228	228	228	228	229	228	228	228	228	228	228	228	228	228	228	227	228	228	228	228	228	228	228	227	227	228	228	228	227	227	227	227	228	228	228	228	227	228	228	228	228	227	228	227	228	228	228	227	227	228	227	228	227	228	227	227	228	228	228	228	228	228	228	228	228	227	228	228	228	228	228	228	228	228	228	229	229	229	228	229	228	227	228	228	228	228	227	227	228	228	228	227	227	228	227	227	228	227	227	227	228	228	228	227	228	228	228	228	227	228	227	227	227	227
427	-797784	228	228	228	228	228	228	228	229	228	228	228	228	228	228	228	228	228	228	228	228	228	228	229	228	228	228	228	228	228	228	228	229	227	229	227	228	228	228	228	228	228	228	228	228	228	228	228	228	229	228	228	228	228	228	228	228	229	228	229	228	228	228	229	229	229	229	228	229	229	229	229	228	228	229	229	228	228	228	229	229	229	229	229	228	228	228	229	228	228	228	228	229	229	228	228	228	228	229	228	229	228	228	229	228	228	229	228	228	228	228	228	228	228	228	230	228	228	228	227	228	228	228	228	229	228	228	229	228
428	-797292	229	229	229	229	229	228	229	229	229	229	228	230	229	229	229	229	229	228	229	229	229	229	228	228	228	229	229	228	228	229	229	229	228	229	229	229	229	229	229	228	229	228	228	228	228	229	228	229	228	228	229	228	229	228	228	229	228	229	229	229	228	229	229	229	229	229	229	228	228	228	229	228	229	228	229	229	229	229	229	229	229	230	229	230	229	229	229	229	229	229	229	230	229	228	229	229	228	229	229	229	228	229	228	229	229	229	229	229	229	229	229	229	229	229	229	228	229	228	229	229	228	228	228	228	228	229	228	228
429	-796799	229	230	229	229	230	229	229	230	230	229	230	229	230	229	230	229	230	230	229	230	230	229	229	229	229	229	229	229	229	229	229	228	229	229	229	229	229	230	229	229	229	229	230	229	230	229	229	229	228	229	230	231	229	229	229	229	229	230	230	230	229	229	230	230	230	230	230	230	230	229	229	230	230	230	230	229	230	229	230	230	230	229	229	229	230	230	230	229	229	228	230	229	229	229	229	229	229	229	229	229	229	229	229	229	229	229	229	229	229	230	229	229	229	230	230	229	229	229	229	229	229	229	229	229	230	229	229	229
430	-796307	229	229	229	229	230	230	229	229	229	230	230	229	230	230	230	229	230	230	230	229	230	229	229	230	229	229	229	229	230	229	229	229	229	230	230	230	230	229	230	230	230	230	230	230	229	230	230	229	230	229	230	230	229	230	230	230	230	230	230	230	230	230	230	230	230	230	231	230	230	230	230	230	231	229	230	230	230	230	229	230	231	230	230	229	229	229	229	230	229	230	229	230	230	230	230	230	230	229	230	230	230	230	229	229	230	229	229	229	230	230	230	229	229	230	230	230	230	231	230	230	229	230	230	230	230	231	230	230
431	-795815	230	230	230	231	231	230	230	231	230	231	230	230	230	230	230	230	230	230	230	230	230	232	231	230	231	230	231	231	231	231	230	231	231	231	230	230	230	230	231	231	230	230	230	231	230	231	231	231	231	231	231	230	230	230	230	230	230	231	230	230	230	230	230	230	230	230	230	231	230	231	231	230	231	230	231	230	231	230	230	231	230	231	231	231	231	230	231	231	230	231	230	230	231	231	231	230	230	230	231	231	231	231	230	231	231	230	231	230	231	230	231	230	230	230	230	230	230	230	228	230	229	230	230	230	230	230	230	230
432	-795323	231	231	230	230	231	231	231	231	231	230	231	231	231	231	231	231	231	231	232	231	231	231	231	230	230	231	231	231	231	230	231	231	231	231	230	230	231	231	231	231	230	230	230	231	230	230	230	230	230	230	230	231	230	231	231	231	230	231	231	231	231	231	231	231	232	231	231	231	231	230	231	230	231	231	231	230	231	231	231	231	232	230	231	230	231	231	231	231	231	231	231	231	231	231	231	231	230	230	231	231	231	231	231	231	230	230	231	231	231	231	231	231	230	230	230	230	231	230	230	230	231	231	231	231	231	231	231	231
433	-794830	231	231	231	231	231	231	231	231	231	231	231	231	231	231	231	231	231	231	231	231	231	231	231	231	231	231	231	231	231	231	231	231	232	231	232	232	231	232	231	232	232	231	232	231	231	232	232	232	231	232	232	231	232	232	231	231	232	231	231	231	231	232	231	232	232	231	232	231	232	231	231	231	231	231	231	231	231	231	231	231	231	231	231	231	231	231	231	231	232	231	231	231	231	231	231	231	231	231	231	230	231	229	230	231	231	231	231	232	232	232	232	231	231	231	231	231	231	231	231	231	231	231	231	231	231	231	231	231
434	-794338	232	233	232	232	233	232	232	232	232	232	231	231	232	231	232	232	232	232	231	232	232	232	232	231	231	232	232	232	232	232	232	231	231	231	231	232	232	232	231	232	232	231	231	232	231	232	232	232	232	232	232	232	232	231	232	231	232	232	232	232	232	232	232	232	232	232	232	231	232	231	231	232	232	231	231	232	232	232	232	231	232	231	231	231	232	231	231	231	231	231	232	231	231	231	231	231	231	232	231	231	231	231	231	231	231	231	231	231	231	231	232	231	232	231	232	232	232	232	231	232	231	232	231	232	232	232	231	231
435	-793846	233	233	233	232	232	232	232	233	232	232	232	232	232	232	232	232	233	232	232	233	232	233	232	232	233	232	232	232	231	232	232	232	234	232	232	232	232	232	232	232	232	232	232	232	233	232	232	232	232	233	232	232	233	232	232	233	232	232	233	232	232	232	232	232	233	232	232	232	232	232	232	232	232	232	232	232	232	233	233	232	233	233	233	233	232	233	233	232	233	233	233	232	232	232	232	232	232	232	232	232	232	232	232	232	232	232	231	232	232	232	232	231	231	232	232	232	232	232	232	232	232	232	232	231	233	232	232	232
436	-793353	232	233	233	233	233	233	233	233	232	233	232	233	233	232	232	232	232	232	232	233	232	233	232	233	232	233	233	232	233	233	233	233	232	233	233	233	232	233	232	233	233	232	232	233	232	234	233	232	232	233	233	234	232	233	232	233	232	233	232	233	232	232	233	233	233	233	233	233	233	233	233	233	233	233	233	232	233	233	233	232	233	233	233	233	233	233	234	234	233	233	233	233	233	233	233	233	232	233	233	232	233	233	233	232	233	233	233	233	233	233	232	233	233	233	233	233	232	233	232	233	233	233	233	233	233	233	233	233
437	-792861	233	233	233	233	233	233	233	233	233	233	233	233	233	233	233	233	233	233	233	233	233	233	232	233	233	233	233	233	233	233	233	233	233	233	233	233	232	233	233	233	233	233	233	232	233	233	233	233	233	233	233	233	233	233	232	233	233	234	234	234	234	233	233	233	233	234	233	233	234	233	234	234	234	234	234	234	234	234	233	234	233	234	233	233	233	233	234	233	233	234	233	233	233	233	233	233	233	233	233	233	233	232	233	233	232	233	232	232	233	233	233	232	233	233	233	233	234	233	233	233	232	233	233	233	233	232	233	233
438	-792369	234	233	233	232	233	233	233	233	233	233	233	234	233	234	234	235	234	234	234	234	234	233	234	234	234	234	233	234	234	234	234	233	234	234	233	234	234	234	234	234	234	234	234	234	234	234	234	234	233	234	233	233	234	234	233	233	234	234	233	233	234	233	233	233	233	234	233	233	233	233	233	233	233	233	233	233	233	233	233	233	233	233	233	233	233	233	233	233	234	234	233	234	233	233	234	234	233	233	233	233	233	234	233	234	234	234	234	234	234	234	235	233	233	234	234	234	234	235	234	234	234	234	234	234	233	234	233	233
439	-791876	234	234	233	234	234	234	234	234	234	234	234	235	234	234	234	235	234	235	235	235	234	234	234	234	234	234	234	234	234	234	234	234	234	234	234	234	235	234	234	234	234	234	233	233	234	234	234	234	233	234	234	234	234	234	235	234	235	234	235	235	235	235	234	234	235	235	235	235	234	235	235	234	234	235	234	234	235	234	235	234	234	234	234	235	234	234	235	234	234	234	234	235	234	234	234	234	234	234	234	234	234	234	234	234	234	234	233	234	234	234	234	234	234	234	234	234	234	234	233	233	234	233	233	233	233	233	234	234
440	-791384	234	234	235	235	234	235	235	234	235	235	235	235	235	233	235	235	235	235	235	235	235	235	235	235	235	236	235	235	235	234	235	235	235	235	234	234	235	235	235	234	235	235	236	235	235	235	235	235	235	235	235	235	234	234	234	235	235	235	235	235	236	235	235	235	235	235	235	235	235	235	235	235	235	234	234	235	235	235	235	234	234	234	235	235	235	235	235	235	234	235	235	235	235	234	234	234	235	235	234	234	235	235	234	234	234	233	234	234	235	233	235	235	235	235	234	234	234	235	235	235	234	235	234	234	235	235	235	234
441	-790892	235	234	235	234	235	235	235	235	236	235	235	235	235	235	235	235	235	235	235	235	235	235	235	236	236	236	236	235	235	236	235	235	235	235	235	235	235	235	235	235	235	235	236	235	235	235	235	235	235	235	235	236	236	235	235	234	235	235	235	235	235	235	235	235	235	235	235	235	235	235	236	235	235	235	236	235	236	235	236	235	236	236	236	236	235	236	236	235	235	235	235	236	235	236	235	235	235	236	236	235	236	236	236	235	236	235	235	235	235	236	235	235	235	235	235	236	236	235	235	235	235	235	235	235	235	235	235	235
442	-790399	236	236	236	236	236	236	236	235	236	235	236	236	235	236	235	236	236	236	236	234	235	235	235	235	235	236	235	235	235	235	236	235	236	235	235	236	236	236	236	235	236	236	236	235	236	236	236	237	236	236	236	236	236	236	236	236	235	236	235	236	236	236	236	236	236	235	236	235	236	236	235	236	236	236	236	235	235	236	235	236	236	236	235	236	235	235	235	235	235	236	235	235	236	236	236	235	236	235	236	235	236	235	235	235	235	235	235	235	235	235	235	235	235	235	235	235	235	235	235	235	236	236	236	235	235	236	235	235
443	-789907	236	237	236	236	236	236	236	236	236	236	237	236	236	236	236	236	236	236	236	236	236	236	236	236	236	236	237	237	236	237	237	237	236	236	236	236	236	235	236	236	235	236	236	234	236	236	236	236	236	235	235	236	236	236	236	236	236	236	236	236	236	236	235	236	235	236	236	235	236	236	237	236	237	237	236	236	236	236	236	236	236	236	236	236	236	236	236	236	235	236	236	236	236	236	236	236	236	236	236	236	236	236	236	236	236	236	235	236	236	236	236	236	236	236	236	236	236	236	235	236	236	236	236	236	236	236	236	236
444	-789415	237	236	236	236	236	236	236	236	236	236	236	236	236	237	237	237	236	236	236	236	237	236	236	236	236	237	237	236	237	236	237	237	237	237	237	237	237	237	237	237	237	237	237	236	237	236	237	237	237	237	237	236	235	237	237	237	237	237	237	237	237	238	237	237	237	237	237	237	237	237	237	237	236	237	237	237	236	236	236	237	237	237	236	236	236	237	237	236	236	236	236	237	236	236	237	237	237	236	236	236	236	236	236	236	236	236	237	237	236	236	237	237	237	237	237	236	237	237	237	237	237	237	237	237	236	237	237	236
445	-788923	237	237	236	237	236	237	236	237	237	236	237	236	236	236	237	237	237	236	237	237	237	237	237	237	236	237	237	237	237	237	237	238	237	238	238	236	237	237	237	237	237	236	238	237	237	237	237	236	238	237	237	238	236	237	237	237	238	237	237	237	237	236	237	237	237	237	237	237	237	237	238	237	237	238	237	237	238	237	237	237	237	237	238	238	238	237	237	237	238	237	239	237	237	238	238	238	238	237	238	237	238	237	237	237	237	237	238	237	238	237	237	237	237	238	237	237	237	237	237	237	237	237	237	237	237	237	237	237
446	-788430	238	238	238	239	238	238	238	238	239	238	237	238	237	237	237	237	237	237	236	237	237	237	237	237	237	237	237	237	237	237	237	237	237	237	238	237	238	237	237	237	237	238	237	237	238	237	238	238	238	237	238	238	238	238	238	237	238	238	238	237	238	238	238	238	238	238	238	238	239	238	238	238	238	238	237	238	238	238	238	237	237	237	237	238	237	237	237	238	237	238	237	237	237	237	237	237	237	237	237	237	237	237	238	237	237	238	238	238	238	238	238	238	237	238	238	238	238	237	237	238	237	238	237	238	238	238	238	238
447	-787938	238	238	238	238	238	238	238	238	238	238	238	238	237	238	238	238	238	238	238	238	238	238	238	238	238	238	239	239	238	239	239	239	239	238	238	237	238	238	238	238	238	238	238	238	238	238	238	238	238	238	238	238	239	238	239	238	238	238	238	239	238	238	238	238	238	238	238	238	238	238	238	238	238	238	239	238	239	237	238	238	238	238	238	238	238	238	238	238	238	238	239	238	238	238	238	238	238	238	238	238	238	238	238	238	238	238	239	238	239	238	238	239	238	239	238	239	238	238	238	238	238	238	239	238	239	238	239	239
448	-787446	238	238	238	238	238	238	238	239	238	238	239	239	239	238	238	238	238	239	239	238	239	238	238	239	239	239	239	239	239	238	239	240	239	239	238	239	239	239	239	238	239	239	239	239	238	238	238	238	238	238	238	238	239	239	238	239	240	239	240	239	239	239	239	238	239	239	239	239	238	239	239	239	238	238	239	238	238	239	239	239	239	239	239	239	239	239	239	239	238	239	238	238	239	238	239	239	238	238	238	239	239	239	238	240	239	239	239	238	239	239	238	239	239	239	239	238	238	238	239	238	238	239	238	239	239	239	238	238
449	-786953	239	240	240	239	239	238	238	239	239	239	238	238	239	238	239	239	239	238	239	239	238	238	239	239	239	239	239	239	239	239	240	240	239	239	239	239	239	240	239	239	240	239	240	240	240	240	239	239	239	240	239	240	239	240	240	240	240	239	239	239	239	240	240	239	239	239	239	239	239	239	239	239	239	240	239	239	239	239	239	240	240	239	240	239	239	239	238	240	239	239	239	239	239	239	239	239	238	238	238	238	239	239	239	239	239	239	239	240	239	239	239	239	239	239	238	239	238	239	239	240	240	240	240	239	239	239	240	240
450	-786461	239	241	240	240	240	240	240	241	240	240	240	240	240	240	241	240	240	240	240	240	240	240	240	240	240	240	240	240	240	240	240	240	240	240	240	240	240	240	240	239	240	239	238	239	240	240	240	240	240	240	240	240	240	240	240	240	240	239	240	239	239	240	240	240	240	239	240	239	240	240	239	240	240	240	240	240	241	240	240	240	241	239	239	239	239	240	239	239	240	239	240	239	239	240	240	240	240	240	240	239	239	239	240	239	239	239	240	240	239	240	240	239	240	240	240	240	240	240	240	239	240	240	240	240	240	240	240	240
451	-785969	240	240	241	241	240	241	240	240	240	241	241	241	240	240	240	241	240	240	240	240	240	240	240	240	240	240	241	240	240	240	240	240	240	240	240	240	240	239	239	239	239	240	240	239	240	240	240	240	240	240	240	240	240	240	240	240	241	240	240	240	240	240	240	240	240	240	241	241	240	240	240	240	240	240	240	240	239	240	240	240	240	240	240	240	241	240	241	240	241	240	240	240	240	240	240	240	240	240	240	240	240	240	240	241	240	240	240	240	240	240	240	240	240	240	240	240	240	240	240	240	240	240	240	240	241	240	240	240
452	-785476	241	241	241	241	241	240	241	241	240	241	240	240	240	241	241	241	240	240	240	240	240	240	240	240	240	241	241	240	240	240	240	240	240	240	240	240	241	240	240	240	240	241	240	241	240	239	239	240	240	240	240	241	240	241	241	241	241	241	241	242	241	241	241	241	240	242	242	241	241	241	242	241	241	240	241	240	240	241	241	241	241	240	241	241	241	241	240	241	241	240	240	240	240	239	240	241	240	240	240	240	240	240	240	240	240	241	240	240	240	240	241	240	240	240	240	241	240	240	240	240	240	242	240	241	241	241	240	240
453	-784984	241	241	240	241	241	241	241	240	240	241	241	241	241	241	241	241	241	241	242	241	242	241	241	241	241	241	241	241	242	241	241	241	241	241	242	241	242	241	241	242	241	241	240	241	241	241	241	241	241	241	241	241	241	241	241	241	240	241	241	241	241	241	241	240	240	241	241	241	241	241	241	241	242	241	241	242	241	241	241	241	241	241	241	241	241	242	242	242	241	241	241	241	241	242	241	240	242	242	242	241	241	241	242	241	241	242	241	242	241	241	241	241	241	241	241	241	241	241	241	242	241	241	241	241	241	241	242	241
454	-784492	241	241	241	241	241	241	240	241	241	241	241	241	241	241	242	241	241	241	241	241	241	241	241	241	241	241	241	241	241	241	241	241	241	241	241	241	241	241	241	241	241	241	241	241	242	241	241	241	241	242	242	241	242	241	242	242	242	241	241	241	242	242	242	241	242	242	242	241	242	242	242	242	241	242	242	242	242	241	243	242	242	243	242	242	242	242	243	242	241	241	241	241	241	241	241	241	242	241	241	242	242	242	241	242	242	242	242	241	242	242	241	241	241	241	241	242	241	241	241	241	241	241	241	242	242	242	242	242
455	-783999	242	243	243	242	243	242	242	242	242	242	243	242	242	242	243	242	243	243	243	243	242	242	243	242	242	243	242	243	242	242	242	243	243	242	242	243	242	242	242	242	242	242	241	242	243	242	242	242	242	242	242	242	242	242	242	242	242	241	242	243	243	243	242	243	242	243	243	242	243	242	242	242	243	242	242	242	242	242	243	242	242	242	242	243	242	242	243	242	242	242	243	242	242	242	242	242	242	242	242	241	241	241	242	241	242	242	241	242	242	242	242	242	243	242	242	242	242	242	241	241	242	241	242	241	242	241	242	242
456	-783507	243	243	243	243	242	243	243	242	243	243	242	243	243	243	243	243	242	243	243	244	243	243	243	242	243	243	243	243	243	243	243	243	243	244	243	243	243	243	243	243	243	243	243	243	243	243	242	242	242	242	243	243	241	242	243	242	242	242	243	243	243	242	243	243	243	243	242	243	242	242	243	242	243	243	242	243	243	243	242	243	243	243	243	243	243	243	243	243	243	244	243	243	243	242	243	243	243	243	243	242	243	242	243	242	243	242	242	243	242	242	242	242	242	242	242	241	243	242	242	242	242	242	242	242	242	242	243	242
457	-783015	242	243	243	243	242	243	243	243	243	243	243	243	243	243	243	243	243	243	243	243	243	242	243	243	243	243	243	244	244	243	243	243	243	243	243	243	243	243	243	243	243	243	244	243	243	243	244	244	244	243	243	243	243	244	242	243	243	243	243	243	243	243	243	244	243	243	243	243	243	243	243	243	243	243	243	243	243	243	243	243	243	243	243	243	243	243	243	243	243	244	243	244	245	243	243	243	243	243	244	243	243	244	243	243	244	244	244	243	243	243	243	244	244	244	243	243	244	243	244	244	243	243	243	243	243	244	243	243
458	-782523	244	244	244	244	243	244	244	243	244	244	244	243	243	244	243	243	243	243	242	243	243	243	243	243	243	243	243	244	244	243	243	243	243	243	243	244	244	243	244	243	243	244	243	244	243	243	244	243	243	243	243	244	243	244	243	244	243	243	244	244	244	245	244	244	244	244	245	244	244	244	244	244	244	244	244	244	244	244	244	244	245	244	244	244	244	244	245	244	244	245	244	244	244	244	243	243	244	244	244	244	243	244	243	243	244	244	242	243	243	243	244	244	243	243	244	244	243	243	244	243	243	244	243	243	243	244	243	244
459	-782030	245	244	244	245	244	244	244	245	244	244	243	244	244	244	244	244	244	244	245	245	244	244	245	244	244	244	244	243	244	244	244	243	244	244	244	244	245	244	244	244	244	244	244	244	244	245	244	244	244	244	244	244	243	244	244	244	244	243	244	244	244	244	244	244	244	245	244	245	245	244	244	244	244	244	244	244	244	244	245	245	245	245	244	244	244	244	245	244	244	244	244	245	244	244	244	243	244	243	244	243	244	244	244	245	244	244	243	244	244	244	244	244	244	245	244	245	244	244	245	244	245	244	245	245	244	245	245	246
460	-781538	244	244	244	245	244	244	244	244	244	244	245	245	245	244	244	245	245	244	245	244	245	245	244	245	244	246	244	244	244	244	245	245	244	244	244	245	245	244	244	245	245	245	245	245	245	245	245	245	244	245	244	244	245	245	245	245	245	245	244	245	245	245	245	244	245	245	244	245	245	245	244	244	245	245	244	244	244	245	244	244	245	244	244	244	244	245	245	244	244	244	244	244	244	244	244	244	244	245	244	245	244	244	244	244	245	244	244	244	245	244	244	244	245	244	244	244	244	244	244	245	244	244	244	245	245	244	244	244
461	-781046	246	245	245	245	245	244	246	246	246	245	245	246	246	246	245	246	245	246	245	246	245	246	246	245	245	245	245	245	245	245	246	245	245	245	245	245	245	245	245	245	244	245	246	245	245	245	245	245	245	245	245	245	245	245	246	246	245	246	245	245	245	245	245	245	245	246	245	244	245	245	244	245	245	245	245	245	245	244	245	245	245	245	245	244	245	245	244	245	244	245	245	245	245	245	245	245	245	245	245	247	245	245	245	244	245	245	245	245	245	245	245	245	245	244	245	245	245	245	243	245	245	245	245	245	245	245	245	245
462	-780553	246	246	245	246	246	246	245	246	246	246	246	245	246	246	246	246	245	246	246	246	246	245	246	246	245	246	245	246	245	246	246	245	246	246	246	245	246	246	246	246	246	246	245	246	246	246	246	245	246	245	246	246	245	245	247	246	245	246	245	246	246	245	245	245	246	245	246	246	245	246	246	245	245	245	246	246	246	246	246	246	246	246	246	246	246	246	246	246	246	246	246	246	246	245	245	245	246	246	246	246	245	246	246	246	246	246	246	246	246	246	245	247	246	246	246	245	246	246	246	246	245	245	245	246	246	245	246	246
463	-780061	246	246	247	246	246	247	246	246	246	246	246	246	246	246	246	246	246	246	246	246	246	246	246	246	246	246	246	246	246	246	246	245	245	245	246	246	246	246	246	246	245	246	246	246	246	246	246	246	246	247	247	247	246	247	247	246	247	247	247	247	246	246	246	246	246	246	246	245	246	246	246	246	245	246	246	245	246	246	246	246	245	246	245	246	246	245	246	246	245	246	245	246	246	246	246	246	246	246	246	245	246	245	246	245	245	246	246	246	246	245	246	245	246	245	246	246	246	246	246	247	246	246	246	246	246	247	245	246
464	-779569	247	246	247	247	247	247	246	247	247	247	248	247	247	246	247	247	247	248	247	246	247	246	247	248	247	246	246	247	246	247	247	246	247	246	247	247	247	247	247	247	246	247	246	247	247	246	246	246	246	246	246	247	246	247	247	246	247	246	247	247	247	247	246	247	246	247	246	246	246	246	247	247	246	246	247	246	247	247	247	247	246	247	247	246	247	246	246	246	246	246	246	246	247	246	246	246	246	246	246	246	246	246	246	246	246	247	246	247	246	247	246	246	247	246	246	247	247	246	246	246	247	246	246	247	246	246	246	246
465	-779076	247	247	247	247	247	246	247	247	248	247	247	247	247	248	247	247	247	247	247	248	247	247	247	247	247	246	247	246	247	247	246	247	247	247	247	246	248	247	247	247	247	247	247	248	247	246	248	247	247	247	247	248	247	247	247	247	247	247	247	247	248	247	246	247	247	247	247	247	247	247	247	248	247	247	247	248	247	247	247	248	247	247	247	247	247	248	247	246	247	247	247	247	247	247	247	248	247	247	247	247	248	248	248	248	247	247	248	247	247	247	247	247	247	248	247	247	247	247	247	247	247	247	247	248	247	246	248	247
466	-778584	248	247	248	248	248	248	248	248	248	248	247	247	248	248	247	247	247	248	247	247	247	247	247	247	247	247	247	247	247	247	247	247	247	246	247	247	247	247	247	247	247	247	247	247	247	247	247	247	247	247	247	247	247	248	247	248	247	248	248	247	247	248	247	247	247	247	248	248	248	248	248	248	247	248	247	248	247	247	247	247	247	247	247	248	247	248	247	247	247	247	247	247	247	247	247	247	247	247	247	247	247	247	247	247	247	248	248	248	247	247	247	248	248	247	247	248	248	247	248	247	248	248	247	247	247	247	248	248
467	-778092	248	248	249	249	249	249	249	249	249	249	248	249	249	248	249	249	249	248	248	248	248	249	247	248	248	248	248	248	248	248	248	249	248	248	248	248	249	248	248	248	248	248	248	248	248	248	248	247	248	248	248	248	248	249	248	248	248	248	248	248	249	248	249	248	247	248	248	248	248	248	248	248	248	249	249	248	248	249	249	248	249	249	248	248	248	249	248	248	248	248	248	248	248	248	248	248	248	248	248	248	248	248	249	248	248	248	248	249	249	248	248	248	248	248	248	247	248	248	247	248	247	248	248	248	248	248	248	248
468	-777599	249	249	249	249	249	249	249	249	248	249	248	249	249	249	249	248	249	248	249	248	248	248	249	249	249	249	249	249	249	248	248	248	249	248	249	248	248	249	248	249	248	249	248	249	248	249	249	249	249	249	248	249	248	249	248	249	249	248	248	248	249	248	248	249	249	249	248	249	249	248	249	249	248	249	248	248	248	248	249	247	249	248	248	248	248	248	248	248	248	249	249	248	248	248	248	249	248	248	248	249	248	248	248	248	248	248	248	248	248	248	248	248	249	249	249	248	248	249	248	248	248	248	249	248	248	249	248	249
469	-777107	249	249	249	249	249	249	249	249	249	249	249	249	249	249	250	249	249	249	249	250	249	249	249	249	249	249	249	249	249	250	249	250	249	249	249	249	249	249	248	249	249	249	248	248	249	249	249	249	249	249	249	249	248	249	249	249	249	248	249	250	248	249	248	249	249	248	249	248	250	249	249	249	249	249	249	249	249	248	248	248	249	249	248	249	248	249	249	248	248	249	249	249	248	249	249	249	249	249	249	249	249	249	249	249	248	249	249	249	249	249	249	248	249	249	248	248	248	248	248	248	248	248	249	248	248	249	248	249
470	-776615	249	248	249	249	249	249	249	250	249	249	249	249	249	249	249	250	249	249	249	249	249	250	249	249	249	249	250	249	248	250	249	249	250	249	250	249	249	249	250	249	249	250	249	250	249	249	249	249	251	249	249	250	249	250	251	249	250	250	250	250	250	250	250	249	249	250	250	249	249	249	249	249	249	250	249	250	249	249	250	249	250	250	250	249	249	250	249	249	250	250	249	249	249	250	249	250	250	250	249	250	250	250	250	250	250	250	250	250	250	250	250	250	250	250	250	250	250	250	250	250	249	250	250	250	250	250	250	250
471	-776123	250	250	250	250	250	250	251	250	250	250	250	250	250	250	250	250	250	250	250	250	250	250	249	250	250	249	250	250	250	250	250	250	250	251	250	250	250	250	250	249	249	250	250	249	250	250	249	250	249	250	250	249	250	250	250	250	250	250	249	250	250	249	249	250	249	249	249	250	249	250	249	250	250	250	250	250	250	250	250	250	250	250	249	250	250	250	251	250	250	250	249	250	251	250	250	250	251	250	251	250	250	250	251	250	250	250	250	250	250	249	250	250	250	250	250	249	250	250	249	249	249	251	250	251	251	250	251	250
472	-775630	250	250	250	250	251	250	250	250	250	250	250	250	250	249	250	249	251	250	250	250	250	250	250	250	250	250	250	250	249	250	250	250	249	250	250	250	250	250	250	249	250	250	250	251	249	250	250	250	251	250	250	251	250	250	250	250	251	251	250	251	251	250	251	251	251	251	250	251	251	251	251	250	251	250	250	251	251	251	250	250	250	251	251	250	250	250	250	251	250	250	250	251	250	250	250	250	251	250	250	250	250	251	250	250	250	250	251	250	250	250	250	250	251	251	250	250	250	250	250	250	250	250	250	250	250	250	251	251
473	-775138	251	251	251	251	251	251	251	251	251	251	250	251	251	251	251	250	251	251	251	251	251	251	251	252	252	252	252	251	251	251	251	251	251	251	251	251	251	251	251	251	251	251	251	251	251	251	251	251	250	251	251	251	251	251	250	250	250	251	251	251	251	250	250	251	251	250	251	251	250	250	251	251	251	251	251	251	251	251	251	251	251	251	251	251	251	251	251	251	251	251	251	251	250	251	251	251	251	251	251	251	251	251	251	251	251	251	251	251	251	250	251	250	251	251	251	251	251	252	251	251	250	251	251	250	251	251	250	251
474	-774646	251	252	251	252	252	251	252	252	251	252	251	252	252	251	251	251	251	251	251	252	251	251	252	251	252	252	252	251	252	252	252	252	252	252	252	252	252	252	252	252	251	252	252	252	252	252	251	251	252	252	252	252	252	252	251	252	252	252	252	251	252	251	252	252	252	251	251	251	251	251	251	252	252	251	252	252	252	252	252	252	252	252	251	251	252	251	251	251	251	251	251	251	251	251	251	251	251	252	251	252	252	252	252	252	252	252	251	251	251	250	252	251	251	251	250	251	251	251	252	251	252	251	252	252	251	252	252	252
475	-774153	253	253	252	251	252	252	252	252	252	252	251	252	252	252	252	252	251	251	251	252	252	252	252	252	251	252	252	252	252	252	252	252	252	252	252	251	252	252	251	252	252	252	252	252	252	252	252	252	252	252	253	252	252	252	252	253	252	252	252	252	252	252	252	252	252	252	252	252	252	252	252	252	252	252	252	252	252	252	252	252	252	251	252	251	252	252	252	252	252	252	252	252	252	252	252	252	252	252	252	252	252	252	252	252	252	252	252	252	252	252	252	251	250	252	252	252	252	252	251	252	252	252	252	251	251	252	251	252
476	-773661	252	252	252	253	252	252	252	253	251	252	252	252	252	252	252	252	252	253	253	252	253	252	253	253	253	253	253	252	252	253	253	252	252	253	252	252	252	253	252	252	253	253	253	253	253	253	252	253	254	253	254	253	253	253	253	253	253	252	253	253	253	254	252	252	253	252	253	253	253	253	253	253	252	252	253	253	253	253	252	253	253	252	253	252	252	252	253	253	252	253	252	252	253	252	252	252	253	252	252	253	252	253	252	252	252	252	252	252	253	252	253	253	252	252	252	252	253	253	252	252	252	252	250	253	252	252	252	252
477	-773169	253	252	253	253	253	253	252	253	253	253	253	253	253	253	253	253	253	253	253	253	253	253	253	254	253	254	253	254	254	254	253	254	254	253	254	253	253	253	253	253	253	253	253	253	253	253	254	254	253	253	253	254	253	253	254	253	253	253	253	253	253	253	253	252	253	253	253	253	253	253	253	253	253	252	253	252	252	253	252	252	252	252	253	252	252	253	252	253	253	254	254	253	253	253	253	254	253	253	253	253	253	253	253	253	253	253	252	252	253	253	253	253	253	253	253	253	253	252	253	253	253	253	252	253	253	253	253	252
478	-772676	253	254	253	253	253	253	254	253	253	253	253	254	253	253	253	253	253	254	253	254	254	254	253	254	253	254	254	254	253	253	253	253	253	253	253	253	253	254	254	253	254	254	254	253	254	253	253	253	253	253	253	253	253	253	253	254	253	253	253	253	253	253	253	253	253	254	253	253	254	253	254	253	253	253	253	253	252	252	253	252	253	253	253	253	253	253	254	253	253	254	254	253	253	253	253	253	253	253	255	253	253	253	253	253	253	253	253	253	254	254	253	253	254	253	254	254	254	253	254	254	254	253	254	254	254	254	253	254
479	-772184	254	254	253	254	254	254	254	254	254	254	254	254	254	253	254	253	253	253	254	254	254	254	254	254	254	254	254	254	253	254	254	254	253	254	254	254	254	254	253	254	253	254	254	253	254	254	254	254	254	254	255	254	254	254	254	254	254	254	254	254	254	255	254	254	254	254	254	254	254	254	254	254	254	254	254	255	254	254	254	254	254	254	254	255	254	254	254	254	254	254	254	254	255	254	253	254	254	254	254	255	254	254	254	254	255	254	255	254	255	255	255	254	254	253	254	254	254	254	254	254	253	255	254	254	255	254	254	254
480	-771692	254	255	255	255	255	255	255	255	255	255	254	255	254	254	254	255	255	255	254	254	255	254	255	255	254	254	254	255	254	254	255	254	255	254	254	255	254	255	254	254	254	254	254	254	253	254	254	254	254	254	255	255	254	255	254	255	256	254	255	254	256	255	255	255	254	255	254	254	254	254	254	254	253	254	254	254	254	254	254	254	254	254	255	254	255	254	254	255	254	254	254	254	254	254	254	254	254	255	254	254	254	255	254	253	254	254	255	254	254	255	255	254	255	254	256	254	255	254	254	254	255	254	254	254	254	254	254	254
481	-771199	255	255	256	255	255	256	256	256	256	255	256	256	255	256	256	256	256	256	256	256	256	256	256	256	256	256	256	256	256	255	255	256	256	256	254	255	255	255	255	255	255	256	256	255	256	256	255	255	254	255	256	255	256	255	255	255	255	255	255	255	256	255	255	254	255	256	255	254	255	254	254	254	254	254	255	254	254	255	254	255	255	255	255	255	255	256	255	255	256	254	255	256	254	254	255	254	255	254	256	256	255	256	255	256	255	255	255	255	255	255	255	255	255	254	255	255	255	255	256	255	255	256	255	256	256	255	256	255
482	-770707	256	256	255	255	256	256	255	255	255	256	256	256	256	255	256	255	255	256	256	256	255	256	256	256	256	256	256	256	256	256	256	256	256	256	255	255	256	256	255	256	256	256	256	255	256	255	256	255	256	256	256	255	256	256	255	255	255	256	256	256	255	255	256	256	255	256	256	255	256	256	256	256	256	256	256	256	256	256	256	256	256	255	255	256	256	255	255	256	256	256	256	256	255	256	256	255	255	255	255	256	255	255	254	254	256	254	255	255	254	256	255	255	255	255	254	255	255	255	255	255	255	255	256	255	256	255	254	256
483	-770215	256	256	256	256	256	256	256	256	256	256	256	256	256	256	255	256	256	256	256	256	256	256	256	256	256	256	256	256	256	256	256	256	256	256	255	255	256	256	256	256	256	256	256	256	256	256	255	256	256	256	256	256	256	256	256	256	256	256	256	256	256	256	256	256	256	255	256	256	256	257	256	256	257	257	256	256	256	256	256	256	256	256	256	256	256	256	256	256	256	256	256	256	256	256	256	256	256	256	256	256	256	256	256	257	256	256	256	256	256	256	256	258	256	257	256	256	256	257	257	256	256	256	256	256	256	256	256	256
484	-769723	256	256	256	257	256	256	256	256	257	256	256	256	256	256	256	257	257	256	257	256	256	256	256	256	256	256	256	256	256	256	256	256	256	256	256	256	256	256	256	256	256	256	256	256	257	256	256	256	256	256	256	256	256	256	257	257	256	256	256	257	256	257	256	257	256	256	257	257	256	257	256	256	256	256	257	256	256	256	256	256	256	256	256	257	256	257	256	256	257	257	257	257	257	257	256	256	256	257	256	256	256	256	256	256	256	256	256	256	256	256	256	256	256	256	256	256	257	256	256	256	256	256	256	256	257	256	256	256
485	-769230	256	257	256	256	256	257	256	256	256	256	256	256	257	256	256	256	257	257	256	256	256	256	257	257	257	257	256	257	257	257	257	256	257	257	257	257	256	257	256	256	257	256	257	256	257	256	257	257	256	257	256	256	256	257	257	257	257	257	257	258	257	258	257	257	257	256	257	257	257	257	257	257	257	257	257	256	257	256	256	256	256	256	256	256	257	256	257	256	256	256	257	257	256	257	256	257	256	256	256	256	256	256	256	256	256	256	256	256	256	257	257	256	257	257	257	257	257	257	257	257	256	256	256	257	256	256	256	257
486	-768738	257	257	256	257	257	257	256	256	257	256	257	257	257	257	257	257	257	257	257	257	257	257	258	257	257	257	257	257	257	257	257	257	258	257	257	258	257	257	257	257	258	258	257	257	259	257	258	257	256	257	258	258	258	258	258	258	258	258	258	258	257	257	258	257	258	258	258	258	258	258	258	258	257	258	258	257	258	257	258	258	257	258	258	257	257	257	257	257	257	257	257	256	257	257	257	257	256	256	257	257	256	256	256	257	257	256	257	257	257	257	257	257	257	257	256	257	257	257	258	257	257	256	257	257	257	257	257	257
487	-768246	258	258	257	258	258	258	259	258	257	259	258	258	258	258	258	258	258	258	258	258	257	258	258	257	258	258	258	257	258	257	257	257	257	257	257	256	257	257	257	257	257	257	257	257	257	257	257	256	257	257	257	257	257	258	258	258	257	258	258	258	257	257	257	257	258	257	258	257	258	257	258	258	258	258	258	258	257	258	258	257	258	258	258	258	257	257	257	257	258	258	258	258	258	258	258	258	258	259	258	258	258	258	258	259	258	258	257	258	258	258	257	258	258	258	258	258	258	258	257	258	258	258	258	258	258	257	258	258
488	-767753	258	258	258	258	258	258	258	258	257	258	258	258	258	258	258	258	258	258	258	259	258	257	258	258	258	258	259	258	258	257	257	258	258	258	257	257	258	258	258	258	258	258	258	258	258	258	258	259	258	258	259	258	258	259	258	258	258	258	258	258	259	258	258	258	258	258	258	258	258	258	258	258	258	258	258	258	258	258	259	257	258	258	258	259	258	258	258	258	258	259	258	259	259	259	258	258	259	259	258	259	258	259	258	258	258	259	257	258	259	257	258	258	258	258	258	258	258	259	258	258	258	258	259	258	258	258	258	258
489	-767261	259	259	260	259	259	259	258	259	259	259	258	258	258	259	258	258	259	258	258	258	259	259	258	259	258	259	259	259	259	259	259	259	259	259	259	258	259	259	259	259	259	258	258	259	259	259	259	258	259	259	259	258	258	259	259	259	259	258	259	259	259	259	259	259	260	259	259	259	259	259	259	259	259	259	259	259	259	259	259	259	259	259	259	259	259	259	258	259	258	259	259	258	259	259	258	259	258	259	259	259	259	258	259	259	259	259	258	258	258	258	258	258	258	258	259	258	258	259	259	259	259	258	258	258	258	258	258	258
490	-766769	260	259	260	259	259	260	260	260	260	259	260	260	259	259	259	259	259	259	259	259	260	259	260	259	259	259	259	260	259	260	259	259	259	260	259	259	259	259	259	259	259	259	259	259	259	259	259	259	259	259	258	259	259	259	259	259	259	259	259	258	259	259	259	259	259	259	258	259	259	259	259	259	259	259	259	259	259	259	259	259	259	258	259	259	259	259	259	259	259	259	260	259	259	259	260	260	260	259	260	260	260	259	259	259	259	259	259	260	260	260	259	259	260	260	260	259	260	259	259	259	259	259	259	259	259	258	260	259
491	-766276	259	259	260	260	259	260	259	259	260	260	260	260	260	259	260	259	260	260	260	260	260	260	260	260	260	260	261	260	260	260	260	260	259	260	260	260	260	260	260	260	261	261	261	260	261	260	260	260	260	260	261	261	260	260	260	261	261	260	260	260	260	260	260	260	260	261	260	260	260	260	261	260	260	260	260	260	260	260	260	260	260	260	260	260	260	260	260	260	260	260	260	260	261	260	260	260	260	260	260	260	260	260	260	260	260	260	260	260	260	260	260	260	260	260	260	260	260	259	260	260	260	260	259	259	259	259	259	259
492	-765784	260	260	260	260	260	260	260	260	260	260	260	260	260	260	260	260	260	260	260	260	260	260	260	261	260	260	260	260	260	260	260	260	260	260	260	259	261	260	260	260	261	260	260	261	260	261	260	260	260	260	260	261	260	260	261	261	261	260	261	260	260	259	261	260	260	259	260	261	261	262	260	260	261	260	260	260	260	260	260	260	260	260	260	260	260	260	260	260	260	260	260	259	260	260	260	260	260	260	261	262	260	261	260	261	261	260	260	260	261	260	260	260	260	261	260	261	261	261	260	261	260	261	260	261	261	260	261	260
493	-765292	261	261	262	262	261	262	261	262	261	261	261	260	260	260	260	261	261	261	261	260	261	261	261	261	261	261	261	261	261	260	261	261	260	261	260	261	260	260	261	261	261	261	261	261	261	261	261	260	261	262	260	261	260	260	261	261	261	260	260	260	260	261	260	261	260	261	261	261	261	261	261	261	261	260	261	261	260	261	261	261	261	261	261	261	260	261	260	260	260	260	260	261	261	260	261	261	261	260	261	261	261	261	260	261	261	261	261	260	261	261	260	262	261	261	261	261	263	261	261	261	261	261	261	261	261	261	261	261
494	-764799	261	261	261	261	261	261	261	261	261	261	261	262	261	261	261	261	261	260	261	261	261	261	261	261	261	261	261	262	261	261	261	262	261	261	261	261	261	261	261	261	261	262	261	261	261	262	262	261	262	261	263	262	261	262	261	262	262	262	262	262	262	261	261	261	261	261	261	261	261	261	261	261	262	261	261	261	261	261	261	261	262	261	261	261	261	262	262	262	261	262	262	261	261	261	261	262	262	261	261	262	262	261	262	262	261	261	262	262	262	262	261	262	261	261	262	261	262	261	262	261	262	261	261	261	261	262	261	262
495	-764307	262	263	262	262	262	262	262	262	262	262	262	263	262	263	261	262	262	262	262	262	262	261	261	261	261	262	262	262	262	262	262	262	262	262	262	262	261	262	261	261	262	261	262	261	261	262	261	262	262	261	261	261	262	261	262	262	262	262	262	262	262	262	262	261	261	261	262	262	262	262	262	263	261	262	262	262	262	262	262	262	262	262	262	262	262	261	262	262	262	262	262	262	261	262	262	262	262	262	261	262	262	262	262	262	263	262	262	262	261	262	262	262	262	261	262	262	260	262	262	262	262	262	262	262	262	262	262	262
496	-763815	262	262	261	262	262	262	262	262	261	262	262	262	261	262	262	261	262	262	261	262	261	262	262	262	263	261	262	262	263	262	262	263	262	263	262	262	262	262	262	262	261	262	262	263	262	263	262	262	262	262	263	262	262	262	262	262	262	262	263	262	262	262	262	262	262	263	262	263	263	262	262	262	263	262	262	263	262	262	262	262	262	262	262	262	262	263	262	261	262	262	263	262	263	262	262	263	263	263	262	262	263	262	263	262	263	262	262	262	262	262	262	262	262	262	262	262	262	262	262	262	262	262	263	262	263	262	263	262
497	-763323	262	263	263	263	263	263	263	263	263	263	263	263	263	262	262	263	263	263	263	263	263	262	262	262	262	263	262	262	262	262	263	262	262	262	262	262	263	263	262	262	262	263	262	262	262	262	262	263	262	262	262	263	262	262	262	263	263	263	263	262	263	263	263	263	262	263	262	262	262	262	262	262	261	263	262	263	262	262	262	262	263	262	263	262	262	263	262	262	263	263	263	263	263	262	262	262	262	262	263	263	262	262	262	262	263	262	262	263	263	262	262	262	261	263	262	263	262	263	263	262	263	263	263	262	262	262	263	263
498	-762830	263	263	263	263	263	263	263	263	264	263	264	264	263	263	263	264	263	264	264	263	263	264	263	263	263	263	263	264	263	263	263	263	264	263	263	264	263	264	263	264	263	264	264	263	263	263	263	263	263	263	263	263	263	263	263	263	264	263	263	263	263	264	264	264	264	263	264	264	264	264	263	264	264	263	264	263	263	263	263	263	264	263	264	263	263	263	263	264	263	263	263	263	263	263	264	263	263	263	263	263	263	263	263	263	263	263	263	263	263	263	262	263	263	263	263	263	263	263	264	263	263	264	263	263	263	264	263	263
499	-762338	263	263	264	263	264	263	264	264	264	264	264	264	263	263	264	263	264	264	264	264	264	265	264	264	264	264	263	264	264	264	264	263	264	264	264	264	264	264	264	263	264	264	263	263	263	264	264	263	264	264	264	263	263	264	263	264	264	263	263	263	264	264	263	263	264	264	263	263	264	264	263	264	264	264	263	263	263	263	263	263	264	264	264	263	263	263	264	264	263	263	264	264	264	264	263	264	264	264	264	264	263	263	263	263	263	263	263	263	263	263	263	263	264	263	264	264	264	264	264	264	264	263	264	264	263	264	263	264
500	-761846	263	263	263	263	264	264	263	264	263	264	264	263	264	263	264	264	263	264	263	264	263	264	264	264	265	264	264	264	264	265	265	264	264	264	264	264	264	264	264	265	265	265	264	264	265	264	265	264	265	264	264	264	264	264	265	265	264	264	264	265	264	264	264	265	263	264	264	264	264	264	264	263	264	264	264	264	263	263	264	264	264	264	264	264	265	264	264	264	263	264	264	264	264	264	264	264	264	264	264	265	264	264	264	264	265	264	265	265	265	264	265	264	265	264	265	265	264	265	265	265	265	265	264	265	265	265	265	264
501	-761353	264	265	264	264	265	265	264	264	264	264	264	264	264	265	265	264	264	264	265	264	264	264	264	265	264	264	264	265	265	264	264	264	264	264	265	265	264	264	264	265	265	264	265	265	265	265	265	265	264	265	264	265	264	264	265	265	265	264	264	265	265	265	264	265	265	264	265	265	265	265	265	265	265	265	264	265	265	265	265	264	265	265	265	265	265	265	265	265	265	264	265	265	265	265	264	265	264	264	265	264	265	265	264	265	264	265	265	265	265	265	264	264	265	264	265	264	265	264	265	264	264	264	265	265	265	265	265	265
502	-760861	265	265	264	265	264	265	264	264	265	264	265	264	264	265	265	266	265	265	265	266	266	265	265	265	265	265	265	265	265	265	265	265	266	265	265	265	265	265	264	265	265	265	266	265	265	266	265	266	265	265	265	265	265	265	265	264	265	264	265	265	265	265	265	264	265	265	265	265	265	265	264	265	265	265	265	265	265	265	265	264	265	265	265	265	264	265	264	265	265	265	265	265	265	265	265	265	265	265	265	266	265	265	265	265	265	265	265	265	266	265	265	265	265	265	265	265	265	265	266	264	265	265	265	266	265	265	265	265
503	-760369	265	265	265	265	265	265	265	265	265	264	265	265	264	264	265	265	265	265	265	265	265	266	265	265	265	265	265	265	265	266	265	266	266	265	266	266	266	266	266	266	266	265	266	266	265	266	266	266	266	266	266	266	266	266	266	266	266	266	266	266	265	266	266	266	265	266	265	266	266	266	265	265	266	265	265	266	266	266	266	266	266	266	266	265	266	265	265	266	265	266	265	266	265	266	266	265	266	265	266	265	266	265	266	266	266	266	266	266	266	266	266	266	266	267	266	266	266	265	266	266	265	266	266	266	266	266	266	266
504	-759876	267	266	266	266	266	266	266	266	266	266	266	266	266	266	266	266	266	266	266	266	266	266	266	265	266	266	266	266	266	266	266	266	265	265	266	265	266	265	266	266	265	266	266	266	267	266	267	266	267	266	266	266	266	266	266	266	266	266	265	266	266	266	266	267	266	267	266	266	266	266	267	266	267	266	267	266	266	267	266	267	266	266	267	266	267	267	266	267	266	266	267	266	267	266	266	266	267	267	266	267	267	266	266	266	267	266	267	266	266	265	266	266	266	266	266	266	266	266	266	266	265	266	266	266	266	266	266	265
505	-759384	266	266	266	266	266	266	266	266	266	267	267	267	266	266	267	267	267	266	266	267	266	267	266	266	267	266	266	267	267	267	267	267	266	267	267	267	267	266	266	267	267	267	266	267	267	268	267	268	267	267	267	266	267	267	267	267	267	267	266	267	267	267	267	266	267	267	266	267	266	267	266	267	267	266	266	267	266	267	266	267	266	266	267	266	267	266	267	266	267	267	267	266	266	267	266	266	267	266	266	266	266	267	266	267	266	266	267	267	267	267	266	267	267	267	266	267	266	266	267	267	267	267	267	267	267	267	266	268
506	-758892	267	267	267	267	267	267	268	267	267	268	267	267	268	267	268	268	267	267	267	268	268	267	267	267	267	267	267	267	267	267	267	266	266	267	267	266	267	266	267	267	266	267	266	267	266	266	267	266	266	266	266	267	267	267	267	267	267	267	267	267	267	267	267	268	267	267	267	267	267	267	267	267	266	267	267	267	266	267	267	267	267	266	267	268	267	267	267	267	268	266	267	266	267	267	266	266	267	267	266	267	267	267	267	267	267	268	268	267	267	267	267	267	267	268	268	267	267	267	267	267	267	267	267	267	267	267	267	268
507	-758399	267	267	268	267	267	267	267	267	268	268	268	268	268	268	269	269	268	268	268	268	268	269	268	267	268	268	268	268	267	268	267	267	267	267	268	268	268	267	268	268	268	268	267	268	268	267	268	267	268	267	268	268	267	268	268	268	268	267	268	268	268	268	267	268	268	268	268	268	268	268	267	268	268	267	267	268	267	267	267	267	268	267	268	267	268	268	268	268	267	268	268	267	268	267	267	267	268	268	267	267	267	267	268	267	268	267	267	267	268	268	267	268	267	267	267	268	268	267	267	267	267	267	267	267	267	267	268	267
508	-757907	268	268	268	268	268	268	268	268	267	268	268	268	268	269	268	269	268	268	267	268	268	268	268	268	268	268	268	268	268	268	268	268	268	268	268	268	268	269	268	267	268	268	268	268	268	268	269	268	268	268	268	269	268	269	268	268	269	268	269	268	268	268	269	268	268	268	268	268	269	268	267	268	269	269	268	268	268	269	268	268	268	267	268	268	268	268	268	268	268	268	268	268	268	268	268	268	267	268	267	268	268	268	267	268	268	268	268	268	268	269	268	269	268	268	269	267	269	268	268	268	268	269	268	268	268	268	268	268
509	-757415	269	269	269	270	269	269	269	268	269	268	269	269	268	269	269	270	269	269	269	269	270	269	269	269	269	269	269	269	269	269	270	269	268	269	269	269	269	269	269	269	269	269	269	270	269	269	269	269	269	269	269	269	268	268	268	269	268	268	268	268	269	269	269	268	268	268	268	268	268	268	268	268	269	268	268	268	269	268	268	268	268	268	268	268	268	268	268	269	268	268	268	268	268	268	268	269	268	268	268	268	268	269	269	268	268	268	268	268	269	268	268	268	268	269	268	268	269	268	269	269	269	269	268	269	269	269	268	269
510	-756923	270	269	269	269	269	270	270	270	270	270	270	269	269	270	269	269	269	268	269	269	268	269	269	268	269	269	270	269	269	269	269	269	269	269	270	269	269	269	269	270	269	269	269	268	269	269	269	268	269	269	269	269	269	269	270	269	269	269	270	270	269	269	269	270	270	269	269	269	269	269	269	269	269	268	269	269	269	269	269	269	269	269	269	268	269	270	269	269	269	269	269	269	269	269	268	269	268	269	269	269	268	269	269	269	269	269	269	269	269	269	269	268	269	268	269	269	270	269	269	269	269	269	269	269	269	269	269	269
511	-756430	270	270	270	270	269	270	270	270	269	269	270	270	269	270	270	270	270	270	270	270	270	270	270	269	270	270	269	270	269	270	270	270	270	269	270	269	270	270	270	269	269	269	270	270	269	269	270	269	269	269	269	269	269	270	269	270	270	270	270	270	271	271	270	269	270	270	269	270	269	270	270	269	270	270	270	270	270	270	270	270	270	270	270	270	270	270	270	270	270	270	269	270	270	270	270	270	270	270	269	270	270	270	270	270	270	269	270	270	270	269	269	270	269	270	270	270	268	270	270	270	270	269	270	269	269	269	269	270
512	-755938	270	270	270	270	270	271	270	270	271	270	271	270	270	270	270	270	270	270	270	270	271	271	270	271	271	271	271	271	271	270	271	271	270	271	270	271	271	270	270	271	270	270	270	270	270	270	271	270	270	270	271	270	270	270	270	270	270	270	270	270	270	270	271	270	270	270	270	271	270	270	271	270	270	271	270	270	270	270	270	270	271	270	270	270	270	270	270	270	270	270	270	270	270	271	270	270	270	270	270	270	270	270	270	271	270	270	271	270	270	270	270	270	270	270	270	269	270	269	269	270	269	270	270	270	270	270	270	270
513	-755446	270	271	271	271	271	270	271	271	271	270	270	271	271	271	270	271	271	271	271	270	271	271	271	271	270	271	271	270	271	271	271	270	271	271	270	271	271	271	271	270	271	270	270	270	270	270	270	270	270	271	271	270	271	270	270	270	271	270	270	270	271	271	271	271	271	271	271	271	271	271	272	271	271	271	271	271	271	271	270	271	271	271	271	271	271	270	270	271	271	271	271	271	271	271	271	271	271	271	270	271	271	271	271	271	271	270	270	270	270	270	270	270	270	270	270	271	270	270	270	270	271	271	270	270	270	270	270	271
514	-754953	271	271	271	271	271	272	271	271	271	271	271	271	271	271	272	271	271	271	272	271	271	271	271	271	271	272	271	271	271	271	271	272	271	269	271	271	271	271	271	271	271	271	271	271	271	271	271	271	271	271	271	271	271	270	271	271	270	271	271	271	271	271	272	270	271	271	271	271	270	271	271	271	271	271	270	270	271	271	270	271	271	271	271	271	271	271	271	271	271	271	269	271	270	271	271	271	272	271	271	271	271	271	271	271	271	271	271	271	271	271	271	271	271	271	271	272	271	272	272	272	271	271	271	271	272	271	271	271
515	-754461	272	271	271	271	271	271	271	272	271	272	272	271	271	272	271	272	271	272	272	272	271	271	271	272	272	272	272	272	272	272	272	271	272	271	271	272	272	272	271	272	272	272	272	272	272	272	272	272	272	272	272	272	272	272	272	271	272	272	272	272	272	272	272	272	272	272	271	271	271	272	271	271	272	271	272	271	271	271	271	271	271	271	271	271	271	271	271	271	271	271	271	270	271	271	271	271	272	272	271	271	271	271	271	271	272	271	272	272	272	271	272	271	271	272	272	272	272	271	271	272	271	272	272	272	271	272	272	272
516	-753969	272	272	271	272	272	272	272	272	272	272	272	272	272	272	272	272	273	272	272	273	272	272	272	272	273	272	272	271	272	272	271	272	271	272	271	271	272	272	272	272	272	272	272	272	272	271	271	271	271	272	271	271	272	271	272	272	271	272	272	272	272	272	272	272	272	272	272	272	272	272	272	271	272	272	272	272	272	272	271	272	271	272	272	273	272	272	272	273	273	272	272	273	272	273	273	272	272	272	272	273	272	272	272	272	271	272	272	272	272	271	272	272	272	272	272	272	272	272	271	272	272	271	272	271	272	271	271	271
517	-753476	272	272	272	272	272	272	272	272	273	272	272	272	272	273	272	272	272	272	272	273	272	272	273	272	273	272	272	273	273	273	273	273	273	273	273	272	273	273	273	273	272	272	272	273	272	273	272	272	272	273	273	273	272	273	273	273	273	273	273	273	273	273	273	273	273	274	273	273	273	273	273	273	272	272	272	273	273	273	273	273	272	272	273	273	272	273	272	273	272	273	272	272	272	272	272	272	273	273	272	272	272	272	272	273	272	273	272	273	273	273	272	273	272	272	273	272	272	273	273	272	273	272	273	272	272	272	273	273
518	-752984	273	273	273	273	273	273	273	273	274	273	273	273	273	273	273	273	273	273	273	273	273	273	274	273	273	273	273	273	273	272	272	272	272	273	272	273	272	273	273	272	273	273	273	273	273	273	273	273	273	273	273	272	273	273	272	273	273	272	272	273	273	273	273	272	273	272	272	273	273	273	273	273	274	272	274	273	273	273	272	273	272	273	273	273	273	273	273	273	273	274	273	273	273	273	273	273	274	273	273	273	273	274	273	273	273	274	274	274	273	274	273	274	273	273	272	274	273	273	274	273	273	273	273	273	272	273	273	272
519	-752492	273	273	273	274	273	272	274	273	274	274	274	273	273	274	273	273	274	273	273	273	273	273	273	274	273	273	274	274	274	273	274	273	273	273	273	274	273	274	274	273	273	274	274	274	274	274	273	274	273	273	274	274	273	273	273	274	272	273	273	273	274	273	273	273	273	273	273	274	273	273	273	274	273	274	273	273	274	273	274	273	274	273	274	274	273	273	274	273	273	273	274	274	274	273	274	274	274	274	274	274	273	274	274	275	274	274	274	274	273	274	274	274	274	273	273	273	273	273	273	273	273	273	273	273	273	273	273	273
520	-751999	274	274	274	274	274	273	274	274	273	274	274	274	275	274	274	274	275	274	274	275	274	274	274	274	275	274	275	275	274	274	275	275	275	275	275	274	274	274	275	274	274	274	274	274	274	274	275	275	275	274	274	275	274	274	274	275	275	274	275	274	274	275	275	275	275	275	275	275	274	274	275	275	275	275	274	275	275	275	275	274	275	275	275	274	274	275	274	274	274	274	274	274	274	274	274	274	274	274	274	274	274	274	274	274	274	274	274	275	274	274	274	274	274	274	274	274	274	274	274	274	274	274	274	274	274	274	274	274
521	-751507	274	274	274	274	274	274	273	274	275	274	275	274	275	275	274	274	274	275	275	274	275	274	275	275	275	275	274	274	273	275	274	274	274	274	275	274	274	275	274	274	275	274	274	275	275	274	274	274	275	275	274	274	274	274	275	274	274	274	274	275	275	275	274	274	274	274	275	275	274	274	274	275	274	274	274	274	274	274	274	275	275	275	275	275	275	275	275	275	275	275	274	275	275	274	274	274	274	275	275	275	275	274	275	274	275	274	275	274	274	274	274	275	275	274	275	274	274	274	274	274	274	274	274	274	274	274	274	274
522	-751015	275	275	275	276	276	275	275	275	275	276	275	275	275	275	276	275	275	275	275	275	275	275	275	275	275	275	275	274	275	275	275	275	275	275	275	275	275	275	275	274	275	274	275	274	275	275	275	275	276	275	275	276	276	275	275	275	275	275	275	275	275	276	275	275	275	275	275	275	275	275	275	276	276	275	275	275	275	275	275	274	275	275	275	275	275	275	275	275	276	275	275	276	275	275	275	275	275	275	275	275	275	275	275	275	275	275	275	275	275	275	275	275	275	275	275	275	275	275	274	275	274	274	275	275	275	275	275	275
523	-750523	276	276	276	275	276	275	276	276	276	276	275	275	275	275	275	275	275	275	275	275	275	275	275	275	275	275	276	276	275	275	276	275	275	276	275	275	275	275	275	274	275	275	275	275	274	275	275	275	275	275	275	275	276	276	275	276	275	275	276	275	276	275	275	276	275	275	276	276	276	276	276	276	276	276	276	276	275	275	275	276	275	276	276	276	276	275	276	276	275	276	275	275	275	275	276	275	275	275	275	275	275	275	275	275	275	275	275	275	275	275	275	275	275	275	275	276	275	275	275	275	275	275	275	275	275	276	276	276
524	-750030	275	275	275	275	275	275	275	275	276	275	275	275	276	276	276	276	276	276	276	275	275	275	276	274	275	276	275	275	276	276	276	276	275	276	276	276	276	276	275	276	276	276	276	276	276	276	277	276	275	276	277	276	276	276	276	276	277	276	276	276	276	276	276	277	276	276	276	276	276	276	276	277	276	276	276	276	276	276	276	275	276	276	276	276	275	276	276	276	276	276	277	276	275	276	275	276	275	276	276	276	276	275	276	276	275	276	275	276	276	276	276	276	276	275	275	275	276	276	276	276	276	276	276	276	275	276	276	275
525	-749538	276	277	277	276	278	276	276	276	276	276	276	277	276	276	276	276	276	276	276	276	276	276	276	275	276	276	276	277	276	276	277	276	275	276	275	276	276	275	276	276	276	276	276	276	276	277	277	276	277	277	276	276	277	276	276	277	277	277	276	276	276	276	276	276	276	276	276	276	276	276	276	276	276	276	277	276	276	276	277	276	275	276	276	276	276	277	276	276	276	276	276	277	277	277	276	277	276	277	277	278	276	276	276	276	277	276	276	275	276	277	276	276	276	276	277	276	277	277	275	277	276	277	276	277	276	277	277	277
526	-749046	276	277	277	277	277	278	277	277	277	277	276	277	277	277	277	277	277	278	278	277	277	277	277	277	275	277	278	277	277	278	277	278	278	278	277	278	277	278	278	278	278	277	278	278	277	277	277	277	278	277	277	277	276	277	277	277	277	277	276	277	277	277	276	276	277	277	277	277	277	277	277	277	277	276	276	277	277	276	277	276	276	276	277	276	276	276	277	277	277	277	278	277	278	277	277	278	277	277	277	277	277	277	277	278	277	277	277	277	278	278	278	278	278	277	277	278	278	278	277	278	277	277	277	277	278	276	277	277
527	-748553	277	276	277	277	277	277	277	277	277	278	277	277	277	278	278	277	278	278	277	277	277	277	277	278	278	277	278	278	278	278	277	278	277	278	278	278	278	277	277	278	277	279	278	277	278	277	278	278	278	278	278	278	278	279	278	278	277	278	278	278	277	278	277	278	277	278	278	278	278	278	278	278	278	278	278	279	278	278	278	278	277	277	278	277	278	278	278	277	278	278	278	278	278	278	278	278	277	278	277	279	277	278	277	277	277	277	278	277	277	277	277	277	278	277	278	277	278	278	278	278	278	278	277	278	278	277	278	278
528	-748061	279	278	278	278	278	278	279	279	278	278	278	278	278	278	278	279	277	278	278	278	278	278	278	279	278	278	278	278	277	278	277	277	278	277	277	277	277	277	277	278	277	277	278	278	278	278	278	277	277	278	277	278	277	278	278	278	277	278	277	278	277	277	277	278	278	279	278	278	278	278	278	279	278	278	278	278	277	278	278	278	278	278	278	279	279	278	278	277	278	278	278	278	278	278	278	279	278	278	279	278	278	278	278	278	278	278	277	278	278	277	278	278	278	278	278	278	278	278	278	278	278	277	278	278	278	277	278	278
529	-747569	278	278	278	278	278	278	279	279	278	279	278	279	279	278	279	278	279	279	278	278	278	278	279	278	279	279	278	278	278	279	279	278	279	278	279	279	278	278	279	279	278	279	278	279	279	279	279	278	279	279	277	279	278	279	279	279	279	278	279	279	278	279	278	279	278	278	279	278	279	278	278	279	278	278	279	279	278	278	279	279	278	278	278	279	278	278	278	278	279	279	278	278	278	278	278	278	278	279	278	279	279	278	278	278	278	279	278	278	279	278	279	279	279	278	279	279	279	279	279	279	279	279	278	279	279	279	279	279
530	-747076	279	279	279	279	280	279	279	280	279	280	279	279	279	279	279	279	279	280	279	279	279	279	279	279	279	279	279	279	279	279	279	279	279	279	280	279	279	279	279	279	279	279	279	279	279	278	279	279	279	279	279	279	279	279	279	279	279	279	279	279	279	280	279	280	279	279	279	279	279	279	279	280	279	280	280	279	279	279	280	279	280	279	279	280	279	279	280	279	280	279	279	280	279	279	280	279	279	279	279	279	279	279	280	279	279	279	279	279	279	279	279	279	279	279	279	279	279	279	278	279	279	279	280	278	279	279	279	279
531	-746584	279	280	279	279	279	279	279	279	279	278	279	279	279	279	279	279	279	279	279	279	279	279	279	279	280	279	279	280	279	279	280	279	279	279	279	279	280	280	279	280	280	280	280	280	280	279	280	280	280	279	279	280	280	279	281	280	279	280	280	280	279	280	280	280	280	279	280	280	280	280	279	280	279	278	279	279	279	279	279	279	280	280	279	279	279	279	280	280	280	279	280	280	280	280	279	280	279	279	279	279	278	279	279	279	279	279	279	279	279	280	280	279	280	280	280	280	280	280	280	280	280	280	280	280	280	280	279	280
532	-746092	280	280	280	280	280	280	279	280	280	280	280	280	280	280	280	280	279	280	280	280	280	279	280	280	279	280	280	280	280	280	279	280	280	280	279	280	279	280	280	280	281	280	280	280	280	280	280	280	280	280	279	280	280	280	280	280	280	280	280	280	280	280	280	280	280	280	280	280	279	280	280	280	280	279	280	280	280	280	280	280	280	280	280	280	281	280	281	281	280	281	281	280	280	280	280	280	280	280	281	280	280	280	280	281	280	280	280	281	281	280	280	280	280	281	281	281	280	280	280	280	280	280	281	280	280	280	280	280
533	-745599	280	281	281	281	280	280	280	281	280	280	280	280	280	280	280	280	280	280	279	280	280	281	280	280	281	281	280	281	280	281	280	281	280	280	280	280	281	281	280	280	280	280	280	281	281	280	280	280	281	280	281	281	280	281	281	281	281	280	280	281	280	280	281	281	280	280	281	281	280	280	280	280	281	280	281	280	281	281	280	280	280	280	280	280	280	280	280	280	280	280	280	281	281	280	281	280	280	280	280	280	281	280	281	280	280	280	280	281	281	281	281	281	280	280	281	281	281	281	280	281	280	280	281	280	280	280	281	280
534	-745107	281	281	281	281	281	282	281	281	281	281	281	281	281	281	281	281	281	281	280	281	281	281	281	282	281	281	281	281	281	281	281	280	282	280	281	281	281	281	280	282	281	281	281	281	281	281	281	281	281	281	281	281	281	281	282	281	282	281	281	281	281	282	281	281	281	281	281	282	281	282	281	282	281	281	281	281	281	280	281	281	282	281	281	281	281	280	281	280	281	281	281	280	281	280	280	281	280	282	281	281	280	280	281	281	280	280	280	281	280	281	280	280	281	281	281	281	281	281	281	280	281	281	281	281	281	281	281	281
535	-744615	282	281	282	283	282	282	282	281	281	281	281	281	281	281	281	281	281	281	281	281	282	281	281	281	281	281	281	281	281	281	281	281	281	281	282	281	282	281	280	281	281	282	281	281	281	282	282	281	281	282	282	282	281	282	282	282	282	281	282	282	283	281	282	282	281	282	282	281	281	282	281	281	282	282	282	282	282	282	281	281	281	281	281	281	281	281	281	281	281	281	280	281	280	281	281	281	281	281	281	281	280	281	281	281	281	280	281	281	282	281	281	280	281	281	281	281	281	281	282	282	282	282	282	282	282	281	282	282
536	-744123	281	281	282	282	281	282	281	282	281	282	282	282	282	281	281	281	281	281	281	281	281	281	281	281	281	281	281	281	281	281	281	282	282	281	282	282	281	282	281	282	281	281	281	281	282	281	281	282	281	282	282	282	282	282	282	282	282	282	282	282	282	282	282	282	282	282	282	282	282	283	282	282	282	282	282	281	282	281	281	282	281	282	281	282	282	281	282	281	282	281	281	282	281	281	281	281	282	282	281	281	281	282	282	282	282	282	282	282	282	282	283	282	281	282	282	283	282	282	282	282	282	282	282	282	283	282	282	282
537	-743630	283	283	283	283	283	283	283	283	283	283	283	283	282	283	283	283	283	282	283	283	283	283	283	283	283	283	282	283	283	282	283	283	282	283	282	282	282	283	282	282	282	281	283	282	282	282	282	283	282	282	282	282	283	282	283	282	282	283	283	282	283	282	282	282	282	282	282	282	282	282	283	282	282	282	282	283	283	283	283	283	282	282	282	283	282	282	282	282	283	283	282	282	282	283	283	283	283	283	282	282	282	283	281	282	282	281	283	283	282	283	282	283	282	282	283	282	281	283	282	282	282	282	282	281	281	282	282	282
538	-743138	282	282	283	282	283	283	283	283	283	282	283	283	283	282	283	283	284	283	283	283	283	283	283	283	283	283	282	283	283	283	284	283	283	283	283	283	283	283	283	283	284	283	283	283	283	283	283	283	283	283	283	283	283	282	283	283	283	282	282	283	283	283	282	283	283	283	283	283	283	283	283	283	282	283	283	283	282	283	283	283	283	283	283	283	283	283	283	283	283	283	283	283	283	282	283	282	282	282	282	283	283	282	283	282	282	283	283	283	282	283	282	283	283	283	282	282	282	283	283	283	282	282	283	283	282	283	283	283
539	-742646	284	283	283	284	283	283	283	283	283	283	283	284	283	283	283	284	284	283	283	283	284	283	283	284	283	283	283	283	284	283	283	283	283	284	284	284	283	283	283	284	284	283	283	284	283	283	284	284	283	283	284	284	284	284	283	284	283	284	284	284	285	284	285	284	284	284	284	284	284	284	284	284	284	284	284	284	284	284	284	284	284	284	284	283	284	284	284	283	284	284	284	284	282	284	283	283	283	283	283	283	283	283	283	283	283	283	282	282	283	283	283	283	283	283	283	284	283	283	283	283	283	283	284	284	284	283	284	284
540	-742153	283	284	284	283	284	284	284	284	283	284	284	284	284	284	284	284	284	284	283	284	284	284	284	284	284	284	284	285	285	284	284	285	285	285	284	283	284	284	284	284	284	284	284	284	284	284	285	284	284	284	284	284	284	284	284	284	284	284	284	283	284	284	283	284	284	284	284	283	284	283	284	283	284	283	284	284	284	284	284	284	284	283	284	284	284	284	284	284	284	284	284	284	284	284	284	284	285	285	284	284	285	285	285	284	284	284	284	284	284	284	284	284	284	284	284	284	285	284	284	284	284	284	284	284	284	284	284	284
541	-741661	284	284	285	285	284	284	285	284	284	285	285	285	285	284	285	285	284	284	284	284	284	285	285	284	284	285	285	285	284	284	284	284	284	284	284	284	284	284	283	284	284	284	284	284	284	284	284	284	285	284	284	284	285	284	285	284	284	284	284	284	284	285	284	285	284	284	285	285	285	286	285	285	285	285	285	285	285	284	284	284	284	284	284	284	284	284	284	285	284	284	284	284	284	284	284	285	284	284	284	284	284	284	284	285	284	286	285	284	284	285	284	284	284	284	283	284	284	284	284	284	284	284	284	284	285	284	284	285
542	-741169	285	286	286	286	286	286	286	286	285	285	286	286	286	286	285	285	286	285	286	285	285	285	285	285	286	285	285	286	285	286	285	285	286	286	285	286	286	286	285	286	285	285	285	285	285	286	285	285	285	285	285	285	285	285	285	285	284	284	285	285	284	284	284	285	285	285	285	284	284	285	284	284	284	285	285	285	285	284	285	285	285	285	284	285	286	285	285	284	285	285	286	285	284	285	285	285	285	284	285	284	284	284	285	284	284	283	284	284	285	284	284	284	285	285	284	284	284	284	284	285	285	284	284	284	284	284	284	285
543	-740676	285	285	285	286	285	285	285	285	285	284	285	285	285	285	285	285	284	285	285	285	285	285	285	285	285	285	285	285	284	285	285	285	285	285	284	285	285	285	285	285	285	285	286	285	285	285	285	285	285	286	285	285	285	285	286	286	286	285	286	286	285	286	286	286	286	285	286	286	286	286	286	286	286	286	285	285	286	286	286	286	286	286	286	285	286	286	286	286	286	286	285	285	284	285	286	285	285	285	285	286	285	286	286	287	286	285	286	286	286	286	286	285	286	286	286	285	285	285	286	285	286	285	284	286	285	286	285	285
544	-740184	285	286	286	286	286	286	286	286	286	286	285	286	286	286	286	286	286	286	285	286	286	286	286	286	287	286	287	286	287	286	286	286	286	286	286	286	286	286	287	286	286	285	286	286	286	286	286	286	286	286	287	286	286	286	285	286	286	285	285	286	286	285	286	286	285	285	286	286	286	286	285	286	285	286	286	286	285	285	286	284	285	286	286	286	286	286	285	286	286	286	286	286	286	286	286	287	286	286	286	287	287	286	286	286	286	286	286	286	286	286	285	285	286	286	287	286	286	286	286	286	285	286	286	285	286	285	286	286
545	-739692	286	286	286	286	286	286	285	286	286	286	286	286	286	286	286	286	286	286	286	286	286	286	286	286	286	285	286	286	286	287	287	286	286	287	287	286	286	286	287	287	286	286	286	287	287	286	287	287	287	286	286	287	286	286	287	286	287	286	286	286	286	287	286	286	286	286	286	286	286	287	286	286	286	286	286	286	285	286	286	287	286	287	286	286	286	286	286	287	287	287	287	286	286	286	286	287	287	286	286	287	286	287	287	287	286	287	286	286	287	286	286	286	286	287	286	286	286	286	286	286	287	286	286	286	287	287	286	287
546	-739199	287	287	286	286	287	287	286	286	286	286	287	287	287	286	286	286	287	286	287	286	286	287	286	287	287	286	287	287	287	287	286	286	286	287	287	288	287	287	288	287	288	287	287	288	287	287	287	288	288	287	288	287	287	288	288	287	287	287	287	287	287	287	287	287	287	288	287	287	287	287	287	286	287	286	287	286	287	286	286	287	286	286	287	287	287	287	288	287	287	286	287	287	286	287	287	287	286	286	287	287	287	287	287	288	287	287	287	287	288	287	287	288	287	287	287	287	287	287	287	287	287	287	287	288	287	287	287	288
547	-738707	287	286	287	287	286	286	286	286	286	286	287	287	286	287	287	287	287	287	287	287	287	287	287	286	287	287	287	286	287	286	287	287	287	286	287	287	288	287	287	287	287	288	287	288	287	287	287	287	287	288	288	287	287	288	288	288	287	287	287	287	288	287	287	287	287	288	288	288	288	287	287	287	287	287	287	288	288	287	286	288	287	287	286	287	288	288	288	287	287	287	287	287	287	287	287	287	287	287	287	287	287	287	287	287	287	287	287	287	286	287	288	288	288	287	287	287	287	287	287	287	287	286	286	287	287	287	287	288
548	-738215	288	288	288	288	288	288	288	288	288	288	288	288	287	288	288	288	288	288	288	288	288	289	288	288	288	288	288	288	288	287	287	287	287	288	288	287	288	287	287	288	288	288	288	288	287	288	288	289	288	288	288	288	288	287	287	287	287	288	287	287	288	288	288	288	288	288	288	288	288	288	288	288	288	289	289	289	289	288	288	289	288	289	288	288	288	288	289	288	288	288	287	288	288	288	287	287	288	288	288	288	288	288	287	287	287	287	287	288	287	287	287	287	288	287	287	287	287	288	288	288	287	287	287	288	288	287	288	288
549	-737723	289	289	288	288	288	288	288	288	288	289	288	288	288	288	288	288	288	288	288	288	288	288	288	289	288	288	288	288	288	288	288	288	288	288	288	287	288	289	288	288	288	288	288	288	289	289	288	288	288	288	288	288	288	287	288	288	288	288	288	288	288	288	288	289	289	288	288	288	288	288	287	288	288	288	288	288	288	288	288	288	287	288	287	288	288	288	288	288	288	288	288	288	288	288	288	288	288	288	288	288	289	288	288	288	288	288	288	288	288	288	289	288	288	289	288	288	288	288	289	289	289	288	289	288	289	289	289	289
550	-737230	288	288	289	288	289	288	289	289	289	289	289	289	289	289	289	289	289	289	289	289	288	289	289	289	289	288	288	289	289	289	289	289	290	289	288	289	289	288	289	288	289	289	289	289	288	289	289	289	289	289	290	287	288	289	289	289	289	288	288	288	289	289	288	289	289	289	288	289	289	289	289	289	289	289	289	289	290	289	290	289	289	290	289	289	289	289	289	289	289	289	289	288	289	289	289	289	289	289	289	289	289	289	289	289	289	289	289	290	288	288	288	289	289	288	289	289	288	289	289	289	288	288	289	288	289	289	289	288
551	-736738	289	289	289	289	288	289	289	289	289	288	288	288	289	289	289	289	289	289	289	289	289	289	289	289	289	289	288	288	288	288	288	288	289	288	288	288	288	289	289	289	289	288	289	289	289	289	289	289	289	288	289	289	289	289	289	289	289	289	289	289	289	289	290	291	290	289	290	289	289	290	289	289	289	289	289	289	288	288	289	289	289	289	290	290	289	289	289	289	289	289	289	290	289	289	289	290	289	290	289	289	289	289	290	289	290	289	289	289	289	289	289	289	289	289	289	289	290	290	289	288	289	289	289	290	289	289	289	289
552	-736246	289	289	290	289	290	290	290	290	289	290	290	289	290	289	289	290	290	290	290	291	289	290	290	290	290	289	290	290	290	289	290	290	290	290	289	289	289	290	288	290	290	290	290	289	291	290	290	291	290	290	290	290	290	290	289	290	290	289	290	290	290	290	290	289	290	289	290	290	290	290	290	291	290	290	291	290	290	290	290	290	290	290	289	289	290	290	290	290	289	290	290	290	290	289	290	289	289	289	290	289	289	289	289	290	290	289	289	289	290	289	289	290	289	290	289	290	289	289	290	289	290	290	290	290	289	289	290	289
553	-735753	290	290	290	290	290	290	290	289	289	290	290	290	289	290	290	290	290	290	290	290	290	290	290	291	291	291	290	290	291	291	291	290	290	290	290	290	290	290	290	290	290	290	290	291	290	290	291	291	290	290	291	290	291	290	291	291	291	291	290	290	290	290	290	290	291	290	290	290	290	290	291	290	290	290	290	291	291	290	290	290	290	290	290	290	290	290	290	291	291	290	290	290	290	291	290	291	290	290	290	290	290	290	290	290	290	291	290	291	290	291	291	291	290	290	290	291	291	290	290	290	291	290	290	290	290	290	291	290
554	-735261	290	290	291	290	290	290	289	291	290	291	290	290	291	290	290	290	290	291	290	290	290	290	290	290	290	290	289	290	290	290	291	290	290	290	290	291	290	291	291	291	290	291	291	291	291	291	291	291	291	292	291	291	290	291	292	291	291	291	291	291	291	291	290	291	291	291	291	290	291	291	291	291	291	291	291	291	291	291	290	290	290	290	291	288	290	290	290	291	291	291	292	290	291	291	291	291	291	291	291	290	290	291	291	290	291	291	291	291	291	290	291	291	291	291	291	291	291	291	292	291	291	291	291	292	291	291	291	291
555	-734769	291	291	291	291	291	291	291	291	290	292	291	291	292	291	292	292	292	292	292	294	292	292	292	292	292	292	292	292	291	292	292	291	292	292	292	291	292	292	293	291	291	292	291	291	291	291	291	291	291	291	291	291	291	292	291	291	291	291	292	291	291	291	291	292	292	291	291	291	291	291	291	291	291	291	291	291	291	291	291	292	291	291	291	291	292	291	291	291	291	292	291	291	291	291	291	291	291	291	291	291	291	291	291	291	291	291	291	291	291	291	292	291	291	291	291	291	290	291	291	291	291	291	291	291	291	291	291	290
556	-734276	291	291	291	291	291	291	291	291	291	292	291	292	292	292	291	291	292	292	292	291	292	291	291	291	291	291	291	291	292	291	291	291	291	291	291	292	292	291	292	292	292	292	292	292	292	292	291	292	292	292	291	292	292	292	292	292	292	291	292	292	291	292	292	292	292	292	291	292	291	291	292	292	292	292	291	292	292	292	292	292	292	291	292	292	292	292	292	292	292	292	291	292	292	292	292	292	292	292	291	292	292	292	292	292	292	292	292	292	291	292	291	291	291	291	291	292	291	291	291	292	291	292	291	291	291	290	291	291
557	-733784	293	292	292	293	292	292	292	293	292	292	292	292	292	292	292	292	291	292	292	292	292	292	292	292	292	292	292	292	292	292	293	292	292	292	292	292	292	292	292	293	292	292	292	293	292	292	293	293	293	293	292	292	292	293	292	293	292	293	293	293	293	293	292	293	292	293	293	293	292	292	292	292	292	293	292	292	292	292	292	293	292	292	293	292	292	292	292	292	291	292	292	291	292	291	292	292	292	292	292	292	292	292	292	292	292	292	292	292	292	292	292	293	292	292	292	293	293	292	293	293	292	292	292	293	292	292	292	293
558	-733292	293	293	293	292	293	293	292	292	293	293	292	293	293	293	293	292	293	293	292	293	292	293	292	292	292	293	293	292	292	292	292	292	292	292	292	293	292	292	292	292	292	293	292	292	292	292	291	292	292	292	292	292	293	293	293	292	292	292	292	293	292	292	292	292	293	292	292	292	292	293	292	293	293	293	292	292	293	292	294	293	292	293	292	293	293	293	293	292	293	292	293	292	292	293	292	292	292	292	293	292	293	292	292	293	292	292	292	292	292	292	292	292	293	292	292	292	292	292	293	293	293	292	293	293	293	292	292	293
559	-732799	293	293	293	293	294	292	293	294	294	294	294	293	294	293	294	293	293	293	293	293	293	292	293	294	293	293	293	293	293	293	294	293	293	293	293	294	293	293	293	293	294	293	292	293	293	293	293	293	293	293	292	294	293	294	293	294	293	294	294	293	293	294	292	292	292	292	293	293	292	293	292	293	293	293	293	292	293	292	293	293	293	292	292	293	293	293	293	293	293	293	293	293	292	293	292	293	293	293	293	293	293	292	293	293	293	293	293	292	293	294	293	293	294	293	293	293	293	293	293	294	293	293	294	294	294	293	293	294
560	-732307	295	294	294	294	294	294	294	294	294	294	293	294	294	294	294	294	294	294	294	294	294	293	293	294	294	294	293	293	293	293	294	294	294	293	294	294	294	294	293	294	293	294	294	294	294	293	294	294	294	294	293	294	293	294	293	294	294	294	294	294	294	295	294	294	294	295	295	294	294	294	294	294	294	294	294	294	294	294	294	294	295	294	295	295	294	295	295	294	295	295	295	294	295	294	294	294	294	295	294	294	294	294	294	293	293	294	294	294	293	294	294	294	294	293	294	294	294	294	294	294	293	293	294	294	294	293	293	293
561	-731815	294	294	294	295	294	293	294	293	294	294	294	294	294	294	295	295	294	294	294	294	294	295	294	294	293	294	294	294	294	294	294	295	294	294	295	294	294	294	294	295	295	295	294	295	294	294	294	294	294	294	294	294	294	294	294	294	295	294	294	294	294	294	295	294	295	294	295	295	294	295	295	294	295	294	295	294	294	294	294	294	294	294	294	294	294	294	294	294	294	295	294	295	294	294	294	294	294	294	294	294	295	294	294	294	294	294	294	294	294	294	294	294	294	294	294	294	294	294	294	294	294	295	295	294	294	294	294	295
562	-731323	294	294	294	295	294	295	295	295	295	295	295	295	295	296	295	295	295	295	296	295	296	296	295	295	295	296	295	295	295	295	295	295	295	295	295	295	295	295	295	295	295	295	295	295	295	295	295	296	295	295	295	294	296	295	295	295	295	295	295	295	294	295	294	295	295	295	295	295	295	295	295	295	295	294	295	294	294	295	295	295	295	295	295	295	295	294	295	295	295	294	294	295	295	295	294	295	295	295	295	295	294	295	295	295	295	295	295	295	295	294	295	295	295	295	295	295	295	295	295	294	295	295	295	295	295	295	295	295
563	-730830	295	295	295	296	295	296	295	295	296	295	296	296	295	296	296	296	296	296	295	295	295	295	296	295	295	295	295	295	296	294	295	295	295	295	295	295	295	295	294	295	294	295	295	295	295	295	295	295	295	296	295	295	295	295	295	295	295	296	295	295	295	295	295	295	295	295	296	295	296	295	296	295	295	295	295	295	295	295	296	295	295	295	295	295	295	296	295	295	296	295	295	295	295	295	295	295	295	294	295	295	294	295	295	295	295	294	295	295	295	295	295	296	295	295	296	294	296	295	295	295	295	296	294	295	295	295	295	295
564	-730338	296	296	296	296	296	296	296	296	296	296	296	296	296	296	296	296	296	296	296	295	296	295	296	295	296	296	296	295	295	295	296	296	296	296	296	296	296	296	295	296	295	296	296	296	295	295	295	295	295	295	295	296	296	295	295	296	296	296	296	296	295	296	296	296	296	295	296	296	295	296	296	296	295	296	296	296	296	296	296	295	296	296	296	296	296	296	296	296	297	296	296	296	296	296	295	297	296	295	295	295	296	296	295	296	296	295	296	296	295	296	296	295	295	296	296	296	295	295	296	296	295	295	296	294	296	296	295	296
565	-729846	297	297	297	296	296	295	296	296	296	296	296	296	296	295	297	297	297	296	297	297	297	297	296	296	297	297	297	297	296	297	296	297	296	296	296	297	297	296	297	296	296	297	296	296	296	296	297	296	297	296	296	296	296	296	295	296	295	295	296	296	296	296	296	296	296	296	296	296	296	295	296	295	296	295	296	296	295	296	295	296	296	295	297	296	296	296	296	296	296	296	296	296	296	295	296	296	296	296	296	296	296	296	296	297	296	296	296	296	297	297	296	296	296	297	296	297	296	297	297	296	296	296	295	297	296	296	296	297
566	-729353	296	296	297	297	296	296	296	297	298	296	297	297	296	295	296	296	296	296	296	295	296	296	296	296	295	296	296	296	296	296	297	296	296	296	296	296	296	296	296	296	296	296	296	296	296	296	296	296	296	296	295	296	296	296	296	296	297	296	297	297	297	297	296	297	297	297	297	296	297	297	296	298	297	297	297	296	296	297	296	296	297	296	297	297	297	297	297	297	297	297	297	296	296	296	296	297	296	296	296	296	296	295	296	296	295	296	296	296	296	296	296	296	296	296	295	296	296	296	296	296	296	297	296	296	296	296	296	296
567	-728861	297	297	297	298	298	297	297	298	298	298	298	297	297	298	298	297	297	297	297	297	297	298	297	297	297	297	298	298	298	298	297	298	297	297	296	296	297	296	297	297	297	297	296	297	297	297	297	297	296	297	297	297	297	297	297	297	296	297	297	297	297	296	297	297	297	297	296	297	297	297	298	297	298	297	297	298	298	297	297	298	298	297	297	297	297	297	296	297	297	297	298	297	297	298	297	297	297	297	298	297	297	297	297	297	297	297	297	297	297	297	297	297	296	297	297	297	297	298	297	297	297	297	297	297	297	297	297	297
568	-728369	297	297	297	297	298	297	297	297	297	298	297	297	297	297	298	297	298	297	297	297	297	298	298	298	299	297	298	298	298	298	298	298	298	298	298	298	298	298	298	298	299	298	298	298	298	298	298	298	298	299	298	298	298	298	299	298	298	298	297	298	298	298	298	298	298	298	298	298	298	298	298	298	298	298	298	298	298	298	298	297	298	298	298	298	298	298	298	297	298	298	298	298	297	298	298	298	298	298	299	298	298	297	298	298	298	298	298	298	298	298	298	298	298	298	297	298	297	299	298	297	297	298	298	297	298	298	297	298
569	-727876	299	299	298	299	298	298	298	298	298	298	298	298	298	299	298	298	298	299	298	299	299	297	298	298	297	298	297	297	298	298	298	298	297	298	298	298	298	298	298	298	298	298	299	298	299	298	297	299	298	299	298	299	298	298	298	298	298	298	298	298	298	299	298	298	298	298	298	298	298	299	298	298	298	298	298	298	298	298	298	298	298	298	298	297	297	297	299	297	298	298	298	298	298	298	298	298	298	297	298	297	298	298	297	298	297	298	298	298	298	297	297	298	298	298	298	298	298	298	298	298	298	298	298	297	298	298	298	298
570	-727384	298	299	299	298	299	299	299	299	299	299	299	299	299	299	299	298	298	298	299	299	299	299	298	298	299	299	299	298	298	299	298	298	298	299	298	299	299	299	299	298	299	299	299	300	298	298	298	298	298	299	299	299	299	298	299	298	299	299	298	299	298	298	299	299	299	299	299	299	299	299	298	298	298	299	299	299	299	298	298	299	299	299	299	299	299	299	299	298	299	300	299	299	299	299	299	299	298	298	299	298	299	299	300	299	298	299	299	299	300	299	299	299	299	299	299	299	299	299	299	299	299	299	298	299	299	299	299	299
571	-726892	298	299	299	299	299	298	299	298	299	299	299	299	299	298	298	299	299	299	299	299	299	299	299	299	300	299	299	299	299	299	300	299	299	299	299	300	298	299	299	299	299	299	299	298	299	299	299	300	299	299	300	299	300	299	299	299	298	299	299	299	299	299	300	299	299	299	299	299	299	299	299	299	299	299	299	299	298	299	299	299	299	298	299	299	299	298	299	299	299	299	298	299	299	299	299	299	300	299	299	299	298	299	299	299	300	299	300	299	299	299	299	299	299	299	300	299	299	300	300	300	299	300	300	300	299	299	299	299
572	-726399	300	300	300	300	300	300	300	300	300	301	300	300	300	300	300	300	300	300	300	300	300	300	301	300	300	300	300	300	299	300	300	299	299	299	299	300	300	299	299	300	299	299	299	299	299	299	299	299	299	299	299	299	299	299	299	299	299	299	299	299	299	299	299	299	299	298	300	299	299	299	299	299	299	299	300	300	300	300	299	300	300	300	300	300	300	299	300	300	300	300	300	299	299	299	300	300	299	299	300	300	299	300	300	299	300	300	299	299	300	299	299	300	299	299	300	300	299	300	299	299	300	299	299	299	299	299	299	300
573	-725907	300	300	300	300	300	300	300	300	300	300	299	300	300	300	300	300	300	299	300	300	299	300	300	300	300	300	299	300	300	301	301	300	300	300	300	300	299	300	300	300	300	300	300	300	300	300	300	301	300	300	300	300	300	300	299	300	300	300	300	300	300	300	299	300	300	300	300	300	300	300	300	300	300	300	300	300	300	300	300	300	300	300	299	301	300	301	300	300	300	300	300	300	300	300	300	300	300	300	300	300	300	299	300	300	300	300	301	300	300	300	300	300	301	301	300	300	300	300	300	299	300	300	300	300	300	300	300	300
574	-725415	302	301	301	301	300	302	300	300	301	300	301	301	301	301	301	301	301	301	301	301	301	301	301	301	301	302	300	301	301	301	301	301	301	301	301	301	301	300	300	300	300	301	300	301	301	300	301	300	300	301	300	300	300	301	300	300	300	300	300	300	300	300	300	301	300	300	300	300	301	300	300	300	301	301	301	301	301	301	301	301	301	300	301	300	300	300	301	301	300	301	300	300	301	301	301	301	301	301	300	301	300	302	301	301	301	301	301	300	300	300	300	300	300	300	300	300	301	300	301	301	300	301	301	300	300	300	301	300
575	-724923	301	301	301	301	301	301	301	301	300	300	301	300	301	301	300	301	301	301	301	300	301	300	301	301	302	301	302	302	301	301	301	301	301	301	301	301	301	302	301	301	300	301	302	301	301	301	301	302	301	301	301	302	302	301	301	301	302	301	301	302	301	301	300	301	301	301	301	301	301	301	301	301	300	302	301	301	301	300	301	301	301	301	301	301	300	301	301	301	302	301	301	301	301	302	301	301	301	301	301	302	302	302	301	301	301	301	301	301	301	301	301	301	302	301	302	302	301	301	301	301	301	301	301	301	301	301	301	302
576	-724430	302	302	301	302	302	302	302	301	302	301	301	302	302	301	301	301	301	301	301	301	300	301	302	302	301	302	301	302	301	301	301	301	301	301	301	301	301	302	301	302	301	300	302	301	302	301	301	302	301	302	301	302	302	300	301	302	301	302	301	301	302	301	302	301	302	301	302	301	302	302	301	302	301	302	302	302	302	300	301	301	302	302	301	301	301	301	302	301	302	302	302	302	301	302	302	301	302	301	302	302	302	302	301	301	301	301	302	301	301	301	301	301	302	301	302	302	301	302	301	302	301	301	302	302	302	302	302	302
577	-723938	302	302	302	302	302	302	302	302	301	302	302	302	303	302	302	302	302	303	302	302	302	302	302	302	302	302	302	302	301	302	302	302	301	303	302	302	302	302	303	302	303	302	302	303	302	302	302	303	303	302	302	303	302	302	302	302	302	303	303	303	302	303	302	303	303	302	303	302	302	302	303	302	303	303	303	302	302	303	303	302	303	303	302	302	303	302	302	302	302	302	302	302	303	302	302	302	302	303	302	302	302	302	302	302	302	302	302	301	302	302	302	302	302	302	302	302	302	302	302	302	303	303	302	303	302	302	302	302
578	-723446	303	302	303	303	302	303	302	303	303	303	303	302	303	303	303	303	302	303	303	303	303	303	303	303	304	303	303	302	304	303	302	303	302	302	302	302	303	303	303	303	302	303	303	302	303	303	303	303	303	302	303	303	302	303	303	303	302	302	303	302	302	303	302	303	302	303	302	303	302	303	302	303	303	303	303	303	303	303	303	303	302	302	303	303	303	303	303	302	303	303	303	303	303	303	303	303	303	302	302	303	303	303	302	303	302	302	302	302	303	303	302	302	302	303	302	303	303	303	303	303	303	303	302	302	303	303	302	303
579	-722953	303	303	303	303	303	302	304	304	303	302	303	304	303	303	304	303	303	303	303	304	303	304	303	303	303	303	303	304	304	303	304	304	304	304	303	304	303	303	303	303	304	303	303	304	303	304	303	303	303	303	303	303	303	303	303	304	303	303	304	303	304	304	303	303	303	303	304	304	303	303	303	303	303	303	303	303	303	303	302	303	302	302	303	303	303	303	304	303	303	303	303	303	303	303	303	303	303	303	303	303	303	304	303	303	303	303	303	304	303	303	303	303	304	304	303	303	303	303	303	303	303	303	303	302	303	303	302	302
580	-722461	304	304	304	304	304	304	304	305	304	304	304	304	304	303	304	304	304	304	304	304	304	304	304	303	303	304	303	304	303	303	303	303	304	304	304	303	303	304	304	304	304	304	304	304	304	304	303	303	303	304	303	304	304	303	304	304	304	304	304	304	304	303	304	303	303	304	303	304	304	304	304	303	304	304	304	304	303	304	304	304	304	303	304	304	304	304	303	304	304	304	303	303	304	304	304	304	304	304	304	304	304	304	304	303	304	303	304	304	303	303	304	303	304	304	304	303	304	303	304	304	304	303	304	303	304	304	303	304
581	-721969	304	304	304	304	304	305	304	304	304	305	304	304	304	304	304	304	304	304	304	304	304	304	304	304	303	304	304	304	304	303	304	304	304	304	304	304	304	304	304	304	304	304	304	304	304	305	305	304	304	305	304	303	304	304	304	303	304	305	304	304	304	304	304	304	304	304	304	303	303	304	304	303	303	303	304	304	303	304	304	303	303	304	304	304	303	304	304	304	304	303	304	303	303	303	304	304	304	304	303	303	304	304	305	304	304	304	304	304	304	303	304	304	304	303	304	304	304	303	304	304	304	304	304	303	304	303	304	304
582	-721476	305	305	305	305	304	304	304	304	304	304	304	304	304	304	304	304	305	304	304	305	304	305	304	305	304	304	304	304	304	304	305	304	304	305	305	305	305	304	305	304	305	305	305	305	305	305	304	305	304	304	305	304	305	305	304	305	305	305	305	305	305	305	305	305	305	305	305	305	305	305	305	305	305	305	305	305	305	305	305	304	305	305	305	305	304	304	305	304	305	304	305	305	304	306	304	305	304	304	304	305	304	304	305	304	304	304	303	304	304	304	304	304	304	304	304	304	304	304	304	304	305	304	304	304	304	306	305	304
583	-720984	305	305	304	305	305	305	305	305	305	305	305	305	305	305	304	305	304	305	306	305	305	304	306	305	305	305	305	306	305	305	305	305	306	305	305	306	304	305	305	305	305	305	304	305	305	304	305	305	304	305	305	305	305	305	305	304	305	305	305	305	304	305	304	305	305	305	305	304	305	306	305	306	305	305	305	305	305	305	305	305	305	305	304	305	305	305	305	305	304	305	305	305	305	305	305	305	305	305	305	305	305	305	305	305	305	305	305	304	305	304	305	304	305	305	304	305	305	304	305	304	305	305	304	305	305	305	305	304
584	-720492	306	305	305	306	305	305	305	305	305	305	305	305	306	305	305	305	305	306	305	306	305	305	305	305	305	305	305	305	305	305	306	305	305	305	305	305	305	305	304	306	305	305	305	305	306	305	306	306	305	306	305	306	305	305	306	306	306	305	305	306	306	306	305	306	305	305	306	305	306	305	306	306	305	306	306	306	305	306	306	306	306	305	305	305	305	306	306	305	305	306	306	306	306	305	305	306	305	306	306	306	305	305	305	305	306	306	305	305	305	305	306	305	305	305	305	305	305	305	305	305	305	306	306	305	306	305	306	306
585	-719999	306	306	306	306	306	307	306	306	306	305	305	306	306	306	306	306	306	307	306	306	307	306	307	306	306	307	306	306	307	305	306	306	307	306	306	306	306	306	307	306	306	306	305	306	306	306	305	305	306	306	307	306	306	306	305	305	306	306	306	306	306	306	306	306	306	306	305	305	306	306	306	306	306	306	306	306	305	306	306	306	306	306	306	305	306	307	305	305	305	306	306	306	307	306	307	306	307	306	306	307	306	306	306	306	307	306	306	307	306	306	306	306	306	307	307	306	306	305	307	306	306	306	306	305	306	306	306	306
586	-719507	306	306	306	306	307	306	306	306	306	306	306	306	306	306	306	306	307	307	306	307	307	306	307	306	307	307	307	307	307	307	306	306	307	306	307	307	306	306	305	307	307	307	306	306	307	306	307	307	306	307	307	306	307	307	307	307	306	306	307	307	306	307	306	306	307	306	307	307	307	306	307	307	307	307	307	306	307	307	306	307	306	306	307	306	307	306	307	307	307	306	307	306	306	307	307	307	307	307	307	307	307	307	307	306	306	307	307	306	307	306	306	306	305	306	306	307	307	307	306	305	307	306	306	306	306	306	306	306
587	-719015	307	307	307	307	308	307	308	307	307	307	307	307	308	307	308	307	307	307	307	308	307	307	307	308	307	307	308	307	307	307	307	307	307	307	307	307	307	307	308	306	307	308	307	308	307	307	307	307	307	307	307	307	307	307	307	307	307	308	308	308	308	307	307	307	307	307	308	307	307	307	307	307	307	307	307	307	307	307	308	307	307	307	308	308	307	307	307	307	307	307	307	307	307	307	307	307	307	307	308	307	307	307	307	307	307	307	306	307	307	307	307	307	306	307	306	306	307	307	307	307	306	306	307	307	307	307	307	307
588	-718523	308	308	307	308	308	308	308	308	308	308	308	308	308	307	308	307	307	308	307	307	307	308	307	307	308	307	307	307	307	307	308	308	307	307	308	307	308	307	308	307	307	308	307	308	307	307	306	307	307	307	308	307	307	308	307	308	308	307	308	308	308	308	308	307	307	308	307	307	307	307	307	307	307	307	307	308	307	308	308	308	308	308	308	307	308	308	307	308	307	308	308	307	308	307	307	308	307	308	307	307	307	308	307	308	308	308	307	307	307	307	307	307	308	307	307	307	307	308	307	308	308	307	307	307	307	307	307	307
589	-718030	307	308	308	307	308	308	308	308	308	308	308	308	308	308	308	308	308	308	308	307	307	308	308	308	308	306	308	307	308	308	307	308	308	308	308	308	309	307	308	307	308	308	308	308	307	308	308	307	308	308	308	308	308	308	308	309	308	308	308	308	308	307	308	308	308	308	308	308	308	308	308	307	308	309	309	308	309	308	307	308	308	308	308	308	308	308	308	308	309	309	308	309	308	308	309	308	308	308	309	308	307	308	307	308	308	308	308	308	308	308	308	308	308	308	308	308	308	308	308	308	308	308	307	308	308	308	308	308
590	-717538	308	308	308	308	309	308	308	308	308	308	308	308	308	308	309	309	308	309	308	308	308	309	308	308	308	308	308	308	308	308	308	308	308	308	307	308	309	308	308	308	308	308	308	309	308	308	308	308	308	308	308	309	308	309	309	309	308	308	308	308	308	308	308	308	308	308	308	309	308	307	308	309	309	309	309	308	308	308	308	308	308	307	308	307	308	308	308	308	308	308	308	308	308	308	308	308	307	308	308	308	309	308	308	308	308	307	308	308	308	308	308	308	309	308	309	310	309	308	309	309	309	308	308	308	307	309	308	308
591	-717046	309	309	309	309	310	309	310	310	309	310	309	310	310	309	310	309	309	309	309	310	310	310	309	309	310	309	310	309	309	310	310	310	310	310	310	310	310	309	309	309	310	309	308	309	309	309	309	309	309	309	309	308	309	309	310	309	309	309	309	309	309	309	309	309	309	309	309	309	308	308	309	308	309	308	309	309	310	308	309	310	310	309	309	309	310	310	309	309	309	309	310	309	309	309	309	308	309	310	309	309	309	309	310	309	310	309	310	310	309	309	310	309	310	309	308	309	309	309	309	309	309	309	310	309	309	310	309	310
592	-716553	310	309	309	309	309	309	309	309	309	309	310	309	309	309	308	309	308	309	309	307	309	309	309	310	309	309	310	310	310	309	309	310	310	309	309	309	310	310	310	309	309	310	310	310	310	309	311	310	310	309	309	310	310	310	310	310	310	310	310	310	310	309	310	310	310	310	310	310	310	310	310	310	310	310	310	309	309	309	309	309	309	308	309	309	309	310	310	309	309	309	309	309	309	309	309	309	309	309	309	309	309	309	309	309	309	309	309	309	309	310	310	310	309	311	309	310	310	309	311	309	309	310	310	310	310	310	310	310
593	-716061	310	310	310	310	311	311	310	310	310	310	310	310	309	310	310	310	310	310	310	310	310	310	310	310	309	310	310	310	310	310	311	310	311	310	310	310	310	310	310	310	310	310	310	310	310	310	311	311	310	310	311	310	310	311	310	310	311	311	311	310	310	310	310	310	310	310	310	310	310	310	311	311	310	310	310	311	311	311	310	310	310	311	310	310	310	310	311	311	310	310	310	311	310	310	310	310	311	311	311	311	310	310	311	310	310	310	310	310	310	310	310	310	310	310	310	311	310	309	311	310	310	310	310	311	310	310	310	310
594	-715569	311	310	311	310	310	310	311	311	310	310	311	311	311	311	311	311	311	311	311	311	311	311	311	310	311	311	310	311	311	310	310	311	311	311	311	311	311	311	311	311	311	311	311	311	311	311	311	311	311	311	311	311	311	310	310	310	310	310	310	310	310	310	310	310	310	310	311	311	310	311	310	311	310	310	311	310	310	311	310	310	310	310	310	310	310	310	310	310	310	310	311	310	310	311	310	310	310	310	310	310	310	310	311	310	310	310	311	310	310	310	311	310	310	311	310	311	310	311	310	310	311	310	311	311	311	310	310	310
595	-715076	311	311	312	311	312	311	311	311	311	311	311	311	310	311	311	310	312	311	310	310	311	311	310	311	310	311	311	310	311	311	311	310	311	311	310	311	311	310	310	310	311	310	311	311	311	310	312	312	312	311	312	311	311	311	311	311	311	311	311	311	312	311	311	311	311	312	311	311	311	311	311	311	311	311	311	311	311	311	311	311	312	311	311	312	311	311	312	311	311	311	311	311	311	311	311	311	311	311	311	310	311	311	311	310	310	311	311	311	311	311	311	311	311	311	311	311	310	311	311	312	311	311	311	311	312	311	312	311
596	-714584	311	312	311	312	312	311	312	311	311	312	311	312	312	311	312	311	312	312	312	311	312	311	312	312	312	312	312	312	312	311	312	311	312	311	311	312	311	312	312	312	312	311	311	312	311	311	311	311	311	311	312	311	311	311	311	311	312	311	311	311	311	311	311	311	311	311	311	311	312	312	311	311	311	311	312	312	312	312	312	312	311	312	312	311	311	311	312	311	311	312	311	311	311	312	311	312	312	312	311	311	312	312	312	311	311	312	311	312	311	310	311	311	311	311	311	311	311	311	311	311	311	311	311	310	311	311	311	311
597	-714092	312	312	312	311	312	312	312	312	311	312	312	312	312	312	311	312	312	312	311	313	312	311	313	312	312	311	312	312	311	312	312	312	312	312	312	312	312	312	312	312	312	312	312	311	312	312	312	312	312	312	312	312	313	312	312	312	312	311	313	312	312	312	312	312	312	312	312	312	312	312	311	312	312	312	312	311	311	312	312	312	312	312	312	312	312	312	312	312	312	312	312	312	312	312	313	312	312	312	312	313	312	312	312	312	312	312	312	312	312	313	312	312	312	312	313	312	312	313	312	312	312	312	312	313	312	312	312	312
598	-713599	313	312	312	313	313	313	313	314	313	313	313	313	313	313	313	313	312	312	312	313	312	313	312	313	312	313	313	313	313	313	313	313	313	313	313	312	313	313	313	313	313	313	313	313	312	312	312	312	312	313	312	312	313	313	313	313	313	313	313	313	313	312	313	312	312	313	312	312	312	312	312	312	312	312	312	312	312	312	312	312	312	312	312	312	313	312	312	312	312	313	312	313	312	312	312	312	312	312	312	312	312	313	312	312	313	312	313	312	312	312	312	313	312	313	312	313	313	312	313	312	313	313	313	313	313	313	312	313
599	-713107	313	313	313	312	313	313	313	313	313	312	313	313	313	313	313	313	313	313	313	313	313	313	313	313	315	313	313	313	313	313	313	313	313	313	313	313	313	313	313	313	313	312	313	312	313	313	313	312	312	312	313	313	312	313	313	312	313	313	313	313	313	313	313	313	313	313	313	313	312	313	313	313	313	313	313	313	314	314	313	313	314	313	313	313	313	313	313	313	313	313	314	313	314	314	313	314	314	314	314	314	312	313	313	314	314	313	314	314	314	313	313	313	313	313	313	312	313	313	313	313	313	313	312	313	313	313	312	312
600	-712615	314	313	313	314	313	313	313	314	314	314	314	313	314	313	313	313	313	313	313	313	313	313	313	313	313	313	313	314	313	313	313	313	312	313	313	314	313	313	314	313	313	313	313	313	313	313	313	313	312	313	313	313	313	313	313	313	313	313	313	313	313	313	313	314	313	314	314	314	314	314	314	314	313	313	313	314	313	314	314	314	314	314	314	314	313	314	314	313	314	313	313	313	313	313	313	313	313	313	313	313	314	313	314	313	313	313	313	313	313	313	313	313	313	312	313	314	313	313	312	313	314	312	313	313	314	314	314	314
601	-712123	314	314	314	315	315	314	314	314	313	315	314	313	314	314	313	313	314	314	314	314	314	314	314	314	314	313	315	314	314	314	314	314	313	314	314	313	314	314	313	314	314	314	314	314	313	314	314	314	314	314	314	314	314	315	313	314	314	314	314	314	315	314	314	315	314	314	314	314	315	314	315	314	315	314	314	314	313	314	315	314	314	314	314	314	314	314	313	314	314	314	314	313	314	314	314	314	314	314	314	314	314	314	314	314	314	314	314	314	314	314	315	314	314	314	314	314	314	314	314	314	314	314	314	314	314	313	314	313
602	-711630	315	314	315	314	314	315	315	314	314	315	314	314	314	314	314	314	314	314	314	314	314	313	314	314	314	314	313	314	314	314	314	314	314	314	314	314	314	314	314	314	314	314	314	314	314	314	314	314	315	315	314	314	315	314	315	314	314	315	315	315	315	314	315	315	315	315	314	314	314	313	314	314	315	314	314	314	315	314	314	314	314	315	315	314	314	315	315	315	314	314	315	314	315	314	314	314	314	315	314	314	314	315	315	315	315	314	315	314	315	315	315	315	313	315	314	314	314	315	315	313	313	315	314	315	314	314	315	315
603	-711138	315	315	315	314	315	315	315	314	315	314	315	315	315	314	314	315	314	315	315	316	315	315	315	316	315	315	315	315	316	315	315	315	315	315	315	314	315	315	316	315	316	315	315	315	315	316	315	315	315	315	315	315	316	315	315	315	315	315	315	316	315	316	315	315	315	316	315	315	315	315	315	315	315	315	315	315	316	315	315	315	315	315	315	315	316	315	316	315	315	315	315	315	315	315	315	315	315	315	316	315	315	315	315	315	315	315	315	315	315	315	315	315	315	315	315	315	315	315	315	314	315	315	315	316	315	316	315	315
604	-710646	315	315	315	314	315	315	315	315	314	315	315	314	316	315	315	315	315	316	315	316	315	315	315	315	315	315	315	316	315	315	315	316	315	315	316	316	316	316	316	316	315	316	316	316	316	316	316	316	317	316	316	317	316	316	316	316	315	316	316	316	316	316	316	316	316	316	316	316	316	316	316	315	315	315	315	316	316	316	316	315	316	316	316	315	315	315	315	315	315	315	315	315	315	315	316	315	315	315	315	316	316	315	315	315	316	316	315	316	315	316	316	315	315	315	315	316	315	315	315	316	316	316	316	316	315	315	316	316
605	-710153	316	316	316	316	316	316	316	316	316	316	316	316	316	316	316	316	316	315	316	316	316	316	316	316	316	316	316	316	316	316	316	316	316	316	316	316	315	315	316	316	316	316	316	316	315	316	316	317	316	316	316	316	316	316	317	316	316	316	316	317	316	317	316	316	317	315	317	316	316	316	316	316	316	317	316	315	317	316	316	316	316	316	316	316	316	316	317	316	316	316	317	317	317	317	316	316	316	316	317	316	316	316	316	317	317	316	316	317	316	317	317	316	317	316	316	316	316	316	316	316	315	316	316	316	316	315	315	316
606	-709661	316	317	316	316	316	315	317	316	316	316	316	316	316	316	316	316	316	316	316	317	316	316	316	317	316	316	317	317	317	316	317	316	317	316	316	317	316	317	317	316	317	316	317	317	316	317	317	318	317	316	317	316	317	316	317	317	317	316	317	317	317	316	316	316	317	317	316	316	316	316	316	316	316	316	316	316	316	316	316	316	317	317	316	316	316	316	316	316	316	316	316	316	316	316	316	316	315	316	316	316	316	316	317	316	317	316	317	317	316	317	316	317	316	316	316	316	316	316	316	317	316	317	317	316	317	317	317	317
607	-709169	317	317	318	317	317	317	317	317	317	317	317	317	317	317	317	317	317	317	317	317	317	316	316	317	318	317	317	317	317	317	316	317	317	317	316	317	316	318	317	317	318	317	317	317	317	317	317	317	317	317	317	316	317	317	317	316	317	318	317	316	316	316	317	317	316	316	316	317	316	316	316	317	317	316	317	317	317	317	316	318	317	318	318	317	318	317	318	317	317	318	317	317	316	317	317	316	316	317	317	316	316	317	316	317	317	316	316	317	317	317	316	317	317	316	317	316	315	316	316	316	316	316	316	316	316	316	316	317
608	-708676	318	318	318	318	318	318	318	318	318	318	318	317	317	318	318	318	317	318	317	318	318	317	318	318	318	317	318	318	318	317	318	317	318	317	318	317	318	317	317	317	317	316	318	317	317	317	318	318	318	318	317	317	318	318	318	316	318	318	317	318	317	318	317	317	318	317	317	318	317	318	317	317	317	317	317	317	317	317	317	317	317	318	317	317	317	316	317	317	317	316	316	317	317	316	316	317	317	317	317	317	317	317	317	317	317	317	317	318	317	317	318	317	317	317	317	317	317	317	316	317	317	317	318	317	317	318	318	318
609	-708184	318	318	318	318	318	318	318	318	319	318	318	318	318	319	318	318	318	319	319	318	318	318	318	318	318	318	318	318	318	318	318	318	319	318	319	318	318	319	318	319	319	319	318	319	318	318	317	318	319	318	318	318	318	318	318	317	318	318	318	319	318	318	319	318	318	318	318	318	318	318	318	317	318	318	317	318	318	318	318	318	318	317	318	318	317	318	317	318	318	318	318	318	318	318	319	318	318	318	318	318	318	318	318	317	318	318	318	318	318	317	317	317	317	317	317	318	317	318	318	317	318	318	318	317	318	318	317	317
610	-707692	319	319	319	319	319	320	318	319	319	319	319	319	319	318	319	318	319	319	319	319	319	319	319	319	319	319	319	319	319	318	319	318	319	318	318	319	318	319	318	318	318	318	319	318	318	318	318	318	318	319	319	319	319	318	319	319	318	318	318	319	318	318	319	318	319	318	319	319	319	320	319	319	318	319	319	319	319	318	318	320	319	319	318	318	318	318	319	318	319	318	318	318	318	318	318	318	319	318	319	319	319	319	318	318	317	318	319	318	317	318	317	318	318	318	318	318	318	318	317	318	318	318	319	318	319	318	318	318
611	-707199	319	319	318	318	319	318	319	319	319	319	319	318	319	319	320	319	319	318	318	319	319	318	319	318	319	320	319	319	320	319	319	319	319	319	319	319	318	319	319	319	320	319	319	319	319	318	319	319	319	318	318	319	319	319	319	318	318	319	319	319	318	319	318	318	318	318	318	318	318	319	318	319	318	318	318	318	319	319	318	319	318	318	319	318	319	318	318	318	318	318	318	319	319	318	319	319	318	319	319	318	319	319	320	319	319	319	319	319	319	319	320	319	319	319	319	319	319	319	320	319	319	319	319	319	319	319	318	319
612	-706707	318	319	319	320	319	319	319	319	319	320	320	319	319	319	320	320	319	319	319	320	320	320	320	319	320	319	320	320	319	319	320	320	319	319	320	319	319	319	319	319	319	320	319	319	319	320	319	319	320	319	319	319	320	319	318	319	319	318	319	318	319	319	319	319	318	319	319	319	319	319	319	319	319	319	319	320	320	319	319	319	319	319	319	320	320	320	320	319	319	320	320	319	320	320	319	319	319	320	319	319	319	319	319	320	320	320	319	320	320	320	321	320	319	319	318	319	319	319	319	319	319	319	319	319	319	320	319	319
613	-706215	320	320	320	320	319	320	320	320	320	320	320	320	320	321	320	320	320	320	320	320	320	320	320	320	319	320	320	320	320	319	320	319	320	320	320	320	319	320	320	319	319	319	320	319	319	319	320	320	320	319	319	320	320	320	319	319	320	320	319	320	320	320	320	320	320	320	320	320	320	320	320	320	320	320	320	320	320	320	320	320	320	320	320	321	320	320	320	320	320	320	320	320	321	320	320	320	321	320	320	320	320	320	320	320	320	320	320	319	319	320	320	320	321	320	320	320	320	320	319	320	320	320	320	320	320	320	320	320
614	-705723	320	321	320	320	320	320	320	320	320	320	320	320	320	321	321	321	321	320	321	320	321	320	321	321	321	320	321	321	320	320	321	320	321	320	321	320	320	321	320	320	320	320	320	319	320	320	320	321	320	320	320	320	320	320	320	320	320	319	320	320	320	320	319	320	319	320	320	320	320	320	321	321	321	322	322	321	321	321	321	321	321	321	320	321	320	320	321	320	321	320	321	321	321	320	321	320	320	321	320	320	319	320	320	320	320	321	320	321	320	321	320	320	320	319	320	320	319	320	319	320	319	319	320	319	320	320	320	320
615	-705230	322	322	321	321	321	322	321	321	320	321	320	320	320	320	320	320	321	320	320	321	321	320	320	322	321	320	320	320	320	321	321	320	320	320	320	320	320	321	320	320	320	320	321	320	321	321	321	321	321	321	322	321	321	321	321	322	321	321	321	321	321	321	321	322	321	321	321	321	321	321	321	321	321	321	321	321	321	321	321	321	320	321	321	320	321	320	320	321	321	320	320	321	320	320	321	320	321	320	321	320	320	321	320	320	320	321	320	321	321	320	321	320	321	321	320	320	320	320	321	320	320	321	321	321	321	321	320	321
616	-704738	320	320	321	321	321	321	321	322	321	321	321	321	321	321	321	321	321	321	320	321	320	320	321	321	321	320	321	321	321	321	320	321	321	321	321	321	321	321	321	321	320	321	320	321	321	320	321	321	322	321	321	321	321	321	322	322	321	319	322	321	321	321	321	322	321	321	321	320	321	321	321	320	321	321	321	321	321	321	321	321	321	321	321	321	321	320	321	321	321	321	321	321	321	321	321	320	321	321	321	321	321	321	321	321	321	322	321	321	322	321	321	321	321	322	321	320	320	321	321	321	321	320	321	322	321	322	321	321
617	-704246	322	321	321	322	322	322	322	322	322	321	322	321	322	322	321	321	321	322	322	321	322	322	323	323	323	323	322	322	322	322	322	323	323	321	322	323	322	322	323	322	321	322	322	322	322	321	322	323	322	323	322	321	322	321	322	321	322	322	322	321	321	322	321	322	321	321	321	321	322	321	323	322	321	321	322	321	322	321	322	321	322	322	322	322	322	322	322	323	322	322	321	322	322	322	322	321	322	322	322	322	323	322	322	322	322	322	322	322	323	322	322	322	322	322	322	323	322	322	322	322	322	322	322	322	322	322	321	322
618	-703753	323	323	323	322	323	322	323	323	322	323	322	322	322	322	323	322	323	323	323	323	322	323	322	323	323	323	323	323	322	323	322	323	322	322	323	322	323	322	322	322	322	322	322	322	322	322	322	321	322	323	321	322	322	322	322	323	322	323	322	322	322	323	322	323	323	322	322	323	323	322	323	322	323	323	323	324	323	323	323	323	323	323	323	323	323	322	322	323	323	323	323	322	323	323	323	322	322	322	322	322	322	323	323	322	322	322	323	323	322	322	321	322	322	322	322	322	322	322	322	322	322	322	322	322	322	322	322	322
619	-703261	323	322	322	323	323	323	323	323	323	323	323	323	322	323	323	322	323	323	323	323	323	323	323	323	323	322	323	323	323	323	323	324	323	323	323	324	323	323	323	323	323	323	323	323	324	323	323	323	323	323	323	323	323	323	323	323	323	323	323	322	323	323	323	322	323	323	323	323	323	323	323	323	324	323	323	323	323	323	322	322	323	323	322	322	322	323	322	322	323	323	323	323	323	323	323	323	323	322	323	323	323	323	322	323	322	322	323	323	323	323	323	323	322	323	323	323	322	323	322	322	323	323	323	323	323	323	324	324
620	-702769	323	323	322	323	323	323	323	323	323	323	323	323	323	322	323	323	323	324	323	323	323	323	324	323	323	323	323	324	324	324	323	323	323	323	323	323	323	323	323	323	322	323	323	323	322	323	323	323	323	324	324	324	323	323	323	322	323	323	323	323	323	323	323	323	323	323	323	323	323	323	324	323	323	323	323	323	323	323	323	323	323	323	324	323	324	323	322	323	323	324	324	323	324	324	324	324	324	324	324	324	324	324	324	324	324	324	323	324	323	324	323	324	323	323	324	324	324	323	323	323	323	323	324	323	324	323	324	323
621	-702276	324	325	324	324	324	324	324	324	324	324	324	324	324	324	324	324	324	324	324	324	324	324	324	323	323	324	323	323	323	323	323	324	324	324	324	324	324	324	324	323	324	324	324	324	324	323	323	323	323	323	323	323	324	324	323	324	324	324	324	324	324	323	324	324	324	323	324	324	324	324	324	324	324	324	324	324	324	324	324	324	324	324	325	324	324	325	324	324	324	324	324	324	324	323	325	324	323	324	324	324	323	324	323	324	325	324	323	324	323	325	323	324	324	323	323	323	323	324	324	323	324	324	324	323	324	324	324	324
622	-701784	325	324	324	325	325	325	324	324	325	324	325	325	324	324	324	325	324	324	324	324	324	324	324	324	325	325	324	325	324	325	324	324	324	324	324	324	324	324	324	324	324	324	324	324	324	324	324	324	325	324	324	325	325	325	324	325	325	324	324	324	324	324	324	324	324	323	324	324	325	325	324	324	325	325	325	324	324	325	324	324	324	324	324	324	323	324	324	324	324	324	324	324	324	324	324	324	324	323	324	324	324	324	324	324	324	324	324	323	323	324	323	324	324	324	324	324	324	324	324	324	324	324	324	324	324	324	324	324
623	-701292	325	325	325	326	325	325	325	325	325	325	326	324	325	324	325	325	325	325	324	325	325	324	324	325	325	326	325	325	324	326	325	325	325	325	325	325	324	325	324	325	324	324	325	324	326	325	325	325	325	325	325	326	325	325	325	325	325	325	324	324	325	325	324	325	325	325	325	325	325	324	325	325	325	324	325	325	325	325	326	325	325	324	325	325	325	325	325	324	326	325	325	325	324	325	325	324	325	324	325	324	324	325	324	324	324	324	324	325	325	325	325	324	325	324	324	325	325	324	325	324	325	325	325	325	324	325	324	325
624	-700799	325	325	326	325	325	324	325	324	325	325	324	325	324	325	325	325	325	325	325	325	325	325	325	326	325	325	326	326	326	323	325	324	325	325	325	326	326	326	326	325	326	326	325	326	325	326	326	326	326	325	325	325	325	325	325	325	325	325	325	325	326	325	325	325	325	325	326	325	325	326	325	325	326	325	326	325	325	325	325	325	325	326	325	325	326	325	326	325	325	326	326	325	325	325	325	326	326	326	325	326	325	325	325	326	326	326	325	325	325	325	326	325	325	326	325	326	325	325	325	325	325	325	324	325	326	324	325	325
625	-700307	326	326	326	325	326	326	326	326	325	325	325	326	326	326	326	328	326	325	326	326	325	326	326	326	326	325	326	326	326	326	326	326	326	326	327	325	326	326	325	325	326	325	325	325	325	326	325	326	326	325	326	325	326	326	326	326	325	325	326	325	325	325	326	326	326	325	326	326	326	326	326	326	327	326	326	326	326	326	326	326	326	326	326	326	326	326	327	327	326	326	326	327	326	327	326	327	326	327	326	326	326	327	325	326	326	326	326	326	325	326	326	325	325	326	326	326	327	326	326	326	326	326	326	326	326	326	326	326
626	-699815	326	326	326	326	326	326	326	326	326	326	327	326	326	326	327	326	326	326	326	326	327	326	326	326	327	327	326	327	326	326	326	327	327	326	327	326	326	326	326	326	326	326	326	325	326	326	326	326	326	327	327	327	326	326	326	326	326	326	326	326	326	326	326	326	326	326	326	326	326	326	326	326	326	326	326	326	327	326	326	326	325	326	326	326	326	326	326	326	326	327	326	327	326	326	326	326	326	326	326	326	326	327	326	327	327	326	327	326	327	327	326	327	326	326	326	327	326	326	326	326	326	326	326	326	326	326	327	326
627	-699323	327	327	326	327	327	326	327	327	327	327	327	327	327	327	327	327	326	327	327	327	327	327	327	326	327	327	327	327	326	327	327	327	327	327	326	326	327	326	327	327	326	327	327	327	327	327	326	327	327	326	327	327	327	327	327	326	327	326	327	326	327	326	326	326	327	327	327	326	327	327	327	327	327	327	326	327	327	327	326	326	327	326	327	327	327	327	327	327	327	327	327	327	327	328	326	326	327	326	327	326	326	327	327	327	326	327	327	327	327	327	328	327	326	327	327	327	326	327	327	327	327	327	327	327	327	327	327	327
628	-698830	327	327	327	327	327	327	327	327	327	327	327	327	327	327	328	327	326	327	327	327	327	328	326	327	327	327	327	327	327	327	327	327	327	327	327	328	327	327	328	327	328	327	328	327	327	327	327	327	327	327	328	327	327	328	327	327	328	327	327	327	327	327	327	327	327	327	327	327	327	327	327	327	328	327	328	327	327	327	327	328	327	327	326	327	327	327	327	326	326	327	327	327	328	327	327	327	327	327	327	327	327	328	327	327	327	327	327	327	327	327	327	327	327	327	327	328	328	328	328	327	328	328	328	327	327	328	327	328
629	-698338	328	327	327	328	328	328	327	327	328	327	328	328	328	328	328	328	328	328	328	328	328	328	328	328	328	328	328	328	327	328	328	328	327	327	327	328	327	327	328	327	327	328	328	328	328	328	327	328	327	327	327	328	327	327	327	328	327	327	327	327	327	328	327	328	327	327	329	327	328	328	328	328	327	328	327	328	327	327	327	327	328	328	327	328	328	328	328	328	328	327	328	328	328	328	327	327	328	327	328	328	328	328	328	328	328	327	328	327	327	327	327	327	327	327	328	327	327	327	327	328	327	327	327	327	328	327	327	328
630	-697846	328	328	328	329	329	329	328	328	328	329	329	328	329	329	328	329	328	329	328	329	328	328	329	328	328	328	329	329	328	329	328	328	329	328	329	329	328	329	328	329	328	329	328	328	328	328	328	329	329	329	329	328	329	328	328	328	328	329	328	328	328	329	328	328	328	328	328	328	328	328	328	329	328	328	328	328	328	328	328	328	328	328	328	328	328	328	328	328	328	328	328	328	328	328	328	328	328	328	329	328	329	328	329	329	329	328	328	328	328	328	328	328	328	328	328	329	329	328	329	328	328	328	328	328	328	328	328	328
631	-697353	329	329	328	328	328	328	329	328	328	328	328	329	328	329	328	329	328	329	329	329	329	328	328	328	329	328	329	328	329	329	329	329	329	329	329	329	329	328	329	328	328	329	329	329	328	329	329	328	329	329	329	329	328	329	329	329	329	329	329	329	330	329	329	329	329	330	329	329	329	329	329	328	329	328	329	329	330	330	328	329	329	329	329	329	329	329	329	329	329	330	329	329	329	328	329	329	329	329	329	329	328	329	329	329	328	329	329	329	329	329	329	330	328	330	329	329	328	329	329	329	329	328	329	328	328	329	328	328
632	-696861	329	329	329	329	329	329	329	329	329	329	329	330	329	329	329	329	329	329	329	329	329	329	329	329	330	330	329	329	329	329	329	328	329	328	328	329	329	330	329	329	330	329	329	329	330	329	329	330	329	328	330	329	329	329	329	329	329	330	329	329	329	329	329	329	329	329	329	329	330	330	330	329	329	330	329	329	330	329	328	329	329	329	329	329	329	329	329	329	328	329	329	329	329	329	329	329	329	330	329	329	329	329	330	329	329	329	329	329	329	330	329	328	328	329	329	330	329	329	329	329	329	329	329	329	329	329	329	329
633	-696369	330	330	330	330	330	330	330	330	330	329	330	330	330	330	329	329	329	329	329	330	330	330	330	329	329	330	330	330	331	330	330	330	330	329	330	330	329	329	330	330	329	330	329	331	330	329	330	329	329	330	330	329	330	330	330	330	330	330	330	329	330	330	329	329	329	330	329	330	330	330	330	330	330	330	330	330	330	331	330	330	330	329	329	330	330	330	330	330	330	330	330	331	329	329	329	329	330	329	330	329	331	330	330	330	329	329	330	329	329	329	329	330	329	329	329	330	329	329	329	329	329	330	329	329	329	329	330	330
634	-695876	331	330	331	330	330	330	331	330	331	330	330	330	330	330	329	331	330	330	330	330	330	330	330	330	330	330	330	330	330	329	330	330	329	330	329	330	330	329	330	330	329	330	330	330	329	329	330	330	330	330	330	330	329	330	330	330	330	330	330	330	330	330	330	330	329	329	330	330	331	330	331	330	331	330	331	330	330	330	330	330	330	330	330	330	330	330	330	330	330	330	330	330	331	330	330	330	330	331	330	331	330	329	330	330	330	330	330	330	330	330	331	330	330	330	330	330	330	330	330	330	330	330	329	330	330	330	331	330
635	-695384	331	331	330	330	331	330	330	331	331	331	331	330	331	331	330	332	330	331	331	331	332	330	331	331	331	331	331	331	331	330	331	331	331	331	331	331	330	331	331	330	333	330	330	331	330	331	330	330	330	330	330	330	330	330	329	330	331	331	330	331	331	331	331	330	331	330	331	331	331	331	331	331	331	331	331	330	331	331	331	331	331	331	331	331	331	331	331	331	331	331	331	331	330	330	330	331	331	331	331	330	331	331	331	331	331	331	331	331	331	330	331	330	331	331	330	331	331	331	331	331	331	330	330	331	330	331	331	330
636	-694892	331	332	331	331	331	331	331	331	331	331	330	331	331	331	331	330	332	331	331	331	331	332	331	331	331	331	332	331	331	331	331	332	331	332	331	331	331	331	331	331	331	331	331	332	331	332	332	331	331	332	331	331	331	332	331	331	330	331	331	331	331	331	331	332	331	331	331	331	331	331	331	331	331	331	332	331	331	331	331	331	331	331	331	331	331	331	331	331	331	331	331	331	331	331	331	332	331	331	331	331	331	331	331	332	331	331	331	331	331	331	332	332	331	331	331	332	331	332	331	331	331	331	331	331	331	331	331	331
637	-694399	331	332	331	332	332	332	331	331	331	332	331	331	331	331	331	332	332	332	332	332	332	332	332	332	332	332	332	332	332	332	332	331	332	331	332	332	332	332	332	332	331	332	333	332	332	332	332	332	332	332	332	332	331	332	332	332	330	332	331	331	331	332	332	331	332	332	332	332	332	332	332	332	332	332	331	332	331	331	332	332	331	331	331	332	331	331	331	331	332	331	331	332	331	331	332	331	331	331	331	332	331	331	331	331	331	331	332	332	331	332	332	332	331	331	332	332	332	331	332	332	332	332	332	332	332	332	332	332
638	-693907	331	332	331	331	332	332	331	332	331	332	332	331	332	332	332	332	332	332	332	332	332	332	331	332	333	332	333	332	333	333	330	333	332	333	333	333	332	333	332	332	332	333	332	332	333	332	333	332	333	332	332	332	332	332	332	332	332	332	332	332	332	332	332	332	332	332	332	331	332	331	332	332	332	332	332	332	332	332	332	333	332	332	332	332	332	332	332	332	332	332	332	332	333	332	332	333	333	333	333	333	333	333	333	332	333	332	333	332	332	332	332	332	331	332	332	332	332	332	332	332	332	333	332	332	332	332	332	332
639	-693415	332	332	332	332	332	332	332	332	332	332	332	332	332	332	332	332	332	332	332	332	332	332	331	332	332	333	332	332	332	332	333	332	332	333	333	332	332	332	332	333	332	333	332	333	334	333	333	332	332	333	333	332	333	333	333	334	333	333	334	334	334	333	333	333	333	334	333	333	333	333	334	333	334	333	333	333	333	333	334	332	332	333	333	333	332	332	332	334	333	333	332	332	333	332	332	333	332	332	332	332	332	333	332	332	332	332	332	332	332	332	332	332	332	332	332	333	332	332	333	333	333	333	333	333	333	333	333	332
640	-692923	333	333	333	333	333	333	333	333	333	333	333	333	333	332	333	333	333	333	333	333	333	333	333	333	333	333	333	333	333	333	333	333	334	333	333	333	333	333	333	333	333	334	333	333	334	334	334	333	334	334	333	334	333	334	333	333	334	333	333	333	332	333	333	334	332	332	333	333	334	333	333	333	333	333	333	333	333	333	333	332	333	333	333	333	333	334	334	334	333	333	334	333	333	333	334	333	333	334	333	334	333	333	333	333	333	334	333	333	333	334	333	334	334	334	333	334	333	334	333	333	333	333	333	333	333	333	333	333
641	-692430	333	333	334	334	333	333	333	334	333	334	333	333	333	333	334	333	334	333	333	333	333	333	333	333	333	332	334	333	333	333	333	333	334	334	334	333	334	333	333	334	333	334	334	334	335	333	334	334	335	334	334	334	333	334	334	334	334	334	334	333	334	335	334	334	334	335	334	334	333	333	333	333	334	333	334	334	333	334	333	333	333	333	334	333	333	333	333	333	333	333	334	333	334	333	333	334	333	333	333	333	333	333	333	333	333	333	334	333	334	333	333	333	333	333	333	333	334	333	334	334	335	334	335	334	334	335	334	334
642	-691938	334	333	334	334	334	334	334	334	334	334	334	334	334	334	335	334	335	334	334	335	334	334	334	335	334	334	334	334	334	334	334	334	334	334	334	334	335	333	334	334	334	334	333	333	334	334	334	334	334	334	334	335	334	335	334	334	334	334	334	334	334	334	334	334	334	335	334	334	334	334	335	335	334	334	334	335	335	335	334	335	334	335	334	334	334	334	335	334	334	334	334	334	334	334	335	334	335	334	335	334	334	335	334	334	335	334	334	335	334	333	334	334	334	334	334	334	334	334	334	334	334	334	335	334	334	334	334	334
643	-691446	335	335	335	335	335	335	334	334	334	335	334	334	334	334	335	335	335	335	335	335	335	335	335	335	335	334	334	334	335	334	335	335	335	335	335	335	335	335	335	335	335	334	335	335	335	335	335	335	335	335	335	335	335	335	335	335	335	335	334	335	335	335	336	335	335	335	335	335	336	335	335	335	335	335	335	335	335	335	336	335	335	336	335	335	335	335	335	335	335	336	335	335	335	335	336	335	336	335	335	335	335	334	335	335	334	335	335	335	335	335	335	334	335	335	335	335	334	334	334	335	335	335	335	334	335	335	335	334
644	-690953	335	335	335	336	335	335	336	335	335	335	335	335	335	336	335	336	334	335	336	336	336	336	336	336	335	335	335	336	335	335	335	335	335	335	335	336	334	335	334	335	335	334	335	335	335	335	334	336	335	335	335	334	335	334	335	334	334	335	334	335	334	334	335	334	335	335	335	335	334	335	334	334	335	333	335	335	335	336	335	335	335	335	335	335	335	335	335	335	335	335	336	335	335	335	335	335	335	335	335	335	335	335	335	335	335	335	335	335	335	335	335	334	334	334	335	335	335	334	335	335	335	335	335	335	335	335	335	335
645	-690461	336	336	336	335	335	335	335	336	335	335	335	335	335	335	335	335	335	336	335	335	335	335	336	337	336	335	336	335	336	336	335	335	335	335	336	335	336	336	335	336	335	336	335	336	336	336	336	336	335	336	336	335	335	335	335	336	335	336	335	336	336	335	335	335	335	335	335	335	335	335	335	335	335	335	336	336	336	335	335	335	335	336	335	335	335	335	336	336	335	336	336	336	336	336	336	336	336	336	336	336	336	335	336	336	336	335	336	336	335	335	335	336	336	336	336	336	337	336	336	336	336	336	336	336	335	336	336	336
646	-689969	336	336	336	336	336	336	336	335	336	336	336	336	336	336	337	336	336	336	336	336	337	336	336	336	336	337	336	336	337	336	337	336	336	336	336	336	336	336	336	337	336	337	336	336	336	336	336	336	336	336	336	336	336	336	336	336	336	336	336	336	336	336	336	336	335	336	335	336	336	336	336	336	336	336	336	336	336	336	337	336	336	336	337	336	336	337	336	337	336	336	336	336	336	336	336	336	336	336	336	336	336	336	336	336	337	336	336	336	336	336	336	336	336	336	336	336	335	336	336	335	336	336	336	336	336	336	336	336
647	-689476	336	336	336	337	337	336	337	336	337	336	337	337	337	336	337	337	336	337	336	337	336	337	337	337	337	337	336	337	337	337	337	336	337	337	336	337	337	336	337	336	337	337	337	337	336	336	335	336	337	336	336	336	336	336	336	336	336	336	336	336	336	336	337	336	336	337	337	337	337	337	337	337	337	337	337	337	337	336	337	337	337	337	337	337	337	337	337	337	337	337	336	337	337	337	337	337	336	336	337	336	336	336	336	336	336	337	337	336	335	336	336	336	336	336	335	337	336	336	336	336	336	335	336	336	336	336	336	336
648	-688984	338	337	337	337	337	337	338	337	337	337	338	337	338	338	337	337	338	337	337	337	337	337	337	338	337	337	338	338	337	337	337	337	337	337	337	337	337	337	337	337	337	337	337	337	337	337	337	337	337	336	337	337	337	337	337	337	337	337	336	336	336	337	337	337	337	337	338	338	337	337	337	337	338	336	337	337	337	337	337	337	337	337	337	336	338	337	337	337	337	338	336	337	337	337	336	336	337	337	336	337	337	336	337	337	337	337	338	336	337	336	337	337	336	337	338	337	337	336	337	337	337	337	336	337	336	337	336	337
649	-688492	337	337	338	337	337	337	337	337	337	337	337	337	337	337	338	337	338	337	339	337	338	337	337	337	337	338	338	337	338	337	337	338	338	337	338	337	337	337	337	338	337	337	338	338	338	338	338	338	338	337	338	338	338	338	338	338	339	337	338	337	337	338	337	337	336	337	338	337	337	338	337	337	338	338	338	337	338	338	338	338	337	337	337	337	337	337	338	337	338	338	337	338	338	338	337	337	338	338	337	337	337	337	337	338	337	337	338	337	338	338	338	338	337	337	337	337	337	337	337	337	337	337	337	337	337	337	336	337
650	-687999	338	338	339	338	338	338	338	338	338	339	339	338	338	338	338	339	338	339	338	338	338	338	338	338	338	338	338	338	338	338	338	338	338	338	338	338	338	338	338	338	338	338	339	338	337	338	338	338	338	337	337	338	338	338	338	338	338	338	338	338	338	338	338	337	338	337	338	338	338	338	337	338	338	338	338	338	338	338	338	338	338	338	338	338	338	338	339	338	338	337	337	338	338	339	337	338	338	338	338	338	338	338	338	338	338	338	339	337	338	338	338	338	338	338	337	338	339	337	338	338	339	338	338	337	338	338	338	338
651	-687507	339	338	339	339	339	339	338	338	339	339	338	338	339	338	339	339	338	339	339	339	339	339	339	338	339	339	341	338	338	338	337	338	338	338	338	338	338	338	338	339	339	339	339	339	339	339	339	339	339	339	339	339	338	339	338	338	338	338	339	338	339	339	338	339	337	339	338	339	339	338	339	339	338	339	339	339	339	339	339	339	338	338	339	340	339	339	339	338	338	338	338	337	339	338	338	338	338	338	338	339	338	338	336	338	338	338	338	338	338	338	338	338	338	337	338	337	338	338	339	338	339	339	338	338	338	338	338	338
652	-687015	338	338	339	339	338	339	339	338	339	338	338	338	338	338	338	338	339	338	338	338	338	339	338	338	339	339	339	339	339	339	339	339	339	339	338	339	339	339	339	340	339	339	339	339	339	339	339	340	339	339	339	339	339	340	339	339	339	339	339	338	338	339	339	339	339	339	338	339	338	339	339	339	339	339	340	339	338	338	339	339	338	338	339	339	339	339	338	339	339	340	339	338	339	339	339	340	339	339	339	339	339	339	339	338	339	339	338	339	339	339	339	340	340	340	338	340	339	340	339	339	339	339	339	340	340	339	339	339
653	-686523	340	340	340	340	339	340	340	340	340	340	340	339	340	340	339	339	339	340	339	339	340	339	339	339	339	339	339	339	340	339	339	339	339	339	339	339	339	339	339	339	339	339	339	340	340	339	339	339	340	340	339	339	339	339	339	339	339	340	340	340	339	340	340	339	340	339	339	339	340	340	339	339	339	340	339	339	339	339	339	339	339	339	340	340	340	340	340	340	340	340	340	339	339	340	341	340	340	340	339	339	339	340	340	339	339	339	339	340	339	339	339	340	340	340	340	340	340	339	339	340	340	339	339	339	339	340	340	339
654	-686030	339	339	340	339	340	339	340	340	340	340	340	340	340	340	340	340	340	340	340	340	340	340	340	340	340	340	341	340	340	340	340	340	341	340	340	341	340	341	341	340	341	341	340	340	341	340	341	340	340	340	340	340	340	340	340	340	340	341	340	341	340	340	340	339	340	340	340	340	340	340	339	340	340	339	340	340	340	340	341	340	340	340	340	341	340	340	340	341	340	340	341	340	340	340	340	341	340	340	340	339	340	341	340	341	340	340	340	340	340	340	340	341	341	341	341	341	340	340	340	341	340	340	341	340	340	340	341	341
655	-685538	341	340	341	340	340	341	340	341	340	340	341	340	340	341	341	339	340	340	341	340	340	341	340	340	341	340	341	341	341	340	341	340	341	341	340	341	340	340	340	340	340	340	340	340	340	340	340	340	340	340	340	340	340	340	340	340	340	340	340	340	340	340	340	340	340	340	341	340	340	340	340	340	341	341	340	341	341	341	340	341	341	340	341	341	341	340	341	341	341	341	341	341	341	341	341	341	340	341	340	340	341	340	340	341	340	341	340	341	341	340	341	340	340	340	341	340	341	339	340	341	341	340	340	340	340	340	340	340
656	-685046	340	340	340	341	340	341	340	341	341	341	341	341	340	340	341	341	341	340	341	341	341	341	340	341	341	341	341	342	341	342	341	341	341	341	342	341	341	341	341	341	341	340	341	341	341	340	341	341	340	341	341	340	340	340	341	341	340	341	341	340	340	340	340	340	340	340	340	341	341	340	341	340	340	341	340	341	340	340	340	340	341	341	340	341	340	341	341	341	341	340	340	341	340	341	341	341	340	341	341	341	341	340	341	341	341	340	341	341	341	341	341	341	342	342	341	341	341	342	342	341	341	341	341	341	340	341	341	340
657	-684553	342	341	342	342	341	341	341	341	341	341	341	342	341	341	342	341	341	341	343	342	341	341	340	341	341	340	341	340	341	341	342	341	341	342	342	342	341	341	342	341	342	341	342	342	342	341	341	342	341	341	342	341	341	341	342	342	342	342	342	342	342	341	342	342	342	342	341	342	341	342	341	342	342	341	341	342	341	342	342	342	342	341	342	341	341	342	342	342	341	342	341	341	341	342	342	341	342	341	341	342	342	342	342	342	342	342	342	342	342	342	341	342	342	342	341	341	342	341	342	341	342	342	342	342	342	342	342	342
658	-684061	343	342	342	342	341	342	342	342	341	341	342	342	342	342	342	342	342	342	342	342	342	342	342	342	342	342	342	342	342	342	342	342	342	342	342	341	342	342	343	342	342	342	341	342	341	342	342	341	342	342	341	342	341	342	342	342	341	342	342	342	342	342	343	342	341	342	342	342	342	341	342	342	342	341	342	342	342	342	342	342	342	342	342	342	342	343	342	343	342	342	342	342	342	342	342	342	343	342	342	342	341	342	342	342	342	342	342	342	342	342	342	342	342	342	342	342	341	342	341	342	342	341	341	342	342	342	342	342
659	-683569	343	342	342	343	342	343	342	342	342	342	342	342	342	342	343	342	342	343	342	342	343	343	342	342	342	342	342	343	343	342	343	343	342	343	343	342	342	342	343	343	342	343	343	343	343	343	343	343	343	343	343	343	343	343	343	343	343	343	343	343	343	343	343	343	343	343	343	343	343	343	343	343	342	343	342	342	342	342	343	342	343	342	343	343	343	343	342	343	343	342	342	342	342	342	342	341	342	342	342	342	341	342	342	342	342	342	342	342	342	342	342	343	342	342	342	342	342	342	342	342	341	342	342	342	342	342	342	343
660	-683076	344	344	344	343	343	344	344	344	343	344	344	343	344	343	343	344	344	344	344	343	344	342	343	343	343	343	343	343	342	344	343	343	343	342	343	343	343	344	343	343	343	343	343	343	343	343	342	343	342	343	343	342	343	343	343	343	343	343	343	343	343	344	343	343	343	343	344	343	343	343	343	344	343	344	343	343	343	343	343	344	343	344	343	344	344	344	344	343	344	343	343	343	343	343	343	343	343	343	342	342	343	343	343	343	343	343	343	343	344	343	343	343	342	343	343	342	342	343	343	343	343	343	343	343	343	344	343	343
661	-682584	344	344	344	343	343	343	343	343	343	343	343	343	344	343	343	344	343	344	343	343	344	344	344	343	343	344	343	344	343	343	343	344	344	345	344	344	344	344	343	344	343	344	344	343	344	343	344	344	344	344	343	344	343	344	344	344	344	344	344	344	344	344	344	344	344	343	343	344	343	344	343	344	343	344	345	344	344	344	344	344	344	344	344	344	343	344	344	343	344	343	344	343	343	343	343	342	343	344	342	343	343	344	344	343	343	343	343	344	343	343	343	343	343	343	343	343	343	344	343	343	342	343	343	343	343	343	342	343
662	-682092	343	344	343	344	344	343	344	343	344	344	344	344	344	344	344	343	344	344	344	344	344	344	344	344	343	344	343	344	344	344	344	344	344	344	344	343	343	344	344	344	343	343	344	344	344	343	343	344	344	344	344	344	342	344	344	343	344	344	344	344	344	344	344	344	344	344	343	344	344	345	344	345	344	344	344	345	344	344	344	344	344	344	344	344	344	344	344	344	344	345	344	344	344	344	344	344	344	344	344	343	344	344	344	344	344	343	344	344	344	344	344	344	344	343	344	344	344	343	344	344	344	344	344	344	344	344	344	344
663	-681599	345	345	344	344	345	345	345	344	345	345	344	345	345	345	345	344	346	344	345	345	344	344	344	344	344	345	344	345	344	344	344	344	345	344	345	342	344	345	345	345	344	343	344	344	344	344	344	344	344	344	344	344	344	345	344	344	344	344	345	344	345	344	345	344	345	344	345	345	344	344	344	344	344	344	344	345	345	344	344	344	344	344	344	344	345	344	344	344	344	344	344	344	344	344	345	344	344	344	344	344	344	344	345	344	344	344	345	344	344	344	344	345	344	344	344	344	345	344	344	344	344	344	344	345	343	344	344	344
664	-681107	344	345	344	345	345	345	344	345	345	344	345	344	345	345	344	345	345	345	345	344	345	345	345	345	345	345	344	345	345	345	345	345	345	345	345	345	345	345	345	345	345	345	345	346	345	346	346	345	345	345	345	345	346	345	345	345	346	345	345	345	345	346	345	345	345	345	345	345	345	345	345	345	345	345	345	345	346	345	346	346	345	346	345	345	345	345	345	345	345	344	344	344	344	345	345	344	345	345	344	344	344	344	345	345	345	344	344	345	345	344	344	344	344	344	344	344	344	344	345	345	344	345	344	345	345	345	345	345
665	-680615	346	346	346	346	346	346	346	345	345	346	346	346	345	346	346	346	346	345	346	345	345	345	346	345	345	345	345	346	345	346	345	345	345	345	346	345	345	345	345	346	345	346	346	346	346	345	346	346	346	346	346	345	346	346	346	346	345	346	346	346	346	346	346	346	346	346	345	346	346	346	345	346	346	346	346	345	346	345	346	345	345	346	346	345	345	345	345	345	345	345	345	345	345	345	345	345	346	345	345	345	345	345	345	345	345	344	345	345	345	346	345	345	345	345	346	346	346	345	345	346	345	345	346	345	345	345	345	345
666	-680123	346	346	346	346	346	346	345	346	346	346	345	345	346	345	345	346	345	346	345	346	346	345	347	346	346	346	346	347	346	346	345	346	346	346	346	346	346	346	346	346	346	346	346	346	347	346	346	346	347	347	345	347	346	345	346	346	346	346	346	346	346	344	345	345	345	345	346	345	345	345	345	346	345	346	346	345	345	345	345	345	345	345	345	345	345	345	346	344	346	345	345	346	345	346	345	345	346	345	346	346	345	346	345	346	345	346	346	346	346	345	346	346	345	346	345	346	346	346	346	346	346	346	346	345	345	346	345	345
667	-679630	347	347	346	347	346	347	346	346	347	346	346	347	346	346	347	346	348	347	347	347	346	347	347	347	348	347	347	347	346	347	347	347	347	346	346	347	347	347	346	346	346	347	347	347	347	347	346	347	347	346	346	347	346	346	346	347	346	346	346	346	346	346	346	346	346	346	347	347	346	347	347	346	347	347	346	347	346	346	346	346	347	346	346	347	346	347	347	346	347	346	347	347	347	346	347	346	346	347	346	346	347	346	346	346	346	346	346	346	346	347	346	346	346	346	346	346	346	347	345	347	346	346	346	346	347	346	346	347
668	-679138	347	347	346	347	347	346	347	347	347	347	347	347	347	347	347	347	347	347	347	347	347	348	347	347	347	347	347	347	347	347	346	346	347	346	347	347	348	346	346	346	346	347	346	347	347	346	347	347	347	346	346	347	347	347	347	347	347	347	347	346	347	347	346	347	347	347	346	348	347	347	347	347	347	347	347	348	346	346	347	346	347	346	347	347	346	347	347	346	347	347	347	347	347	347	348	347	347	348	347	347	347	347	348	347	347	347	346	347	347	347	347	347	348	347	347	348	347	347	347	347	348	348	347	347	347	347	347	347
669	-678646	348	348	347	347	348	348	348	348	347	348	348	348	348	348	348	348	347	348	348	348	347	347	347	347	347	346	348	347	347	347	347	348	348	347	347	347	348	347	347	347	347	347	347	347	347	347	347	347	347	347	347	347	347	347	347	347	347	348	348	347	348	348	348	348	347	348	348	348	348	348	347	348	348	347	347	348	348	348	349	348	348	347	347	348	347	348	347	347	348	347	348	347	347	348	347	347	348	347	347	347	347	347	348	347	347	347	347	347	347	347	347	348	347	347	348	348	347	347	347	348	348	347	348	347	348	348	348	347
670	-678153	348	347	348	348	347	348	348	348	348	348	348	348	349	347	348	348	348	348	348	348	348	347	348	348	348	348	348	348	348	348	348	348	348	348	348	348	348	348	348	348	348	348	349	348	348	348	348	349	348	348	348	348	348	348	348	348	349	348	348	348	348	348	348	348	348	348	348	348	348	348	348	348	347	349	348	348	348	348	348	348	348	348	348	349	348	348	348	348	348	348	348	348	348	348	348	348	348	348	348	348	349	349	348	348	348	348	349	348	348	348	348	348	347	348	349	348	347	347	347	347	348	348	348	348	348	348	348	348
671	-677661	349	349	348	349	348	349	348	348	348	348	349	348	349	348	348	349	348	349	349	348	349	348	349	348	349	349	348	348	348	348	348	348	348	348	348	348	348	348	348	348	348	348	348	348	348	347	349	348	348	348	348	348	348	348	348	348	348	348	348	348	348	348	348	348	348	348	348	348	348	348	349	348	348	348	348	349	349	349	349	348	348	349	349	349	348	348	348	349	348	348	349	348	349	349	348	348	348	349	348	348	348	348	348	349	349	349	348	348	349	349	349	349	348	349	350	348	348	347	348	348	348	348	349	348	348	348	348	348
672	-677169	348	349	348	348	348	349	349	348	349	349	349	350	349	348	348	348	349	348	348	348	349	349	349	349	348	349	349	349	348	349	348	349	349	349	349	349	349	349	349	349	350	348	348	349	348	349	349	348	348	348	349	349	348	349	349	349	348	349	349	348	349	348	348	350	349	349	349	349	349	349	350	350	349	349	349	350	350	349	349	350	349	349	349	349	349	349	349	349	348	349	349	348	349	348	349	349	348	349	348	349	349	349	348	348	349	348	348	348	348	349	349	349	348	349	348	349	349	349	349	349	349	349	349	347	349	349	349	348
673	-676676	349	349	349	349	349	349	350	350	350	349	349	351	350	350	350	349	350	350	350	350	350	351	351	351	350	350	350	350	350	350	349	349	350	349	349	348	349	350	349	350	349	349	349	349	349	349	349	349	349	349	349	348	349	350	349	349	348	349	349	349	349	348	349	349	349	350	349	349	349	350	349	349	349	349	350	349	349	349	349	349	349	349	349	350	350	349	350	349	350	350	350	350	349	350	349	350	350	350	349	350	350	350	349	349	349	349	349	349	349	349	349	349	349	349	349	349	349	349	349	349	349	349	349	349	349	349	348	349
674	-676184	350	349	350	349	349	350	350	350	350	349	350	350	350	350	350	350	350	349	349	350	349	350	350	350	350	349	352	349	350	350	349	350	349	349	350	349	350	350	350	349	350	350	350	350	350	349	350	350	350	350	350	350	350	350	350	350	350	350	350	350	349	350	350	350	350	350	350	350	350	350	351	350	350	350	350	351	350	350	350	350	350	350	350	350	350	350	350	350	350	350	350	350	350	350	350	351	350	351	350	350	350	350	350	350	349	350	349	349	349	349	349	349	350	349	350	350	350	350	349	350	350	350	350	350	350	350	350	351
675	-675692	350	350	350	350	351	350	350	350	350	351	350	350	350	350	350	350	350	350	350	350	351	350	350	350	350	350	350	350	350	351	351	351	350	351	351	351	350	350	351	351	351	351	351	351	351	351	351	351	351	351	351	352	351	351	351	351	350	350	350	350	351	351	350	350	350	350	350	350	350	351	350	350	350	350	350	349	349	349	350	349	350	350	350	350	350	350	350	350	351	350	350	350	351	350	350	350	350	350	350	350	349	349	350	350	350	349	350	350	350	350	351	350	351	350	350	350	350	350	351	351	351	350	350	351	351	351	351	350
676	-675199	351	351	351	351	351	351	352	352	351	350	351	351	351	351	351	351	351	351	351	351	351	350	351	351	351	351	351	351	351	350	351	351	350	351	351	351	351	351	351	351	351	351	351	351	351	352	351	351	351	351	351	351	351	351	351	350	351	352	351	351	351	351	351	352	352	352	351	352	352	352	351	351	352	350	351	350	350	350	351	350	350	350	351	351	351	351	350	351	351	350	350	350	350	350	350	350	351	351	351	349	350	351	350	350	350	350	349	351	351	351	351	350	350	351	351	351	351	350	351	351	351	351	351	352	350	351	351	351
677	-674707	352	352	351	352	353	352	352	351	352	352	350	352	351	352	352	352	352	351	351	352	352	351	351	351	351	352	352	351	352	351	351	352	352	352	351	352	352	352	352	351	351	352	351	351	352	352	351	352	352	352	351	351	351	351	351	351	351	351	351	352	351	351	352	352	352	351	353	352	351	352	351	352	352	352	351	351	351	352	351	351	351	351	351	352	351	351	351	351	351	351	352	351	352	351	351	352	351	351	352	351	351	350	351	351	351	351	351	351	352	352	351	351	352	352	352	351	352	351	351	351	351	352	351	351	351	350	351	350
678	-674215	352	352	352	352	352	352	352	352	351	352	352	352	352	351	352	352	352	352	351	352	351	352	352	352	352	352	352	352	352	352	352	352	352	353	352	352	352	352	352	352	351	352	352	352	352	352	353	352	352	352	352	352	352	352	351	352	352	352	352	352	352	352	352	352	352	352	353	352	352	352	352	352	351	352	352	352	352	352	352	352	352	352	352	352	352	352	352	352	352	352	352	352	352	352	352	352	352	352	352	351	352	352	351	352	352	352	352	353	352	353	352	352	352	352	352	352	352	352	352	352	352	352	352	353	353	352	352	352
679	-673723	353	353	352	352	352	353	352	353	352	353	353	352	352	353	352	352	352	352	352	352	352	352	352	352	352	352	352	352	352	352	352	352	352	352	353	353	352	352	352	352	352	352	352	352	353	353	352	352	353	352	352	352	352	352	352	352	352	352	352	352	352	352	352	353	352	352	352	353	352	353	353	353	352	353	352	353	352	353	353	353	352	353	353	352	353	353	353	353	352	353	352	352	353	352	352	353	353	353	352	352	352	352	352	352	352	352	353	352	352	352	352	352	353	353	352	352	353	353	352	352	352	352	352	353	353	353	352	352
680	-673230	352	352	352	353	352	352	353	352	353	352	353	352	352	353	352	353	353	352	353	353	352	352	353	353	352	353	352	353	353	352	353	353	353	353	353	353	353	353	353	352	353	352	353	352	352	353	352	353	353	353	353	353	353	353	353	352	353	354	353	353	353	352	353	352	352	353	352	352	352	353	352	352	353	352	354	352	352	353	353	353	353	353	353	353	352	352	353	352	353	353	352	352	352	354	352	353	353	352	353	353	353	353	353	353	353	353	353	353	353	353	353	353	352	353	353	353	353	353	353	353	352	353	353	353	353	353	353	353
681	-672738	353	353	353	353	353	353	353	353	354	353	353	353	353	353	353	353	353	354	352	354	353	353	353	353	353	353	354	353	354	354	353	353	354	353	353	354	353	354	353	353	353	353	353	353	353	353	353	353	353	354	353	354	353	354	354	354	353	353	354	354	353	354	353	353	353	353	353	353	353	354	354	353	354	354	354	354	354	354	353	354	353	353	353	354	354	353	354	353	353	353	353	354	353	352	353	353	353	353	353	354	353	353	353	353	353	353	353	353	352	353	353	353	353	353	353	353	353	353	353	353	353	354	353	353	353	352	353	353
682	-672246	354	354	354	354	354	354	354	354	354	354	354	354	354	353	354	353	353	354	353	353	353	353	354	354	354	353	353	354	354	354	353	353	353	353	353	353	354	353	354	354	353	354	353	354	354	354	354	354	354	353	354	353	354	354	354	354	354	353	354	354	353	353	354	354	354	353	354	354	355	354	353	354	353	354	353	353	354	354	353	354	353	354	353	354	353	353	354	352	353	353	353	353	354	354	353	353	353	354	353	353	354	353	353	353	353	353	354	353	353	353	354	353	354	354	353	353	354	353	354	353	353	354	353	354	353	354	353	354
683	-671753	354	355	355	355	355	354	355	354	355	355	354	355	354	354	355	354	355	354	355	355	354	355	355	356	355	355	355	355	355	355	355	355	355	355	354	355	354	354	354	353	354	354	354	354	354	355	353	355	354	354	354	355	354	354	354	354	353	354	354	354	354	354	354	354	354	354	354	354	353	354	353	354	354	354	354	353	355	354	354	354	354	355	354	354	354	354	354	354	354	353	354	355	355	355	355	354	355	354	354	355	354	354	354	354	354	354	354	354	355	355	354	354	355	354	354	354	354	354	354	354	354	354	354	354	355	354	354	353
684	-671261	355	354	355	355	355	354	355	354	355	355	355	355	355	354	354	354	355	354	355	355	355	355	355	355	355	354	355	355	354	355	354	355	354	355	355	355	355	355	354	355	355	354	355	354	355	355	354	354	354	356	354	354	354	353	354	355	354	354	355	355	355	355	355	354	355	354	355	354	355	355	354	354	354	355	355	354	355	354	355	355	355	355	354	355	355	355	355	355	355	355	355	355	355	355	355	355	355	354	355	355	355	354	355	355	354	355	354	355	357	355	355	354	355	355	354	356	355	355	355	355	354	355	354	355	355	355	355	354
685	-670769	355	355	355	355	353	355	354	355	355	355	355	355	355	355	355	355	355	355	355	355	356	356	356	355	357	356	356	356	356	356	355	356	356	355	356	355	356	356	356	356	356	356	356	356	355	355	355	355	356	355	355	355	355	355	355	355	355	355	355	355	355	355	355	355	355	355	355	355	355	355	355	355	355	356	355	355	354	355	356	355	355	356	355	355	355	355	356	355	355	355	355	356	355	355	356	355	355	355	356	355	355	355	355	356	356	356	356	357	357	356	356	356	355	356	356	355	356	355	356	355	355	355	354	355	355	356	355	355
686	-670276	356	356	356	356	356	356	356	356	356	356	356	357	356	356	357	356	356	356	356	356	356	356	356	356	355	355	356	355	355	356	356	357	355	355	355	355	356	355	355	355	356	355	355	356	355	355	355	356	356	356	356	356	355	356	355	356	355	356	356	355	355	355	355	356	355	356	355	356	355	355	355	355	356	356	355	356	355	356	356	355	356	355	356	355	356	355	356	356	356	356	356	356	356	357	356	356	356	355	356	356	356	356	356	355	355	355	356	356	356	357	356	356	356	355	356	356	356	356	355	356	355	356	356	355	356	356	355	356
687	-669784	356	356	355	356	355	356	356	356	356	355	355	355	355	356	356	356	356	355	356	356	356	356	356	356	356	355	356	355	356	356	355	355	356	357	356	356	356	356	357	357	356	356	356	357	357	356	357	356	357	357	356	357	356	356	356	356	356	356	357	356	357	356	357	358	357	357	356	356	357	356	357	356	357	357	357	356	356	357	356	357	356	356	356	357	357	357	356	356	356	357	357	357	356	357	357	356	357	356	357	356	356	357	356	356	357	357	357	356	357	356	356	356	356	356	355	356	356	356	356	356	356	357	356	357	356	355	357	357
688	-669292	357	357	357	357	357	356	356	356	356	357	357	357	356	356	357	356	357	357	357	357	357	357	358	357	357	356	356	356	356	356	356	356	357	357	357	357	357	357	357	357	357	356	357	357	357	357	357	356	356	357	357	357	356	357	356	357	356	357	357	356	356	357	357	357	356	356	356	357	357	356	356	357	357	356	356	356	357	356	356	356	356	356	356	356	357	357	357	356	356	357	356	357	357	357	356	356	356	356	356	356	356	356	356	357	357	356	357	357	357	357	357	357	357	357	356	357	357	357	358	357	357	357	357	357	357	357	357	357
689	-668799	356	357	357	357	356	356	356	356	356	357	357	357	357	356	356	357	357	357	357	358	357	358	358	357	358	357	357	358	357	358	358	358	357	358	358	357	358	357	357	358	358	358	358	358	358	358	358	358	357	358	357	358	358	358	358	357	357	357	357	358	358	358	357	358	357	357	357	357	357	357	357	358	357	358	358	358	358	357	357	357	357	357	358	357	357	358	357	357	358	357	357	357	357	357	357	357	357	358	358	358	358	358	358	358	358	357	357	357	357	357	357	358	357	357	357	357	357	358	357	358	358	358	358	357	358	358	358	359
690	-668307	357	358	358	357	358	358	358	358	358	358	358	358	358	358	357	359	357	358	358	358	358	358	357	357	358	358	358	358	359	358	358	358	358	359	358	359	358	358	358	357	358	358	357	358	358	358	358	357	358	358	357	358	358	357	359	358	358	358	358	358	358	359	357	358	359	357	357	358	358	358	358	357	358	357	358	358	357	357	357	357	357	357	358	357	358	357	358	358	358	358	358	357	358	358	359	358	358	358	357	357	358	358	357	358	358	357	358	357	358	358	358	358	357	358	358	358	358	358	359	359	358	358	358	358	358	358	358	357
691	-667815	358	358	358	358	358	359	357	357	358	358	358	357	358	357	357	358	357	358	357	357	358	358	358	358	357	357	357	358	358	358	358	357	358	357	358	358	358	358	358	358	358	358	359	358	358	357	358	358	358	359	358	358	358	358	359	358	359	358	358	359	358	358	358	359	359	358	359	359	358	358	358	359	357	358	358	358	358	358	358	358	358	359	358	359	359	359	358	358	358	359	359	358	358	359	358	358	358	358	358	358	359	359	359	359	358	359	358	359	358	359	359	358	358	359	358	359	359	358	359	358	358	359	359	358	358	359	359	359
692	-667323	359	359	359	358	359	359	359	360	359	358	359	359	359	359	359	359	358	359	359	358	359	359	359	359	359	359	359	359	359	359	359	359	359	359	359	358	359	359	359	359	358	358	359	359	358	359	359	360	359	359	359	358	359	359	359	359	359	359	359	359	359	358	358	358	359	359	358	359	359	358	358	359	359	359	359	359	359	359	359	359	359	359	359	358	359	359	359	359	359	359	359	359	359	359	358	358	359	358	359	359	359	359	358	359	359	359	359	358	359	359	358	359	359	359	358	359	359	358	359	359	358	359	359	359	359	359	359	358
693	-666830	360	360	359	360	359	359	359	360	359	358	359	359	358	359	359	359	359	358	359	359	359	358	359	358	358	358	358	359	358	358	358	358	359	359	358	358	359	359	359	359	359	359	359	359	359	359	360	359	359	359	359	360	359	359	359	359	359	360	359	359	359	359	359	360	359	360	359	359	360	359	359	359	359	360	359	359	360	359	360	359	360	360	359	359	359	359	359	359	359	359	359	359	359	359	359	359	360	359	359	360	359	359	359	359	359	359	359	359	359	359	359	358	359	359	359	359	359	360	360	360	360	360	359	359	360	360	360	360
694	-666338	359	360	359	359	359	360	359	359	359	360	359	359	359	360	360	359	360	359	360	360	360	360	360	360	360	360	360	360	360	360	360	360	360	360	360	360	360	360	359	360	360	360	360	359	359	359	360	359	360	359	360	360	359	359	360	360	360	360	359	359	360	359	360	359	359	359	359	359	359	359	359	359	360	359	360	360	360	359	360	360	360	360	360	360	360	359	360	360	360	359	359	360	359	359	360	360	359	360	360	360	360	360	361	360	360	360	360	360	360	359	359	359	359	360	360	360	359	360	360	360	360	360	360	359	360	360	360	360
695	-665846	360	360	361	360	360	361	360	360	360	360	360	360	360	360	361	360	360	360	360	360	361	360	360	360	361	361	360	361	360	361	360	360	360	360	361	360	360	360	361	360	361	360	360	360	360	361	360	361	360	360	360	361	360	360	360	360	359	359	360	360	360	360	360	359	360	360	359	360	360	360	360	360	359	360	360	360	360	360	361	360	360	360	360	360	361	361	361	360	360	361	360	361	360	360	360	361	361	361	360	360	360	361	361	360	360	360	361	361	361	361	361	360	360	360	360	361	360	360	360	360	361	360	360	361	360	361	360	361
696	-665353	361	362	360	361	360	360	361	361	360	361	361	361	361	361	361	361	361	360	361	360	360	361	360	360	360	360	360	360	360	360	360	360	360	360	360	360	361	360	360	360	360	360	360	360	360	360	361	360	360	361	360	360	360	360	361	360	361	361	362	360	361	361	361	361	361	361	361	360	361	360	361	361	361	361	360	361	362	360	360	361	361	360	361	360	360	361	361	361	361	360	361	360	361	361	361	360	360	360	361	360	360	360	360	360	360	361	360	361	360	360	361	361	361	360	361	362	361	361	360	361	360	361	360	360	360	361	361	361
697	-664861	361	361	361	361	361	361	361	361	361	361	361	361	361	361	361	361	361	360	361	361	360	361	361	361	360	361	361	361	361	361	361	361	361	361	360	361	361	361	361	361	361	361	361	361	361	361	361	361	361	361	361	361	361	361	361	362	361	362	361	361	361	361	362	361	361	361	361	362	361	361	362	361	362	361	361	361	361	362	361	362	361	361	362	362	361	362	361	362	361	361	361	361	361	361	361	361	361	361	361	361	361	361	360	361	362	361	361	361	360	361	361	362	360	361	360	361	361	360	361	361	360	361	361	361	361	361	361	361
698	-664369	361	361	362	361	361	361	362	361	362	362	361	362	361	361	362	361	362	361	361	361	361	361	361	361	362	362	362	361	362	362	361	362	361	361	361	361	361	361	361	361	361	362	361	362	361	361	362	362	362	362	362	362	362	362	362	362	362	361	362	361	361	362	362	362	362	362	362	362	362	362	362	362	361	361	361	362	362	361	362	361	362	361	362	361	362	361	362	361	361	362	362	362	361	360	362	361	361	361	361	360	361	361	361	362	362	362	362	362	362	363	362	362	363	362	362	362	362	362	362	362	362	362	362	362	362	361	362	362
699	-663876	362	361	361	362	361	362	361	362	361	362	362	361	362	362	362	362	361	361	362	362	362	362	362	361	363	362	362	361	361	361	362	362	362	362	362	362	362	362	362	363	362	362	363	362	362	362	362	362	361	362	363	362	361	362	363	363	363	363	362	362	363	362	362	362	362	362	362	363	361	362	362	362	362	362	362	362	362	362	362	362	362	362	362	363	362	362	362	362	363	363	363	362	362	362	362	362	362	362	362	362	362	363	363	363	362	362	362	362	362	361	362	363	362	363	362	363	363	362	363	363	362	363	362	363	362	361	363	362
700	-663384	363	363	363	363	363	363	363	363	362	362	362	363	362	362	362	362	363	363	363	363	362	363	363	363	363	363	362	363	363	362	363	363	363	363	362	363	362	363	363	362	363	363	363	363	362	363	363	363	363	363	363	363	363	362	363	362	363	362	362	363	363	363	363	363	363	363	362	363	363	364	363	363	363	363	363	362	363	363	362	363	362	363	364	363	363	362	363	363	362	363	362	362	362	362	362	362	362	362	362	362	362	363	362	362	362	362	362	362	362	362	362	362	362	363	362	363	363	362	363	362	362	363	363	363	362	362	362	363
701	-662892	364	364	363	363	363	363	363	363	362	363	363	362	363	363	363	363	363	363	363	363	363	363	363	363	363	363	364	364	364	364	363	363	363	363	364	363	363	364	363	363	364	363	364	364	363	364	363	364	364	364	363	363	363	364	363	363	362	364	364	363	363	363	363	363	363	363	363	363	363	363	363	364	363	363	364	363	364	364	364	364	363	363	363	362	363	362	363	362	363	363	363	363	363	363	363	363	364	363	364	363	363	364	363	363	363	363	363	362	363	363	362	363	362	361	363	363	363	363	364	363	364	363	364	364	363	364	363	364
702	-662399	364	364	364	364	363	364	363	363	363	363	363	363	363	363	363	363	363	363	364	363	363	363	364	364	364	364	364	364	364	364	364	364	364	364	364	365	364	364	364	364	364	364	364	363	363	363	363	363	363	364	364	364	364	364	364	364	363	364	364	363	364	363	364	364	363	363	363	363	364	363	363	363	364	364	363	364	364	364	364	364	364	364	364	364	364	363	363	364	364	364	364	364	364	364	364	364	364	364	364	364	363	363	364	364	364	363	363	363	363	364	363	363	364	363	363	362	363	363	363	363	363	364	363	364	363	363	364	363
703	-661907	365	364	364	365	364	364	364	364	365	364	364	364	364	364	364	365	364	364	364	364	364	364	364	364	364	364	364	365	364	364	364	364	364	364	364	364	364	365	364	364	364	364	364	364	364	365	365	366	365	364	365	364	365	365	364	365	365	364	364	365	365	365	365	365	365	365	365	365	365	365	364	365	365	364	365	364	364	364	364	364	364	365	364	365	364	364	364	364	364	365	364	365	365	364	364	365	364	364	364	364	364	364	365	364	364	364	365	364	364	365	365	365	365	366	365	365	365	365	365	364	365	365	364	365	365	365	365	364
704	-661415	364	365	365	365	365	365	365	364	365	365	364	365	365	365	364	365	365	365	364	364	364	365	364	364	365	365	365	365	365	366	365	365	364	365	365	365	365	364	365	364	364	365	364	364	364	365	365	364	365	364	365	364	365	364	364	365	364	365	364	364	365	365	365	365	364	364	364	365	365	364	365	365	365	364	364	364	364	364	364	364	364	364	364	365	365	364	365	365	365	365	365	364	364	364	364	364	365	365	365	364	364	364	365	364	365	365	365	365	365	365	365	365	365	364	365	364	365	364	364	364	364	364	364	364	365	364	364	365
705	-660923	365	366	365	365	365	365	366	365	365	365	365	366	365	365	365	364	365	364	365	365	365	365	364	365	365	365	365	365	365	365	365	365	365	365	365	365	365	366	366	366	366	364	366	365	364	365	364	365	365	365	366	365	366	365	365	365	365	365	365	365	365	365	365	365	364	365	365	365	364	365	365	365	365	365	365	364	365	365	365	365	365	365	365	366	365	364	366	365	364	366	365	366	366	365	366	365	365	365	365	365	365	365	366	365	366	365	364	365	364	366	364	365	365	365	365	365	365	365	365	365	365	365	365	365	365	364	365	365
706	-660430	365	366	365	365	366	365	366	366	366	365	365	365	366	366	365	365	365	365	365	364	365	365	365	365	364	365	366	365	365	365	365	365	365	366	365	366	365	365	365	365	366	366	366	366	366	366	365	365	365	365	365	365	366	366	365	366	365	366	366	366	366	365	365	366	366	365	366	365	366	365	365	365	366	366	366	365	366	366	366	366	365	366	365	366	366	366	366	367	365	366	366	366	365	366	366	366	365	366	366	366	366	366	366	366	366	366	366	365	365	365	365	365	366	365	365	366	365	366	365	365	365	366	366	365	366	366	366	365
707	-659938	365	364	365	365	366	366	365	366	365	366	366	366	366	366	366	366	366	366	366	365	365	366	366	366	366	366	366	366	366	367	367	367	366	366	367	366	367	367	366	366	366	367	367	367	366	366	366	367	367	367	367	367	367	366	367	366	367	366	366	367	366	366	366	366	366	366	367	366	366	367	366	366	366	366	366	366	366	366	366	366	366	366	366	366	366	366	365	366	366	365	366	366	366	366	366	367	366	367	366	366	366	366	365	366	365	366	366	366	366	366	366	366	366	367	367	366	366	366	366	366	367	366	366	366	366	366	366	366
708	-659446	366	367	366	367	366	367	367	367	367	366	366	367	366	367	367	366	367	367	366	368	366	366	367	366	367	366	367	366	367	366	367	366	366	366	367	367	366	366	367	366	366	367	366	366	366	367	367	366	366	366	366	366	366	366	366	367	366	367	366	367	367	367	366	367	366	367	366	367	366	366	367	367	367	366	367	366	367	367	367	367	367	367	367	367	368	367	367	367	367	367	367	367	367	367	367	367	366	367	367	367	366	367	366	367	367	367	367	366	366	367	366	367	367	367	367	367	367	367	367	367	367	366	367	367	367	367	367	366
709	-658953	367	367	367	368	367	367	367	366	367	367	367	367	367	368	367	368	367	368	368	368	367	367	367	367	367	367	367	366	367	367	367	367	367	367	367	367	367	367	367	367	367	368	367	367	366	367	367	367	367	366	367	366	367	366	366	367	366	368	367	367	367	367	368	367	367	367	367	368	367	367	368	367	367	367	368	368	367	367	367	368	367	367	367	367	367	367	367	367	367	367	366	366	367	366	367	366	367	366	366	366	367	367	367	367	367	367	367	367	367	367	367	368	367	367	367	367	367	367	366	367	367	367	367	366	367	367	366	366
710	-658461	368	368	368	368	368	368	368	368	368	368	368	368	368	369	368	368	368	369	368	368	368	368	368	368	368	368	368	368	368	368	368	368	368	367	369	368	369	368	368	367	367	368	368	368	368	368	368	368	367	368	368	368	368	368	368	368	367	368	368	367	367	368	368	368	368	367	367	367	368	368	368	368	368	368	369	369	368	368	368	368	368	368	368	367	368	368	368	368	368	369	368	368	369	369	368	368	368	368	368	368	367	368	368	368	368	368	368	368	368	368	368	368	368	367	367	367	367	367	367	367	367	367	367	367	368	367	367	367
711	-657969	368	368	368	368	368	368	368	368	367	368	368	367	369	368	368	368	368	368	368	368	368	368	368	369	368	368	369	367	367	368	369	368	368	368	368	368	368	368	368	368	368	368	368	369	369	368	368	368	368	368	368	369	368	368	368	368	369	368	368	368	368	368	368	368	368	368	368	368	368	368	368	369	368	368	368	368	368	368	368	368	368	368	368	368	369	368	368	368	368	369	369	368	369	368	368	368	368	368	368	368	368	368	368	368	367	368	368	368	368	368	368	368	368	368	368	368	368	367	367	368	368	367	367	368	367	368	367	367
712	-657476	368	368	368	368	368	369	368	368	368	368	368	368	368	368	368	367	368	368	368	368	368	368	368	367	368	368	368	369	368	369	369	369	369	368	368	369	368	368	368	368	368	369	369	368	369	368	369	369	369	369	369	369	369	369	369	369	369	370	369	370	370	369	369	369	370	369	369	370	369	369	369	369	369	369	369	369	369	368	368	368	368	368	368	368	368	368	369	368	369	368	369	369	368	369	369	368	368	368	369	369	368	368	368	369	369	369	369	368	369	369	368	369	369	370	368	369	369	369	369	369	369	369	368	369	369	369	368	369
713	-656984	369	369	369	369	369	370	369	369	368	369	369	369	369	369	370	369	369	369	369	369	369	369	369	369	369	369	369	370	369	370	369	370	370	370	369	370	369	369	370	369	369	370	369	369	369	369	370	369	369	370	370	369	368	369	370	368	369	369	370	369	369	369	369	369	370	369	369	368	369	369	369	369	369	369	369	369	368	369	369	369	369	368	368	369	368	368	369	369	369	369	370	369	369	369	368	370	369	370	369	368	368	369	369	369	369	369	369	369	369	369	369	368	368	369	368	369	369	368	369	369	369	369	369	369	369	369	369	369
714	-656492	369	369	370	369	370	369	369	370	369	369	369	369	370	370	369	369	369	369	369	370	369	369	370	369	370	369	370	370	369	370	369	370	370	370	370	370	370	369	369	369	369	369	369	370	370	369	370	370	370	370	370	370	370	370	370	370	370	369	369	369	369	370	370	369	369	369	369	369	370	369	369	369	370	370	370	370	370	370	370	370	370	370	370	369	369	369	370	370	369	370	370	370	370	370	369	370	369	370	369	370	370	370	370	370	370	370	369	370	369	369	369	369	369	369	369	369	369	369	370	369	369	369	369	370	369	370	369	369
715	-655999	370	370	370	370	370	370	369	369	370	370	370	369	370	369	370	370	370	370	370	370	370	370	370	370	370	370	370	370	370	370	370	370	370	369	370	370	370	371	370	370	370	370	370	370	371	370	369	370	371	371	370	370	371	371	371	371	370	370	370	370	370	370	370	370	370	369	370	371	371	370	370	370	370	371	370	370	371	370	370	370	370	370	369	370	370	370	370	370	370	369	370	370	370	370	371	370	371	370	370	370	370	370	371	370	370	370	370	370	370	370	370	370	370	371	370	370	370	370	370	370	370	369	370	370	370	370	370	370
716	-655507	371	371	370	370	371	371	371	370	370	370	371	371	371	371	370	371	370	371	371	370	371	370	371	371	371	370	370	371	371	371	370	370	370	370	370	370	370	370	370	371	369	370	371	371	370	370	370	370	371	371	371	370	371	370	371	370	370	370	370	370	370	370	370	370	371	370	370	371	371	371	371	371	371	371	371	371	371	371	370	371	371	371	371	370	370	370	370	371	370	371	371	371	371	371	372	371	371	371	371	371	369	371	371	371	372	371	371	372	371	371	370	371	371	370	372	371	371	371	370	371	370	371	370	370	371	371	371	370
717	-655015	370	371	371	371	371	371	371	371	371	372	371	371	371	371	371	371	371	371	371	371	370	371	371	371	371	371	371	371	371	371	370	371	371	371	371	371	371	371	371	371	371	371	372	371	371	372	371	371	372	372	372	371	371	372	371	372	371	371	371	371	371	371	371	371	371	371	372	371	371	371	371	371	372	371	372	371	371	371	371	371	371	372	371	371	371	371	372	371	371	371	371	371	372	371	371	371	372	371	371	371	372	371	371	371	370	371	371	371	371	370	370	370	371	370	371	371	370	371	371	371	371	371	371	371	371	371	371	371
718	-654523	372	371	372	371	371	371	371	371	371	371	371	371	371	371	371	371	371	371	372	372	371	372	371	372	371	371	371	371	371	371	372	371	371	371	371	370	371	371	372	372	372	372	371	371	371	372	372	371	371	371	372	371	371	371	371	372	372	371	372	372	372	371	371	371	371	371	371	371	371	371	371	371	371	371	371	371	371	372	371	371	372	372	372	371	371	372	371	371	371	371	371	371	371	371	372	372	372	372	372	372	372	372	372	372	372	372	372	371	371	371	372	371	371	371	371	371	372	371	371	371	371	372	372	371	372	371	372	372
719	-654030	372	372	372	372	372	372	372	372	372	372	372	372	372	372	372	372	372	373	372	372	372	372	373	372	373	372	373	372	372	372	371	372	372	372	371	372	372	372	372	372	372	372	372	372	372	371	372	371	372	372	371	372	372	372	372	372	372	372	372	372	372	372	371	372	372	372	373	373	373	373	373	373	373	372	372	372	372	373	373	372	372	373	372	373	373	372	373	372	373	372	373	372	372	372	372	372	373	373	373	373	373	372	372	372	372	372	372	372	372	371	372	372	372	372	372	372	372	372	372	372	372	372	372	371	372	373	372	372
720	-653538	373	373	372	372	373	373	372	372	372	372	372	373	373	373	373	373	373	373	373	373	372	372	372	372	373	373	373	372	372	373	373	373	372	373	372	373	373	372	373	372	372	373	373	373	373	373	374	372	373	373	373	373	373	373	373	373	373	373	372	373	373	373	373	372	372	372	372	373	373	372	373	373	373	373	374	373	373	374	373	373	374	373	373	373	372	373	373	373	373	373	373	373	373	373	373	373	372	373	373	372	373	373	373	375	373	373	372	373	372	372	372	372	373	373	373	372	372	373	372	372	372	372	370	372	373	372	372	371
721	-653046	373	373	373	374	373	374	373	373	373	373	374	373	373	373	373	373	373	373	373	372	373	374	373	374	373	373	374	374	374	373	374	373	373	373	373	373	373	373	372	372	374	372	373	374	373	374	373	373	373	373	373	373	373	373	372	373	372	373	373	373	374	372	373	373	373	373	373	373	373	373	373	374	374	373	373	373	374	373	373	373	373	374	373	373	373	373	373	373	373	373	373	373	373	373	373	373	373	373	372	373	373	373	373	373	373	373	373	373	373	372	373	372	372	373	372	372	372	372	372	372	371	372	372	373	372	373	372	373
722	-652553	374	374	373	373	373	374	374	374	373	374	374	374	373	371	374	373	373	374	374	374	373	374	374	374	373	373	373	373	373	373	373	373	374	373	372	374	374	374	373	374	373	374	374	374	373	373	374	373	374	374	373	374	374	374	374	373	374	374	374	373	373	374	374	374	374	373	374	374	374	374	374	374	374	374	373	373	374	373	373	373	374	374	373	373	373	374	374	374	374	373	374	374	373	374	374	373	374	374	373	373	373	373	374	373	373	373	373	373	373	373	373	376	374	374	374	374	375	374	374	374	374	375	374	373	374	373	375	374
723	-652061	374	374	374	374	375	376	374	375	375	375	375	374	375	375	375	375	375	374	374	374	373	374	373	373	373	373	374	372	373	374	374	373	373	373	374	373	374	374	374	373	374	374	374	374	373	373	374	374	374	373	374	374	374	374	374	375	375	374	374	374	375	374	375	375	374	375	374	375	375	374	374	374	374	375	375	374	373	373	374	374	374	374	373	374	374	374	374	373	374	374	373	373	373	374	374	373	373	373	373	373	374	374	373	374	374	374	374	374	374	374	374	373	373	373	374	374	374	374	374	374	374	373	373	373	373	374	374	374
724	-651569	375	375	375	375	374	374	375	375	375	375	375	374	375	374	375	375	374	374	374	375	374	374	375	374	375	374	374	374	374	374	374	374	374	374	374	375	375	374	374	374	374	374	375	374	374	375	375	374	374	374	374	375	374	374	373	374	375	374	374	374	375	375	374	375	375	375	375	375	375	375	375	375	374	375	374	374	374	374	374	374	375	376	374	375	375	375	374	375	374	375	375	374	375	374	374	375	374	374	374	375	374	374	374	374	374	374	374	375	375	374	375	375	375	374	375	375	374	375	375	374	375	375	375	374	375	375	374	375
725	-651076	374	375	374	375	375	376	375	375	375	375	376	375	375	375	375	375	374	374	375	374	375	374	374	375	374	375	374	376	375	375	375	375	375	375	375	375	375	375	376	375	375	375	375	375	375	375	375	375	375	375	374	374	374	375	375	375	374	375	375	375	375	375	375	375	374	375	375	375	374	375	375	375	375	375	375	375	375	375	374	375	375	375	376	375	376	376	375	375	376	376	376	376	375	375	375	375	374	375	375	375	374	375	375	376	375	376	376	375	375	376	375	376	375	374	375	375	376	375	375	375	375	375	374	375	375	375	374	374
726	-650584	375	376	375	375	376	375	376	375	376	375	375	375	374	376	376	375	376	376	376	376	376	376	375	376	375	375	376	376	376	375	376	375	376	376	376	376	376	375	376	375	376	376	376	375	376	376	376	376	376	376	376	375	376	376	376	376	376	376	375	376	376	376	376	376	376	376	376	376	376	376	376	376	376	376	375	376	376	376	376	376	376	376	376	376	375	376	376	375	376	376	375	376	376	376	376	375	376	376	375	377	375	376	376	375	375	375	376	376	376	376	375	376	375	375	376	375	376	376	375	376	375	377	376	375	376	376	376	376
727	-650092	376	376	376	376	376	377	376	376	376	376	376	376	376	376	376	376	376	376	376	376	377	377	377	376	377	376	376	376	376	376	377	376	376	376	376	376	376	376	376	376	376	376	376	376	376	377	376	376	376	375	376	375	376	376	376	376	376	374	375	375	376	376	376	376	376	376	376	375	376	375	376	376	376	376	375	376	376	377	377	376	376	376	376	376	376	376	376	376	377	376	376	376	376	377	376	376	376	377	376	376	376	375	376	376	376	376	376	376	376	376	376	376	376	376	376	376	376	376	376	376	376	376	376	376	376	376	375	376
728	-649599	376	377	376	376	376	376	376	375	376	376	376	376	376	376	376	377	376	377	377	376	376	376	376	376	376	376	376	376	376	376	376	376	375	376	376	376	377	376	376	376	377	376	377	377	377	376	376	377	377	376	377	377	377	377	376	377	377	376	377	376	377	376	377	376	377	377	376	377	376	376	376	376	377	377	377	377	376	377	377	377	376	376	376	376	376	376	376	375	376	376	376	376	377	375	376	376	376	376	376	376	376	375	375	377	376	375	376	376	376	376	376	376	376	376	377	376	376	377	377	376	377	377	377	376	377	377	377	376
729	-649107	376	376	377	377	377	377	377	377	377	377	377	377	377	377	378	377	377	377	376	377	376	376	377	376	377	377	376	376	376	377	377	377	376	376	377	377	377	377	377	377	377	376	376	377	377	377	377	377	377	376	377	378	376	377	377	376	377	377	376	377	377	377	377	377	377	377	377	377	377	377	378	377	377	377	377	377	378	377	376	378	377	378	378	377	377	376	377	377	377	377	377	376	377	377	377	377	377	378	376	377	377	377	377	377	377	377	377	377	376	376	376	376	377	377	376	376	377	377	377	377	377	376	377	376	376	377	376	376
730	-648615	378	377	378	379	377	377	377	377	377	378	377	378	377	377	377	377	377	376	377	377	377	377	377	377	378	378	378	378	377	378	377	377	377	377	377	377	377	377	377	378	377	378	378	378	378	377	378	378	378	378	378	378	378	378	378	378	378	378	378	378	377	378	377	377	377	377	378	377	377	378	378	378	378	377	377	377	377	377	377	377	377	377	377	377	377	377	376	377	378	378	377	377	376	377	377	377	376	377	377	377	377	377	377	377	376	377	377	377	377	377	377	377	378	377	377	378	377	377	377	377	377	377	377	377	378	378	377	378
731	-648123	378	378	377	378	378	378	377	377	378	378	377	378	378	378	378	378	378	379	378	377	378	377	378	378	378	377	378	378	377	378	377	378	378	378	378	377	378	378	377	378	378	378	377	378	378	378	378	377	378	377	377	377	377	378	377	378	378	378	378	378	377	378	378	378	377	379	378	377	378	378	378	377	377	378	377	378	378	378	378	377	378	378	378	378	378	378	378	379	378	377	377	377	378	377	378	377	378	378	378	378	377	378	378	378	378	378	378	378	378	377	378	378	378	377	378	378	379	378	378	378	378	377	378	378	378	378	377	378
732	-647630	378	378	378	378	377	378	379	378	378	378	378	379	380	379	378	379	379	379	379	378	378	379	378	378	378	378	378	378	378	378	378	378	379	379	379	379	379	379	378	378	379	379	379	379	378	379	379	379	379	378	377	378	379	379	378	378	378	378	379	378	379	378	378	378	378	379	378	378	377	379	378	378	377	377	378	378	377	378	378	377	378	378	377	378	378	378	378	379	378	379	378	378	379	378	378	378	378	378	379	378	379	378	379	379	380	380	380	378	379	379	379	379	379	378	379	379	380	379	378	379	379	379	378	379	379	379	380	378
733	-647138	379	379	379	379	379	379	379	378	378	379	379	379	379	379	379	379	379	378	378	378	379	379	378	379	378	379	379	379	379	379	379	379	379	379	379	379	379	380	380	379	380	380	380	380	379	380	380	379	380	379	379	379	379	379	379	379	379	379	379	379	379	379	379	378	380	379	379	379	379	379	379	379	379	378	379	378	378	379	379	379	378	378	379	378	379	379	379	379	378	379	379	379	379	379	379	379	379	379	379	379	379	379	378	379	379	379	379	379	380	379	379	379	379	380	379	380	379	380	380	380	379	379	379	380	379	379	379	379
734	-646646	379	379	379	379	380	379	379	379	379	379	379	379	379	379	380	380	379	380	379	379	380	380	380	379	380	380	380	380	379	380	380	380	380	380	380	379	380	380	379	379	379	379	379	379	379	379	378	379	380	379	379	379	380	379	379	379	379	379	379	379	379	379	379	380	379	379	378	379	379	379	379	378	379	378	380	379	380	379	380	380	379	380	379	380	380	379	379	379	380	379	379	380	379	380	379	380	380	379	380	379	380	380	379	380	380	379	380	379	380	380	380	380	379	379	379	380	380	379	379	379	379	379	379	380	379	380	379	379
735	-646153	380	380	380	379	380	379	380	380	379	379	379	380	380	379	380	380	380	380	380	380	380	380	380	380	379	380	379	380	380	379	380	379	380	380	379	380	380	380	380	380	380	380	380	379	380	380	380	379	380	380	380	380	380	380	380	379	379	380	380	380	380	380	380	380	380	380	380	380	380	380	380	380	380	380	380	380	380	380	380	380	380	380	379	380	380	380	381	380	380	380	380	380	380	380	380	381	380	380	380	380	380	381	380	380	380	381	380	380	380	380	379	380	380	380	380	379	379	380	380	380	380	380	380	380	380	380	380	380
736	-645661	380	380	381	380	381	380	380	380	380	379	380	381	380	380	380	380	380	380	380	379	379	380	380	380	380	380	380	380	381	380	381	380	381	381	380	380	380	380	381	380	381	380	380	380	380	380	381	381	381	381	381	380	381	380	380	380	380	381	380	380	381	380	381	380	380	380	380	380	380	381	380	380	380	380	381	381	380	379	380	381	381	380	381	380	380	380	380	380	380	380	380	380	379	380	380	380	380	380	380	381	381	381	380	380	380	381	380	380	380	380	380	380	379	380	380	381	380	380	380	380	380	380	381	381	380	380	381	380
737	-645169	381	382	381	379	381	381	380	381	380	381	381	380	380	381	381	380	381	381	381	381	380	380	381	381	381	380	380	382	380	381	381	381	381	381	381	381	380	381	381	381	381	382	381	381	381	381	380	381	381	382	382	380	381	381	381	381	381	381	380	382	380	381	381	381	381	381	382	380	381	380	380	381	380	381	381	380	382	381	381	382	380	381	381	381	380	380	380	380	381	380	381	381	380	381	380	380	380	381	382	381	381	381	381	382	381	381	381	382	381	381	381	380	380	381	380	381	381	382	381	381	381	380	380	381	381	381	381	381
738	-644676	382	382	381	381	381	381	381	381	381	381	381	382	381	382	382	382	382	382	382	382	382	382	382	382	382	382	382	381	382	382	382	382	381	381	381	381	381	382	382	381	381	382	381	381	381	382	382	381	381	381	382	380	381	382	381	382	381	382	381	381	381	382	381	381	382	382	382	381	381	381	381	381	381	381	381	381	381	382	381	381	381	381	381	381	380	381	381	380	381	381	381	381	380	381	381	381	382	382	382	381	381	381	381	381	381	381	381	381	382	381	381	382	381	382	381	381	381	382	382	382	381	382	381	382	381	382	381	381
739	-644184	382	382	381	382	382	381	382	381	382	382	382	382	381	382	381	382	382	382	382	382	382	383	382	382	381	382	381	381	381	381	382	381	381	382	381	381	382	381	382	382	382	382	382	382	382	382	381	381	381	382	381	381	381	381	382	382	381	381	382	381	381	382	381	382	382	381	381	382	382	382	382	381	382	382	382	381	382	382	382	381	381	381	382	382	382	382	381	382	381	382	382	381	382	382	382	382	382	382	382	382	382	382	382	382	383	382	382	383	383	382	382	383	382	382	383	382	383	382	382	381	382	383	382	382	382	382	382	382
740	-643692	382	382	382	382	383	382	382	383	383	382	383	383	383	383	382	382	383	383	383	382	382	383	383	382	382	382	382	382	383	383	383	382	382	382	382	383	382	382	383	382	382	382	382	382	384	383	383	383	383	382	383	383	383	383	383	383	384	383	382	382	383	383	383	383	383	383	383	383	383	383	384	384	383	384	383	383	383	383	383	383	383	382	382	382	383	382	382	382	382	383	382	383	383	382	383	382	382	383	382	382	381	383	383	382	383	382	383	382	382	383	382	383	382	381	382	382	382	382	382	383	383	383	383	383	383	383	383	383
741	-643199	383	383	384	384	383	383	382	382	383	382	383	383	383	382	383	384	383	384	382	383	384	383	384	383	384	384	383	383	383	383	383	383	384	383	383	382	383	383	382	383	383	382	383	383	384	383	383	383	384	382	382	383	382	382	382	383	382	382	383	382	382	383	383	383	383	384	383	382	384	383	384	383	384	383	383	384	383	384	383	383	382	383	383	383	383	383	383	384	384	384	384	384	384	383	384	384	384	384	383	383	383	384	384	384	384	384	384	383	383	382	383	382	382	383	382	383	384	383	384	383	383	383	382	383	382	382	383	382
742	-642707	384	384	384	383	383	384	384	384	384	384	384	384	384	384	384	384	384	384	384	384	384	384	384	384	382	384	383	384	384	384	384	383	384	384	384	383	384	383	384	383	384	384	384	383	383	384	384	384	384	383	383	384	384	384	384	383	383	383	384	384	384	384	383	384	384	383	384	384	384	384	384	384	384	384	384	384	384	384	384	384	384	384	384	384	384	384	383	384	383	384	383	383	384	384	383	383	383	384	384	383	384	383	383	383	383	383	383	382	383	382	383	384	384	383	383	384	383	382	383	383	383	383	383	384	384	384	384	384
743	-642215	384	384	383	384	384	384	384	383	384	384	384	384	384	384	384	384	384	384	385	384	384	384	384	384	384	384	384	384	384	384	384	384	384	384	384	383	384	384	384	384	383	383	384	384	384	384	384	384	383	384	384	384	384	384	384	384	384	384	384	384	384	384	384	384	383	385	383	383	384	384	384	384	384	384	384	384	384	384	384	384	384	384	384	384	384	384	383	384	383	383	384	384	384	384	384	383	384	384	384	384	384	384	384	384	385	384	384	384	384	384	384	384	384	384	384	384	384	385	385	385	384	385	385	385	385	384	384	384
744	-641723	384	385	384	384	384	384	384	385	384	385	385	385	385	385	385	384	384	385	384	385	384	384	385	385	385	385	385	385	385	385	384	385	385	384	384	385	384	384	384	384	384	384	384	384	384	384	384	384	384	384	384	384	384	384	384	384	384	385	384	384	384	383	384	384	384	384	384	385	384	385	384	384	384	384	384	384	384	384	384	384	384	384	385	384	385	384	384	384	384	385	384	385	385	384	385	384	385	384	385	385	384	385	384	384	384	384	384	384	384	384	384	384	384	385	384	384	385	384	384	384	384	384	383	384	384	384	384	384
745	-641230	385	386	385	385	386	385	385	385	385	385	385	385	385	385	385	385	385	385	385	385	385	385	384	385	386	385	385	385	385	385	385	385	385	385	385	385	385	384	385	385	385	385	384	385	386	385	385	384	385	385	385	385	385	385	385	385	385	385	385	385	385	385	385	385	385	385	385	385	385	385	385	384	385	385	384	384	384	385	385	384	385	384	385	384	384	384	384	385	384	384	384	384	385	384	384	384	385	385	385	385	385	385	385	384	385	385	385	385	385	385	384	385	385	384	384	385	385	385	386	385	384	385	385	385	385	385	385	385
746	-640738	385	385	385	386	385	386	385	385	386	384	384	385	385	385	385	384	385	385	385	385	385	385	385	385	385	385	385	385	385	384	385	385	385	385	386	385	386	385	386	386	385	386	386	385	386	386	386	385	386	385	385	385	386	386	385	386	386	385	386	384	386	386	386	386	385	385	385	385	385	385	385	385	385	385	385	385	385	385	385	385	385	384	386	385	385	385	385	385	385	385	385	385	385	385	385	384	384	385	385	384	384	384	384	384	385	385	386	385	385	385	385	386	386	385	385	385	386	384	385	385	385	386	385	385	385	385	386	386
747	-640246	386	385	386	386	386	386	386	386	386	385	385	386	386	386	386	386	385	386	385	386	386	387	386	386	386	386	386	386	386	386	385	386	387	386	386	386	386	386	386	386	386	386	386	386	386	385	386	386	386	386	386	385	385	386	386	386	386	385	386	386	385	386	386	386	386	386	386	386	386	386	386	386	386	384	386	386	385	386	387	386	386	387	387	387	386	387	387	387	387	387	387	386	387	386	386	386	386	386	386	385	386	386	386	385	386	386	386	386	385	386	386	386	386	385	386	386	385	386	386	386	386	385	386	385	386	386	386	386
748	-639753	386	386	386	386	387	387	386	386	386	386	386	386	384	386	386	387	387	386	386	386	386	386	386	386	385	386	386	385	387	386	386	386	385	387	386	386	386	387	387	386	386	387	386	386	387	386	386	386	386	386	386	386	387	386	387	387	387	387	386	387	387	387	387	387	386	386	386	387	386	387	386	386	386	387	387	387	386	387	386	387	387	386	387	387	387	387	387	387	387	387	387	386	386	387	386	386	387	386	387	386	386	386	387	387	386	386	386	387	387	386	385	386	386	386	386	385	385	385	386	386	385	386	386	386	386	386	387	386
749	-639261	387	387	387	387	387	387	387	387	388	387	387	387	387	387	387	387	387	386	386	387	387	386	387	387	387	387	386	386	387	386	387	386	386	388	386	387	386	387	387	387	386	387	387	387	387	386	386	387	386	387	387	387	388	387	387	386	386	387	386	386	387	387	386	386	387	387	387	386	386	386	386	386	386	386	386	386	386	386	386	386	386	386	386	386	386	386	386	387	386	386	387	387	387	386	386	387	387	387	387	387	387	387	387	387	386	387	388	386	387	386	387	387	387	386	386	387	387	387	387	387	387	386	387	387	387	387	387	387
750	-638769	387	387	388	387	387	387	387	387	388	388	388	388	388	388	388	388	389	388	388	388	388	388	388	388	388	388	389	388	389	389	389	389	388	390	388	389	388	389	388	388	388	388	387	388	388	388	387	387	388	388	388	387	387	387	388	387	387	388	387	387	387	387	387	388	387	387	387	388	387	388	387	387	387	387	388	387	387	387	386	387	387	387	387	384	387	387	387	388	388	388	388	387	388	387	387	387	387	387	387	387	387	387	387	387	387	388	387	387	387	387	387	387	387	387	387	387	387	387	388	387	387	387	387	388	388	387	388	387
751	-638276	387	388	388	387	388	387	388	387	387	388	388	387	388	387	388	387	388	387	387	388	387	388	388	387	388	388	387	388	388	388	387	388	388	388	388	387	388	388	388	387	387	388	387	387	387	388	388	388	388	388	388	388	388	388	388	388	388	388	388	388	388	388	388	388	387	387	387	387	387	387	387	387	387	388	388	387	388	387	388	388	388	389	387	388	388	387	389	387	387	387	387	388	387	387	387	387	388	388	388	388	388	388	387	388	388	387	388	388	388	388	387	387	388	388	388	388	388	387	388	387	387	387	388	388	387	387	387	388
752	-637784	388	388	388	388	388	388	386	388	388	389	388	389	389	389	388	388	389	389	388	388	388	388	388	388	389	389	389	389	389	389	389	389	389	390	388	389	389	388	389	389	389	389	389	389	389	388	389	388	388	388	388	389	389	389	389	388	389	389	390	389	387	389	389	388	389	388	389	388	389	389	389	389	388	388	388	388	388	388	389	389	388	389	389	388	389	388	388	389	389	388	388	389	389	389	388	388	388	389	388	389	388	389	388	388	388	388	388	388	388	388	388	388	388	388	388	388	388	388	388	388	389	387	388	388	388	388	387	387
753	-637292	389	388	388	389	388	389	389	389	390	389	389	389	389	389	389	388	388	388	388	388	389	389	389	388	388	389	388	389	389	389	389	388	389	389	389	388	388	388	388	389	389	389	388	388	389	389	388	389	388	389	387	388	386	388	388	388	388	388	388	389	388	388	389	389	388	389	389	389	389	389	388	389	388	389	388	389	388	388	389	388	389	389	388	389	389	389	389	389	390	389	388	389	389	389	389	389	389	389	389	388	389	389	389	390	389	388	389	388	388	389	389	389	388	389	389	389	390	389	389	389	389	389	389	390	389	389	388	389
754	-636799	389	389	388	389	389	389	389	389	390	389	389	389	389	390	389	389	390	389	390	390	388	390	389	390	389	389	390	389	389	389	390	389	389	389	389	389	388	388	389	389	389	389	389	389	389	389	389	389	389	389	389	389	389	389	389	389	389	389	390	389	389	389	389	389	389	389	389	390	389	389	390	389	389	389	388	389	389	388	388	389	389	389	389	389	389	389	389	389	389	389	389	389	389	389	388	389	389	389	389	389	388	388	389	389	389	388	390	390	389	389	389	389	389	390	388	390	389	389	389	389	389	389	389	389	390	389	389	389
755	-636307	390	390	391	390	390	390	390	391	390	390	391	390	390	390	390	390	390	391	390	391	390	390	390	390	390	390	390	389	391	390	390	390	389	390	389	389	390	390	389	390	390	390	389	390	389	389	390	389	390	389	390	390	389	390	390	390	390	390	390	390	390	390	390	390	390	390	390	390	390	389	390	390	390	390	390	390	390	390	390	391	391	390	390	390	390	390	390	390	389	390	390	390	390	389	390	390	391	391	391	390	390	390	390	390	390	390	389	390	391	390	390	390	390	390	390	390	390	389	390	389	389	390	390	389	389	388	389	389
756	-635815	391	390	390	390	390	390	390	390	390	390	390	390	390	390	390	390	390	391	390	390	390	391	390	390	390	390	390	391	390	391	390	391	391	390	391	390	391	391	390	391	391	390	391	390	391	390	390	390	389	390	389	390	390	390	390	390	389	390	390	390	390	390	391	390	390	390	389	390	390	390	390	389	389	390	390	390	389	390	390	390	390	390	389	390	390	389	390	390	391	390	389	390	390	390	391	390	390	389	391	391	390	391	391	391	391	392	391	390	391	391	391	390	390	391	391	391	391	390	391	391	391	390	390	390	390	391	390	390
757	-635323	390	391	390	390	391	390	390	391	390	391	391	391	390	390	391	391	391	391	390	390	390	390	391	391	390	390	391	390	390	390	390	391	390	391	391	391	391	391	391	391	392	391	391	391	391	391	391	391	391	391	391	391	391	391	391	392	391	392	391	391	391	391	391	391	391	391	391	391	391	391	391	391	391	391	391	391	391	391	391	391	390	391	391	391	391	391	391	391	391	391	391	392	390	390	391	391	391	391	390	391	391	391	391	390	391	391	391	391	391	391	391	390	390	390	391	391	391	390	390	390	391	390	391	391	391	391	391	391
758	-634830	391	391	391	391	391	391	391	391	392	391	391	391	391	391	391	391	391	391	391	392	391	391	391	391	391	391	391	391	391	391	391	391	392	391	391	391	392	391	391	391	391	391	391	390	391	391	391	391	391	391	391	391	391	391	391	391	391	391	391	391	391	391	391	391	391	390	391	391	390	391	391	390	391	391	391	391	390	391	391	391	391	391	389	390	391	391	391	391	391	391	391	391	391	391	391	390	391	391	391	392	391	392	391	391	392	392	392	391	392	392	392	392	392	392	392	392	391	391	392	392	392	391	391	391	391	391	391	391
759	-634338	392	392	391	391	391	392	391	391	391	392	391	391	391	392	391	392	392	391	392	392	392	392	391	392	391	392	392	392	393	392	392	392	392	392	392	391	391	391	391	392	392	392	392	391	391	392	392	392	391	392	392	392	391	391	392	391	391	392	391	392	391	391	392	391	392	392	391	391	391	391	391	392	391	392	392	392	392	391	391	391	391	391	391	391	392	392	392	392	392	392	393	392	392	392	392	392	392	392	392	392	392	391	391	392	392	393	392	392	392	391	392	392	392	391	392	392	392	392	392	392	392	392	392	392	392	392	392	392
760	-633846	392	393	392	392	392	392	392	392	392	392	392	392	391	392	392	392	392	392	392	392	392	392	392	391	392	392	392	392	392	392	392	392	392	392	392	392	392	393	392	392	392	392	392	392	391	392	392	392	392	392	392	392	392	393	393	393	392	393	393	393	393	393	393	392	392	392	392	393	393	392	392	392	393	393	392	392	392	392	392	393	392	392	393	392	392	393	392	392	392	392	392	392	392	392	392	391	392	392	391	392	392	391	392	391	392	392	393	392	393	392	392	392	392	393	392	392	392	392	393	393	392	392	392	392	392	392	392	392
761	-633353	392	393	392	393	392	392	391	392	393	392	392	392	392	392	393	392	392	392	392	392	393	392	393	392	393	392	393	392	393	392	392	392	392	392	393	393	392	393	393	393	393	393	392	393	393	394	393	393	392	393	393	393	394	393	393	393	393	393	393	394	393	392	393	393	393	393	393	393	392	393	393	393	393	393	393	393	393	393	393	393	392	393	392	393	393	393	392	392	392	393	392	393	392	392	393	393	393	392	393	392	393	392	392	393	392	392	392	392	392	393	392	392	393	392	393	393	393	392	393	392	392	393	392	393	393	393	392	393
762	-632861	394	393	394	394	394	394	393	394	393	393	394	393	394	394	393	393	393	393	394	393	393	393	393	393	393	393	392	392	392	393	392	392	393	392	392	392	392	393	392	393	393	393	392	393	393	393	392	393	393	392	393	393	392	393	393	393	392	393	394	394	393	393	394	393	394	393	393	393	393	393	393	393	393	393	393	393	393	393	392	393	392	393	393	392	393	393	393	393	393	393	393	393	393	393	394	393	394	393	393	393	393	393	393	393	392	393	393	392	393	393	393	393	393	393	392	393	393	393	393	393	394	393	393	393	393	394	393	394
763	-632369	394	393	394	393	393	394	394	394	393	393	394	393	394	393	393	392	393	393	393	394	393	394	393	394	394	393	394	393	393	394	393	393	393	393	395	394	394	393	393	393	393	393	393	393	393	394	393	393	394	393	393	393	393	393	394	394	393	393	394	394	394	393	393	393	393	394	394	393	393	394	394	394	393	394	394	394	393	394	394	394	394	394	393	394	394	394	394	393	394	393	393	396	393	393	394	393	394	394	394	394	394	394	394	394	394	394	395	393	394	393	394	394	393	394	393	394	394	394	394	394	394	393	393	394	394	394	393	394
764	-631876	394	394	394	394	394	393	394	394	393	393	393	394	394	394	393	394	394	394	394	394	394	394	394	394	395	394	394	395	394	394	394	394	394	394	394	395	394	395	394	395	394	394	394	394	394	394	394	394	394	394	394	394	394	394	394	394	395	394	394	394	394	394	394	394	394	393	395	394	395	394	394	394	394	394	394	394	394	394	394	395	394	394	394	395	395	394	394	394	394	394	394	394	394	394	394	394	394	394	394	393	394	395	394	394	395	394	394	394	394	394	394	394	394	394	394	394	394	394	394	394	394	394	394	394	394	394	394	394
765	-631384	395	395	395	395	394	394	395	395	395	394	395	395	395	395	395	395	395	395	395	395	395	396	395	395	396	395	395	395	395	396	395	396	395	394	395	394	395	395	394	395	395	395	395	394	395	395	396	396	394	395	394	395	395	395	395	395	394	394	395	394	395	394	393	395	394	394	395	394	394	394	394	394	394	394	394	395	394	395	394	395	395	395	395	395	394	394	395	395	394	394	396	395	394	394	394	394	394	394	395	394	394	394	395	394	395	395	395	395	395	395	396	395	395	394	395	395	395	395	394	393	394	395	395	394	395	394	395	395
766	-630892	396	395	395	396	395	395	395	395	396	395	395	395	395	395	395	395	395	395	396	395	395	395	395	395	396	396	395	395	395	395	395	395	395	395	395	395	395	396	395	395	395	395	395	395	395	395	395	396	395	395	396	395	395	395	395	395	395	395	395	395	396	395	395	395	395	395	395	395	395	396	395	395	395	395	396	395	396	395	396	395	395	395	395	396	396	395	395	395	395	396	396	396	395	395	396	395	395	395	395	395	395	396	395	396	395	395	395	395	396	395	395	395	395	396	395	396	395	397	395	396	395	395	395	396	396	395	395	396
767	-630399	396	396	395	395	395	396	395	396	396	395	396	395	395	396	395	395	395	395	395	396	396	395	395	395	396	395	395	396	395	395	396	395	396	396	395	396	396	396	396	396	396	396	396	395	396	396	396	395	395	396	396	396	396	396	396	396	396	396	396	396	396	396	396	395	396	395	396	395	396	396	394	396	396	395	396	395	396	396	396	396	397	396	395	395	396	396	395	395	395	395	396	395	396	396	396	396	396	396	397	396	396	396	396	397	397	396	396	396	396	397	396	396	395	396	395	395	396	395	396	395	395	395	396	396	396	395	396	395
768	-629907	397	396	396	396	396	395	396	396	396	396	396	397	396	396	396	397	396	396	396	396	396	396	397	396	396	397	396	396	396	396	397	396	396	396	396	396	396	396	396	396	396	395	396	395	396	396	396	396	396	396	396	397	396	396	396	396	396	396	397	396	396	396	396	396	396	396	397	395	397	396	397	396	397	397	396	396	396	397	396	396	396	396	396	397	396	396	396	396	397	397	396	396	397	396	396	396	396	397	396	396	397	396	396	396	396	397	396	396	396	396	396	396	396	396	397	396	396	396	396	397	396	396	395	397	396	396	396	396
769	-629415	397	397	397	397	397	397	397	397	396	397	396	396	396	396	397	396	397	397	397	397	397	398	397	397	397	397	397	397	396	396	396	396	397	396	396	396	396	396	396	396	396	396	396	396	396	396	396	397	396	397	397	395	397	396	396	396	396	396	396	396	396	396	396	396	396	396	396	397	396	396	397	397	397	397	396	396	396	397	396	396	396	397	397	397	397	397	397	397	397	397	396	397	397	396	397	397	397	397	397	396	397	396	397	396	397	396	397	396	396	396	395	396	397	396	396	395	397	396	396	396	396	397	396	397	397	396	397	396
770	-628923	397	397	397	398	397	397	397	397	397	397	397	397	397	397	397	398	398	398	398	397	397	397	397	398	398	397	398	397	397	398	397	397	396	397	397	397	397	397	397	398	398	398	398	397	398	398	397	398	397	398	397	397	397	397	397	397	398	398	397	398	398	398	397	397	397	397	397	397	397	398	398	397	397	397	398	398	397	397	397	397	397	397	397	397	398	397	397	397	397	397	397	397	397	397	397	397	397	396	397	397	397	397	397	397	397	397	397	397	397	397	397	397	397	397	397	397	397	398	398	397	397	397	397	398	397	397	397	397
771	-628430	398	397	397	398	397	397	398	397	396	397	398	397	398	397	398	398	398	398	398	397	397	397	397	397	398	397	397	398	397	398	398	397	397	397	398	398	397	397	397	398	398	398	398	397	398	397	398	398	397	398	398	398	398	397	398	398	398	398	398	398	398	398	397	398	397	398	398	398	398	398	397	398	397	398	398	397	399	397	398	398	398	398	397	398	397	397	397	397	398	397	397	398	398	398	398	397	397	398	398	398	398	398	398	398	398	398	397	397	397	397	399	397	398	398	398	398	398	399	398	398	398	398	398	398	398	398	397	398
772	-627938	398	398	398	398	399	399	399	399	398	398	398	398	398	398	399	399	399	398	398	399	399	399	399	399	399	398	398	398	399	399	398	399	399	398	398	399	399	398	398	399	399	398	398	398	398	399	399	398	398	398	399	399	399	399	398	399	398	398	398	398	398	397	398	399	398	398	398	398	399	398	399	398	398	398	398	398	397	398	398	398	398	399	398	398	399	398	398	398	398	398	398	398	398	398	398	399	399	399	398	398	398	399	399	398	399	398	398	399	399	399	398	398	399	398	398	398	398	398	398	398	398	398	398	397	397	398	398	398
773	-627446	398	399	398	399	399	398	398	398	398	399	399	399	398	399	399	399	399	398	398	399	399	399	398	399	399	398	399	398	398	399	398	398	399	399	399	399	399	398	398	399	399	399	398	398	399	399	398	399	399	398	399	399	399	399	398	399	399	399	399	398	399	399	399	399	398	399	399	399	399	399	399	399	399	399	399	399	398	399	398	399	399	399	399	398	399	398	399	399	400	399	399	399	399	398	399	399	398	399	399	399	399	398	398	399	399	398	398	398	398	399	399	399	399	399	399	399	399	399	399	399	399	399	399	400	399	399	399	400
774	-626953	400	400	400	400	399	399	399	399	399	399	398	399	399	399	399	399	399	398	398	400	399	399	399	399	399	399	400	400	399	399	399	400	399	399	399	399	399	399	398	399	399	399	399	400	400	399	400	400	400	399	399	399	399	399	399	399	400	400	400	400	400	399	399	399	399	400	399	399	399	400	400	399	399	399	399	398	399	399	399	399	399	398	398	399	399	399	399	399	398	399	399	398	398	399	399	399	399	399	399	398	398	399	398	399	400	399	399	399	399	400	399	400	399	400	400	399	399	399	399	399	399	399	400	399	400	399	400	399
775	-626461	400	399	399	399	399	400	400	399	400	399	400	400	399	399	399	399	399	400	399	399	399	399	399	399	400	399	400	400	399	400	399	400	400	400	399	399	400	400	400	399	399	399	400	400	400	400	399	400	399	399	400	400	399	399	399	400	399	400	399	400	400	400	400	399	399	399	399	400	399	399	400	399	400	399	399	400	400	400	400	399	400	400	400	400	400	400	399	399	399	400	400	399	399	400	399	400	400	399	399	400	400	400	400	400	400	400	400	399	400	400	400	400	399	398	400	399	400	400	400	399	400	400	400	400	401	400	400	399
776	-625969	399	400	400	400	400	400	400	400	400	401	400	400	400	400	400	400	399	400	400	399	400	399	400	399	399	399	399	400	400	400	400	400	400	400	400	400	400	400	400	400	400	400	400	400	400	400	400	400	400	400	400	399	400	401	400	400	400	400	401	400	400	401	400	400	400	400	400	400	400	401	400	400	400	401	400	400	401	400	400	401	401	400	400	401	401	400	401	400	400	400	401	400	399	400	400	400	400	400	400	400	399	400	400	400	400	400	400	400	400	400	400	400	401	400	400	400	400	401	400	400	400	400	401	400	400	401	400	400
777	-625476	401	400	400	400	401	400	401	400	401	401	400	400	401	400	400	400	400	400	400	401	400	400	400	401	401	401	401	400	400	401	401	401	401	400	400	400	400	400	400	401	401	400	401	401	401	401	401	400	401	401	401	400	400	400	400	401	401	400	400	399	400	400	400	400	401	400	400	400	400	400	400	400	400	400	400	400	400	400	400	400	400	400	401	401	400	401	401	400	401	401	401	401	401	401	400	401	400	400	400	401	401	400	401	400	401	401	400	400	400	400	400	400	401	400	401	401	401	401	400	400	401	400	400	400	400	400	400	400
778	-624984	401	401	401	401	401	401	401	401	401	401	402	401	401	401	401	401	401	401	401	401	400	401	401	401	401	400	401	401	401	401	401	401	401	401	401	402	401	401	401	402	401	402	401	402	401	401	401	401	402	401	401	402	401	402	401	401	401	401	399	401	401	401	401	401	401	400	401	401	402	401	401	402	401	401	401	402	401	401	400	401	401	400	401	400	400	401	400	401	400	400	401	400	401	401	401	401	401	402	401	401	401	402	401	401	400	401	400	401	401	401	401	402	402	402	401	400	401	402	402	401	401	401	401	401	401	401	402	401
779	-624492	402	402	402	402	401	401	402	400	403	401	401	402	402	402	402	402	402	401	401	402	401	402	402	401	401	401	402	401	400	401	401	402	401	401	401	401	401	402	401	402	402	402	402	402	401	402	402	402	401	401	401	402	402	401	401	402	402	402	401	401	401	401	401	401	401	402	401	402	401	401	402	402	401	401	401	401	401	401	401	401	401	401	400	402	400	401	401	401	401	401	401	401	401	401	401	402	401	401	401	401	401	402	401	401	402	402	401	402	401	402	401	401	402	401	402	402	402	402	401	401	401	401	402	401	402	402	402	402
780	-623999	402	402	403	403	402	403	403	403	402	403	403	403	403	402	402	403	402	403	402	403	403	402	402	402	402	402	401	402	402	401	402	402	402	402	403	402	403	402	402	403	403	402	403	402	402	402	402	403	402	402	402	403	402	402	402	401	402	402	402	402	402	402	402	403	402	401	402	402	402	402	402	402	402	402	402	401	402	402	402	401	402	402	402	401	402	401	402	402	402	401	401	402	402	402	402	401	402	402	402	402	402	402	402	402	401	402	401	401	402	401	401	402	401	402	402	401	401	401	402	402	402	402	402	401	402	401	402	402
781	-623507	402	403	403	403	403	402	403	403	403	403	402	403	402	403	403	403	402	403	402	403	403	403	403	403	403	403	403	402	402	403	402	403	403	403	403	403	402	403	403	403	403	403	403	403	402	403	403	402	402	402	402	402	402	402	401	402	402	402	402	402	402	402	402	402	401	402	402	402	402	401	403	401	402	402	402	401	402	402	402	402	401	402	402	402	402	401	402	403	402	402	402	403	402	401	403	402	403	402	402	402	402	403	403	402	404	402	403	403	403	404	403	403	403	402	402	403	403	403	403	402	402	403	403	401	403	402	403	403
782	-623015	403	402	403	402	403	402	402	402	402	403	403	403	403	403	403	403	403	403	403	403	402	403	403	403	403	404	403	403	403	403	403	402	403	403	403	403	403	403	403	402	403	403	403	403	403	403	403	403	403	403	403	403	403	402	403	403	404	403	403	403	403	403	403	403	403	403	403	403	403	403	403	403	403	404	402	403	403	403	403	403	403	403	403	404	403	403	403	403	403	403	403	403	403	403	403	404	403	404	403	403	403	403	404	402	403	403	402	403	403	403	403	402	403	403	401	403	403	403	403	403	403	403	403	403	403	403	403	403
783	-622523	404	404	404	404	403	404	404	404	404	404	404	403	404	403	404	404	404	404	403	404	404	403	404	404	404	404	404	405	404	404	403	404	404	404	403	403	404	403	404	404	403	404	404	403	403	403	404	403	404	404	404	403	403	404	404	404	404	403	404	404	403	404	403	404	403	404	403	404	403	403	404	403	404	403	404	403	403	404	403	403	404	403	404	403	403	404	403	403	404	403	404	403	404	404	403	404	404	403	403	403	404	404	403	404	405	404	404	404	403	403	404	404	403	403	403	404	404	404	404	403	403	404	404	403	403	404	403	403
784	-622030	403	404	403	404	404	405	404	404	404	404	404	405	404	404	405	404	404	404	403	404	404	404	403	404	403	404	404	404	404	404	404	404	404	404	404	405	405	404	405	404	404	404	404	403	404	404	404	403	403	404	403	404	404	404	404	404	404	404	403	404	404	403	404	404	404	404	403	403	403	404	404	403	403	404	404	404	404	404	404	404	404	404	404	404	404	404	404	404	404	405	404	404	404	404	404	404	404	404	404	404	404	404	404	404	405	404	404	405	404	404	404	403	404	404	405	404	403	404	404	403	404	404	405	403	404	403	404	404
785	-621538	404	405	404	404	404	405	405	404	405	404	404	404	404	404	405	404	404	404	405	405	404	405	405	405	404	404	404	404	404	404	404	404	404	405	404	404	404	404	404	403	405	404	404	405	405	405	405	405	405	404	405	405	405	405	404	404	404	404	405	404	404	405	405	405	405	405	405	405	405	405	405	405	405	405	405	405	405	406	405	405	405	405	405	405	405	405	405	404	404	405	405	404	404	405	405	405	403	404	405	404	405	405	405	405	405	404	404	405	404	404	404	404	404	404	405	405	404	404	404	404	404	405	405	405	405	404	404	404
786	-621046	405	406	405	406	405	403	405	405	405	404	404	405	404	405	404	405	405	405	405	405	405	405	404	405	404	405	404	405	404	405	404	404	404	404	404	404	405	405	404	404	404	405	405	406	405	405	405	405	405	405	405	405	406	404	405	405	405	405	404	405	405	405	404	405	405	405	405	405	405	405	405	405	405	405	405	405	405	405	404	404	405	405	404	406	404	404	405	405	405	405	405	405	405	406	406	405	405	405	405	405	405	405	405	405	405	405	405	405	405	405	405	405	406	406	406	406	406	406	406	406	406	405	406	405	405	405	405	405
787	-620553	406	405	405	405	405	406	405	405	405	405	406	405	406	405	406	405	406	406	406	406	406	406	406	405	405	405	406	405	405	404	406	406	405	406	406	405	405	405	406	406	405	406	406	405	406	406	406	406	406	406	405	405	407	405	406	406	405	406	405	405	406	405	406	405	405	406	405	405	405	406	405	406	405	405	405	405	405	403	405	406	405	406	404	404	405	406	405	404	405	406	405	405	405	406	405	405	406	404	405	405	405	405	405	405	406	405	406	405	406	406	406	407	406	406	406	406	405	405	406	406	406	406	405	406	405	405	404	405
788	-620061	407	406	406	407	407	406	406	406	407	406	406	406	406	406	406	406	406	406	406	406	407	406	407	406	407	407	406	407	407	406	407	407	406	407	406	406	407	406	406	406	406	406	406	406	406	406	407	406	406	406	406	406	407	406	406	406	406	406	406	406	405	406	406	406	406	405	406	406	406	406	406	406	406	406	406	406	406	406	407	406	407	406	406	407	406	406	405	406	406	406	406	406	406	407	406	407	407	407	407	406	407	407	407	407	406	407	406	406	405	406	406	406	406	406	407	407	406	406	406	406	406	406	406	406	406	406	406	407
789	-619569	406	407	406	407	407	407	407	406	406	406	406	407	406	406	406	408	407	407	407	406	407	407	407	407	407	406	407	406	406	406	406	406	406	406	406	406	406	407	407	407	406	407	406	407	407	407	407	407	407	407	406	407	406	407	407	407	407	406	407	407	407	407	407	406	407	406	406	406	407	406	406	405	406	406	406	406	406	406	406	406	406	406	407	406	406	406	406	406	406	406	406	406	406	406	406	407	406	406	406	407	407	406	406	406	407	406	406	407	406	406	406	407	406	407	406	406	408	407	407	407	406	407	407	406	406	406	407	407
790	-619076	407	408	407	407	407	407	408	407	407	408	407	407	407	407	407	407	408	408	407	407	408	408	408	408	408	407	407	407	407	407	407	408	407	406	407	407	407	407	407	407	407	407	407	407	406	407	407	406	406	406	407	407	407	407	406	407	407	407	407	406	406	407	406	406	407	407	406	407	407	406	407	406	406	407	406	407	407	406	406	407	407	407	407	407	407	407	407	407	407	407	407	407	407	406	407	407	407	407	408	407	407	407	407	407	407	407	407	407	407	407	407	407	408	407	407	407	407	407	407	406	407	407	407	407	406	407	407	407
791	-618584	408	407	408	407	408	408	408	408	408	408	407	408	408	408	408	408	408	408	408	408	408	408	409	407	408	407	408	408	407	407	407	408	408	408	407	407	408	408	408	408	407	408	408	408	407	408	408	407	407	407	408	407	407	408	407	408	407	407	407	408	407	408	408	407	408	408	408	408	408	407	407	407	408	407	408	407	408	408	407	408	407	408	408	408	408	408	408	408	408	408	408	407	407	407	407	408	408	408	407	407	408	408	407	408	408	408	408	407	408	407	408	408	407	408	407	408	407	407	407	407	408	407	408	407	408	407	407	407
792	-618092	409	408	409	409	408	409	408	408	408	408	409	407	408	408	408	408	408	409	409	408	408	408	408	408	408	408	408	408	408	407	407	407	407	408	408	407	408	408	408	408	407	407	409	407	408	408	407	407	407	408	408	408	407	407	407	408	407	408	408	408	408	407	408	408	408	407	408	408	408	408	409	408	407	407	408	408	408	408	409	408	409	408	408	408	408	408	408	408	408	407	408	408	408	408	408	408	408	408	408	408	408	408	408	408	407	408	407	408	407	407	408	407	408	408	407	408	407	408	408	408	408	408	408	407	408	408	408	408
793	-617599	409	409	408	409	408	408	408	409	409	409	408	408	409	408	408	409	408	408	408	408	409	408	409	408	408	408	408	409	409	409	408	408	409	408	409	409	409	409	409	409	409	409	409	409	409	408	409	409	409	409	408	409	409	408	408	408	408	409	409	409	409	409	409	409	409	408	409	409	409	408	408	409	409	408	409	408	409	408	408	408	408	408	408	408	409	409	408	409	408	408	408	408	408	408	409	408	408	409	407	408	408	408	408	408	408	409	409	409	408	408	409	409	409	409	408	408	409	409	408	408	408	408	408	409	408	409	409	408
794	-617107	409	410	409	410	409	409	409	410	410	410	409	409	409	409	409	409	409	409	409	409	409	409	409	409	409	409	409	410	409	409	409	408	409	409	409	408	408	409	408	409	409	409	410	409	409	408	409	409	410	409	409	410	409	409	409	409	409	409	409	409	409	409	409	409	409	410	409	410	409	409	410	409	409	409	410	409	409	409	409	409	410	409	409	409	409	408	409	409	408	409	409	409	409	409	409	409	409	409	409	409	409	409	409	408	409	409	409	409	408	409	408	408	408	408	409	409	409	409	409	409	410	409	409	409	409	410	409	409
795	-616615	410	408	410	410	410	410	409	410	410	409	409	409	410	409	409	410	409	409	409	409	410	410	409	409	410	410	410	409	409	410	410	409	410	409	410	409	409	410	410	411	409	410	409	410	409	408	410	409	410	409	410	410	410	410	410	410	410	409	410	409	409	409	409	410	409	409	410	409	409	409	409	409	409	410	409	408	408	409	409	409	409	409	410	409	409	409	409	409	408	409	409	409	410	409	409	409	410	410	410	410	410	410	410	410	409	409	409	409	410	410	410	410	409	410	409	410	409	409	409	409	410	409	409	409	409	409	409	410
796	-616123	411	410	410	410	410	411	409	410	410	410	409	409	409	409	409	409	409	409	410	410	410	409	410	410	409	410	410	410	410	409	410	409	410	410	410	409	410	410	409	409	409	410	409	409	409	410	410	410	411	410	410	410	410	410	410	410	409	410	410	409	410	409	410	410	410	410	410	410	410	410	410	410	410	410	411	411	410	411	410	411	410	410	410	409	409	409	410	409	410	409	409	410	409	410	410	409	410	410	410	410	409	410	410	410	409	410	409	409	410	409	410	410	410	410	409	409	410	410	411	410	410	409	410	411	410	410	410	410
797	-615630	410	410	410	410	410	411	410	410	410	411	411	411	411	411	411	410	411	411	411	411	411	410	411	410	411	411	410	411	410	411	411	411	410	411	411	410	410	410	411	411	410	410	411	411	411	411	411	411	410	410	410	411	411	411	410	410	411	410	410	411	410	410	410	410	410	410	409	410	410	410	410	410	411	410	410	410	410	410	410	410	410	410	411	410	410	409	411	411	410	410	410	410	411	410	410	410	410	411	410	410	410	411	410	410	410	410	411	410	411	411	411	411	410	411	411	411	411	411	411	411	411	411	411	410	411	411	411	410
798	-615138	411	411	411	411	411	412	411	411	411	411	411	411	411	411	411	411	411	411	411	411	412	411	412	410	411	410	411	411	411	411	411	410	411	411	411	411	411	411	411	411	411	411	411	411	411	411	411	411	411	411	412	410	411	410	411	411	411	411	411	411	410	410	411	411	411	411	411	411	411	411	411	411	412	411	411	411	411	411	411	411	412	411	411	412	411	411	411	411	411	411	411	411	411	411	411	412	411	411	412	412	412	411	411	411	411	410	412	411	411	412	411	412	411	412	412	412	411	410	411	411	410	411	411	411	411	411	410	411
799	-614646	411	411	412	411	411	411	412	411	411	411	411	411	412	411	412	412	412	411	412	411	412	412	410	412	411	411	412	412	411	411	411	412	410	412	411	411	411	411	412	411	411	411	412	411	410	411	411	412	412	411	411	412	411	411	412	412	412	412	411	412	412	411	410	412	412	412	411	411	411	411	411	411	412	411	411	411	411	412	411	412	411	411	409	412	412	412	412	412	412	412	412	412	412	412	412	411	411	411	412	412	412	412	412	412	412	412	411	411	412	411	412	411	412	411	412	411	412	412	411	411	411	411	411	412	411	410	412	411
800	-614153	413	412	412	412	412	412	412	412	412	411	412	412	412	412	412	411	411	412	412	411	412	412	412	412	411	412	412	412	412	412	412	412	413	412	412	413	412	411	412	413	412	412	413	412	412	412	412	413	412	413	412	413	412	412	412	412	412	412	412	412	412	412	412	412	412	411	412	412	412	412	411	412	412	411	412	412	411	412	411	411	411	412	411	411	411	411	411	412	411	412	412	412	412	411	411	412	411	412	411	411	411	411	412	411	411	411	411	411	412	411	412	412	412	413	412	412	412	412	411	412	412	412	412	412	412	412	412	412
801	-613661	412	413	412	413	412	413	413	412	413	413	413	413	413	413	413	412	413	413	413	413	412	413	413	413	413	412	413	413	413	412	413	413	413	413	412	412	412	413	412	412	412	412	412	412	412	412	413	412	413	412	413	413	413	412	412	413	412	412	412	412	412	412	412	412	412	412	411	412	412	412	412	412	412	412	413	412	413	413	412	412	412	413	413	412	412	412	413	412	412	412	412	412	412	412	413	412	412	412	412	412	412	412	412	412	412	412	412	412	412	412	411	412	412	412	412	412	412	412	412	412	412	412	412	412	412	412	412	412
802	-613169	413	412	412	412	413	412	413	412	413	412	413	413	412	413	413	413	414	414	414	413	413	414	413	413	413	413	413	413	414	413	413	413	414	413	412	413	414	412	413	413	414	413	414	413	413	414	413	412	412	413	413	412	413	413	413	413	413	413	413	412	413	413	413	413	413	413	413	413	413	413	412	413	413	413	413	413	414	413	412	413	412	413	413	413	413	412	414	413	413	413	413	413	413	413	412	413	413	413	413	412	413	413	414	413	413	413	413	413	413	412	413	413	412	413	410	413	412	412	412	413	412	412	412	413	413	413	413	412
803	-612676	413	414	413	413	413	413	414	413	413	413	413	413	414	413	413	413	414	414	413	413	413	413	413	413	414	414	413	413	414	413	414	413	414	414	413	413	413	414	414	412	414	413	413	414	413	414	412	414	413	413	414	413	413	414	412	413	413	412	413	413	413	413	412	413	413	413	412	413	412	413	412	413	413	413	413	413	413	414	413	413	413	413	413	413	413	413	413	413	413	413	414	414	414	413	414	414	413	414	414	413	414	413	413	413	413	414	413	413	413	413	414	413	413	413	412	413	413	414	413	414	413	413	414	413	414	413	413	413
804	-612184	414	414	414	414	414	414	414	415	414	415	415	415	415	414	414	415	414	415	414	414	414	415	414	414	415	414	414	414	414	414	414	415	414	414	415	414	414	415	415	415	414	414	414	415	414	414	414	414	415	414	414	414	414	414	414	414	415	415	415	414	414	414	414	415	415	414	414	413	414	414	414	414	413	414	414	414	414	414	414	414	414	414	414	414	414	415	414	414	414	414	414	414	414	414	414	414	413	414	414	413	414	414	414	414	415	415	414	414	414	413	415	414	414	414	414	415	414	414	414	414	414	413	414	414	413	414	414	414
805	-611692	414	414	415	415	414	415	415	415	414	414	415	415	415	415	415	416	415	415	415	415	415	415	415	415	415	415	415	415	415	415	415	415	414	414	415	414	414	414	414	415	414	415	414	415	415	415	415	414	415	414	414	414	414	415	415	413	415	414	414	414	415	415	415	415	414	415	415	415	415	414	415	415	414	415	415	415	414	415	415	415	415	415	415	415	414	414	415	415	415	415	415	415	415	415	414	415	415	414	414	414	415	414	414	414	414	414	414	414	414	414	414	415	415	415	414	414	414	414	414	414	415	414	414	414	414	415	414	415
806	-611199	414	414	414	415	414	415	414	414	415	415	414	415	414	415	414	414	414	415	415	414	415	415	415	416	415	415	414	415	415	415	415	415	415	416	415	415	415	416	416	415	416	415	416	415	416	415	415	415	416	415	416	415	415	416	415	415	415	415	415	415	415	415	415	416	415	415	415	416	415	415	415	415	414	414	415	415	414	415	415	415	414	415	415	415	415	415	415	415	415	415	415	414	415	415	415	414	415	415	415	415	415	414	415	415	415	415	415	415	415	416	416	415	415	415	415	416	415	415	415	415	415	415	415	415	415	415	415	414
807	-610707	415	414	416	415	416	416	415	416	416	416	416	416	416	416	415	415	416	415	415	416	416	415	415	415	416	415	416	415	416	415	415	415	415	416	415	415	416	416	416	415	416	416	415	415	415	416	416	416	416	416	416	415	415	415	416	416	415	416	416	416	415	415	416	416	416	416	416	416	415	416	415	416	416	416	416	415	415	416	416	416	416	415	416	415	415	416	416	415	416	415	416	416	416	416	415	416	416	416	416	416	416	415	415	416	415	415	415	415	416	415	415	415	415	415	416	415	415	415	416	415	415	415	416	414	415	415	415	415
808	-610215	416	416	416	416	416	417	416	415	416	416	416	416	416	416	416	417	416	416	416	416	416	416	416	416	416	416	416	416	416	415	416	415	416	415	416	416	415	416	416	416	416	416	416	415	416	416	415	416	415	416	415	415	415	416	416	416	416	416	416	416	416	416	417	416	416	416	416	416	416	416	415	416	416	416	416	416	416	415	416	416	415	415	416	416	416	415	416	415	415	415	416	416	416	416	416	415	416	416	416	416	415	416	416	416	416	416	416	416	416	416	416	415	416	416	416	416	417	416	416	418	415	415	416	416	415	415	415	415
809	-609723	416	416	416	416	416	416	417	416	417	417	417	417	416	417	418	416	416	416	417	416	416	416	417	417	417	416	417	417	417	417	417	416	416	416	416	416	416	416	416	416	416	417	416	416	416	416	416	416	416	416	416	416	416	416	416	416	416	416	416	416	416	416	416	416	416	416	417	416	416	416	416	418	417	416	416	416	416	416	416	416	416	416	416	416	416	417	417	417	416	416	415	416	416	416	416	417	416	416	417	417	417	416	417	416	417	417	416	417	417	416	416	417	417	417	417	417	417	417	417	417	417	416	416	416	417	416	416	416
810	-609230	417	417	417	417	416	417	416	416	416	416	416	417	416	417	417	416	416	416	417	416	417	416	416	416	416	417	416	416	417	416	417	415	417	416	417	417	416	417	417	417	417	417	417	417	417	417	418	417	417	417	417	417	417	417	418	417	417	417	417	418	417	418	417	417	417	417	417	417	417	417	417	417	417	417	417	417	417	417	418	417	417	416	417	417	416	416	417	416	417	417	417	417	417	417	416	416	416	417	417	416	417	416	417	417	417	417	416	417	416	416	416	416	417	416	417	417	417	417	417	418	417	417	417	417	418	417	417	417
811	-608738	418	417	417	417	417	418	417	417	417	417	417	417	418	417	417	417	417	417	417	418	417	417	417	417	417	417	417	417	417	417	418	417	417	417	418	418	417	418	418	418	417	416	417	417	417	417	417	417	418	418	417	417	417	417	417	417	416	417	418	417	418	417	417	417	417	417	417	417	417	417	416	417	416	417	417	417	417	417	417	418	417	417	417	417	417	416	417	416	417	417	416	418	417	417	417	417	418	417	417	417	418	418	417	418	418	418	417	417	418	417	417	418	417	417	417	417	417	417	418	417	417	418	418	418	418	417	417	418
812	-608246	417	418	417	417	418	418	417	418	418	417	418	417	418	418	417	418	418	418	418	418	418	418	418	418	418	419	418	418	417	418	418	418	418	417	418	417	418	418	417	418	418	418	418	418	417	417	418	417	417	418	417	417	417	417	417	418	417	417	417	418	418	417	417	417	417	417	418	418	418	418	418	418	418	418	419	418	418	418	418	419	418	418	419	418	418	419	418	418	418	419	418	419	419	418	418	417	418	418	418	419	418	419	418	419	418	418	419	418	418	418	418	419	418	419	419	418	419	418	418	418	418	418	418	418	418	418	417	418
813	-607753	418	419	418	418	418	418	418	418	418	418	419	418	418	419	419	419	419	418	419	418	418	419	419	418	419	419	419	419	419	419	418	418	419	419	419	419	418	418	419	419	419	419	419	419	418	418	418	419	419	418	417	417	419	418	419	419	418	419	418	418	419	418	418	418	418	417	418	418	418	418	418	419	418	418	419	418	419	418	418	419	418	418	418	419	418	418	418	418	419	418	418	417	417	418	418	418	418	418	419	419	419	418	418	418	419	418	418	418	418	418	418	418	419	418	418	418	418	418	418	418	418	418	418	418	418	419	418	418
814	-607261	419	419	419	419	419	420	420	419	420	420	420	419	419	419	419	419	419	418	419	419	419	419	419	419	419	419	419	419	419	419	419	419	419	419	420	419	419	419	419	419	419	419	418	418	418	419	419	419	418	418	419	418	418	419	419	419	416	418	419	419	418	418	418	419	418	419	420	418	419	418	418	418	419	419	418	418	419	419	419	419	419	419	419	418	419	419	419	419	418	419	419	419	418	419	419	419	419	419	418	419	418	418	419	418	419	418	418	419	419	419	419	419	419	419	419	419	418	419	419	419	418	418	418	418	418	419	420	420
815	-606769	419	419	420	420	420	420	419	419	419	418	419	419	418	420	419	420	419	420	419	418	419	419	419	419	419	419	419	419	420	420	419	420	419	420	419	419	419	419	419	419	419	419	419	420	419	419	420	420	419	419	419	420	419	419	420	420	420	419	419	420	419	420	419	419	420	420	418	419	419	420	420	420	420	419	420	420	419	419	419	420	419	420	419	420	419	420	419	418	419	419	419	419	419	419	419	420	419	418	419	419	419	419	419	419	418	419	419	420	419	418	420	419	419	419	419	420	419	419	420	419	420	420	420	418	419	419	420	420
816	-606276	419	419	420	420	420	419	420	420	420	420	420	420	419	420	421	420	420	420	420	420	420	420	420	420	420	419	419	419	419	420	419	419	420	418	420	419	420	420	419	420	419	420	419	419	419	419	420	419	420	420	420	419	422	419	419	419	419	419	420	419	419	420	420	421	420	420	419	420	420	420	420	420	420	420	420	420	419	420	420	420	420	419	420	420	420	419	420	420	420	420	420	419	420	419	420	420	420	420	420	420	420	420	420	419	420	420	420	419	419	421	420	420	419	419	420	419	420	420	420	420	420	419	419	420	420	420	419	420
817	-605784	420	420	420	420	420	420	420	420	421	420	420	420	420	421	420	420	420	419	419	420	419	420	420	420	420	420	420	420	419	420	420	421	420	420	420	420	421	421	420	421	420	421	421	421	420	420	420	420	421	421	420	420	420	420	421	421	421	421	420	420	421	420	420	420	420	420	420	420	420	420	420	420	420	420	420	421	420	420	420	420	420	420	420	420	420	420	420	419	420	420	420	420	420	420	420	420	421	420	421	420	421	421	421	421	421	421	420	420	421	420	420	420	421	421	421	421	421	421	420	420	420	420	421	420	420	420	420	421
818	-605292	421	421	421	420	421	420	421	421	420	421	420	421	420	420	421	421	421	420	420	421	421	421	421	421	422	421	422	421	421	421	421	421	420	421	421	421	421	421	421	421	421	421	420	420	421	421	421	420	422	421	421	420	421	421	421	420	420	420	421	420	421	421	420	421	420	420	421	421	420	420	421	420	420	421	420	420	421	421	420	420	421	420	420	420	420	421	420	420	420	421	421	420	420	421	421	421	420	420	421	421	421	420	421	420	420	420	421	421	421	421	420	421	421	421	421	420	421	421	421	421	420	420	420	421	421	420	421	421
819	-604799	422	422	421	421	422	421	421	421	421	421	421	421	421	421	422	422	421	421	422	422	422	422	422	421	422	421	421	421	421	422	421	421	422	422	422	422	421	423	422	422	422	422	421	421	422	422	421	421	420	421	421	422	421	421	421	421	421	421	422	422	422	422	421	422	422	421	422	421	421	421	421	422	421	421	420	420	421	421	422	421	421	422	421	421	421	422	421	421	422	422	422	422	421	422	421	421	422	421	422	421	421	421	421	421	421	421	421	421	421	421	422	422	422	421	422	421	421	422	422	421	422	421	422	423	422	422	421	421
820	-604307	422	422	421	421	422	421	421	420	421	422	421	421	421	422	421	422	421	421	421	422	422	421	421	422	422	422	421	420	421	421	421	421	421	421	421	421	421	421	421	422	422	423	422	422	422	422	422	422	422	422	422	421	422	422	422	422	422	422	421	421	422	423	422	422	422	422	422	422	422	422	422	421	422	422	422	422	421	421	421	421	421	422	422	421	421	421	422	421	422	421	421	421	422	421	421	422	422	421	422	421	421	422	422	421	422	422	422	422	421	422	422	422	422	421	422	422	422	422	423	423	420	422	422	423	423	423	423	423
821	-603815	422	422	422	422	422	421	422	422	422	422	422	423	422	422	422	422	422	423	422	422	421	422	422	422	421	422	423	422	422	422	422	422	422	422	422	423	423	422	422	422	423	423	423	423	422	423	422	423	423	422	423	422	422	423	423	423	423	422	423	422	423	423	423	422	422	422	422	422	421	422	422	421	422	421	422	422	422	422	421	422	422	422	422	423	423	421	422	422	422	423	422	422	422	422	422	422	422	422	422	422	422	422	423	422	422	423	422	422	422	423	422	422	422	422	422	422	423	423	423	423	423	423	423	423	423	422	422	423
822	-603323	422	423	423	423	423	423	423	423	422	422	423	423	423	422	423	423	423	421	423	423	423	423	423	423	422	422	423	422	422	423	422	423	423	423	423	422	423	422	422	422	423	423	423	422	423	423	423	423	423	423	423	423	423	423	422	423	422	422	423	422	423	423	423	423	422	423	423	423	423	422	422	423	423	423	422	422	423	422	423	422	423	422	422	422	422	422	422	422	422	422	422	423	423	423	423	423	423	423	423	423	423	422	422	422	423	422	423	422	423	423	422	422	423	423	422	423	423	423	422	422	422	422	423	423	422	422	422	423
823	-602830	423	424	423	423	424	424	424	423	424	423	423	423	423	423	423	423	423	423	424	423	423	423	423	423	423	423	423	423	423	423	423	423	423	423	423	424	423	423	423	423	423	423	423	424	424	423	423	424	423	423	423	423	423	423	422	424	423	423	423	423	423	423	423	424	424	424	424	423	423	423	423	424	423	423	423	423	423	424	424	423	423	423	423	423	423	423	423	423	423	423	422	423	423	423	423	424	423	423	423	423	423	423	423	423	419	422	423	423	423	423	423	422	423	423	423	423	423	424	423	424	422	423	423	423	423	423	423	423
824	-602338	424	424	424	424	424	424	424	424	424	424	424	424	424	423	424	424	423	424	423	424	424	423	424	423	424	424	424	424	424	424	424	424	424	424	423	424	424	424	424	424	424	424	424	423	424	423	424	424	423	424	424	425	424	424	424	424	424	423	423	423	425	424	423	424	424	423	424	424	424	424	424	424	423	424	424	424	424	423	424	424	424	424	424	424	423	424	424	423	424	423	424	424	424	424	424	424	424	424	423	424	424	424	424	423	424	424	424	424	423	423	424	424	423	424	424	424	424	424	423	424	424	424	424	423	423	424	423	424
825	-601846	424	424	424	424	424	424	423	424	424	424	424	424	424	424	424	424	424	424	423	424	424	423	425	424	423	424	424	424	424	424	423	423	424	424	424	424	424	424	424	424	424	424	424	423	424	424	424	425	424	424	424	424	425	424	425	425	424	424	425	425	424	425	424	425	424	424	425	425	424	425	424	425	424	424	425	424	424	424	424	424	425	425	424	425	425	424	425	425	425	425	424	424	424	424	424	424	424	424	424	424	425	425	424	425	425	425	425	424	424	424	425	424	424	425	425	425	424	424	424	424	424	424	424	424	424	424	424	424
826	-601353	425	425	425	425	425	425	424	423	425	425	424	424	425	425	424	424	424	425	425	424	425	424	425	425	424	424	424	424	424	424	424	424	425	424	425	424	425	425	424	425	425	425	425	424	425	425	424	424	425	425	424	425	424	425	425	424	425	425	425	425	424	424	425	426	423	425	425	425	425	425	425	425	424	424	425	425	425	424	424	424	425	425	425	425	425	425	425	425	425	425	425	424	425	425	425	426	425	424	424	425	424	425	424	424	425	425	426	425	424	425	425	426	425	424	425	425	425	425	425	425	425	425	425	425	424	425	425	424
827	-600861	425	425	425	425	425	425	425	426	424	425	425	425	426	426	426	425	425	426	426	426	425	426	425	426	425	426	426	426	426	425	425	425	426	426	425	425	426	425	426	426	426	426	426	426	425	425	426	425	425	425	424	425	424	424	424	425	424	425	424	425	425	425	425	425	426	425	425	426	425	426	425	425	425	425	425	426	425	425	425	426	426	425	425	425	426	426	426	426	426	426	426	426	425	426	426	425	426	425	425	425	425	425	425	425	425	425	425	425	425	425	425	425	425	426	425	426	425	425	425	425	426	426	425	425	425	425	427	425
828	-600369	425	426	425	425	425	425	426	426	426	425	426	426	425	426	426	426	425	426	426	425	425	425	425	425	425	425	425	425	426	425	425	425	425	426	425	426	425	426	425	425	425	425	425	425	426	425	425	425	426	425	426	425	425	426	426	426	425	425	426	426	426	426	425	425	425	426	425	425	426	425	425	425	425	425	426	425	425	425	425	425	425	425	425	425	425	425	425	425	425	425	425	424	425	424	426	425	425	426	424	425	425	425	426	425	426	426	426	426	425	426	425	427	426	425	426	426	426	426	426	426	425	427	426	426	427	427	427	426
829	-599876	426	426	426	427	427	426	425	426	426	427	426	426	426	426	426	426	427	427	426	427	427	427	427	426	426	426	426	426	426	427	426	426	427	426	427	427	426	427	426	426	426	427	427	426	427	426	426	427	426	426	426	426	426	426	425	426	426	425	426	426	425	426	426	426	426	425	427	425	426	426	427	426	426	426	426	426	426	426	426	426	426	426	426	428	426	427	426	427	427	426	426	426	426	426	426	427	426	427	426	426	427	426	426	426	427	427	426	426	426	427	426	425	426	426	426	426	426	426	426	427	426	426	426	426	427	426	426	426
830	-599384	427	427	427	427	428	428	427	428	427	427	427	428	427	427	426	427	426	427	426	426	426	426	426	427	426	427	426	427	427	426	428	427	427	426	427	427	426	427	426	426	426	427	427	426	426	426	426	426	426	426	426	426	427	426	427	426	426	427	427	427	426	426	427	426	427	427	427	427	428	427	427	428	427	427	427	427	428	428	427	427	427	428	427	428	428	427	428	425	427	428	427	427	426	426	427	426	427	427	427	427	426	427	427	427	428	427	427	426	427	426	426	426	426	426	425	426	426	426	427	426	426	426	426	426	426	427	426	426
831	-598892	426	427	426	427	427	427	427	428	428	427	427	427	427	428	426	427	427	426	427	426	427	427	426	428	427	428	427	427	428	427	428	427	427	428	428	428	428	427	428	428	428	427	428	427	427	428	427	427	427	427	427	427	428	427	427	427	427	427	427	427	427	427	428	427	427	428	427	428	427	427	428	427	427	427	427	427	427	427	427	428	427	427	427	428	428	428	427	428	428	427	427	427	428	427	427	427	427	427	428	427	428	428	427	428	428	427	428	427	427	428	428	428	428	428	427	427	428	427	427	427	427	427	427	427	427	427	428	427
832	-598399	427	428	429	427	427	427	427	428	428	427	428	427	428	427	427	428	427	427	428	427	428	427	427	427	427	428	428	428	428	427	428	428	427	429	428	427	428	428	428	428	428	427	428	428	429	428	428	428	428	428	428	427	428	428	428	427	428	428	428	428	427	428	427	427	428	427	428	427	428	427	428	427	428	428	427	427	428	428	427	428	427	428	428	428	427	427	427	428	427	428	428	428	428	428	427	428	427	428	428	427	427	428	428	427	428	428	427	428	428	428	427	427	427	427	428	428	428	427	428	428	428	427	428	428	428	428	427	428
833	-597907	428	428	429	428	429	429	429	429	429	429	429	429	429	428	429	429	428	428	429	429	428	428	429	429	428	429	428	429	428	428	428	429	428	428	427	428	428	428	428	427	428	428	427	428	428	428	428	427	428	428	428	428	427	428	428	428	428	427	428	428	428	428	428	428	428	429	428	428	429	428	429	428	430	428	428	428	429	428	429	429	429	429	428	429	428	429	428	429	430	428	428	428	428	428	428	429	428	428	428	429	428	428	428	428	428	428	428	428	428	428	428	427	429	428	428	428	428	429	429	428	428	428	428	428	429	429	428	429
834	-597415	429	428	428	429	429	429	429	429	429	428	428	429	429	429	429	429	429	429	429	428	428	428	428	428	428	428	428	428	429	429	429	429	429	429	429	429	429	428	429	428	428	428	428	428	428	428	427	428	428	428	428	428	428	428	428	429	429	429	428	429	429	429	429	428	428	428	428	429	429	429	428	429	429	428	429	429	429	428	429	428	429	429	428	429	429	428	428	428	428	428	428	428	428	429	428	428	428	428	428	428	429	428	428	428	428	429	428	428	428	428	428	428	428	428	428	428	428	428	428	428	428	428	428	427	428	428	428	427
835	-596923	430	429	429	429	429	429	429	430	429	429	429	430	429	430	429	429	429	429	429	429	429	429	429	430	429	429	429	429	430	429	429	429	429	429	430	428	429	429	429	429	429	428	428	429	429	428	428	429	428	429	429	429	428	430	430	429	429	429	429	429	429	429	428	429	429	428	429	429	429	429	429	429	429	429	428	429	429	429	429	429	430	430	429	429	429	429	429	429	429	428	429	429	429	429	429	429	429	429	429	430	429	429	429	429	430	429	429	428	428	429	428	430	430	429	430	428	430	429	429	429	429	429	429	428	429	429	430	429
836	-596430	430	430	430	430	430	430	430	430	430	429	430	430	430	430	429	429	429	429	429	429	429	429	430	429	429	429	429	429	429	430	429	429	429	429	428	429	429	429	429	429	429	429	429	429	429	429	429	429	429	429	429	430	430	429	430	430	430	430	430	430	430	430	430	430	431	430	429	429	430	430	430	430	430	430	430	430	431	430	429	429	429	430	428	429	429	429	429	429	429	429	429	430	429	429	429	429	429	429	429	429	429	429	429	429	429	429	429	429	430	429	429	429	429	429	430	430	430	430	429	429	430	430	430	430	430	430	429	430
837	-595938	430	429	430	430	429	430	431	430	430	430	430	431	430	430	430	429	430	430	430	430	430	431	430	430	431	430	431	430	430	430	430	430	431	430	431	430	431	431	431	430	430	430	431	430	431	430	430	430	431	430	430	430	430	430	430	430	430	430	430	430	430	428	429	430	430	431	430	430	431	429	431	430	429	430	430	431	430	430	430	430	431	430	430	431	431	431	430	431	430	430	431	430	431	431	430	431	431	431	431	430	431	430	430	430	431	431	430	430	430	431	430	430	431	430	431	431	430	431	430	431	430	430	430	430	430	430	430	430
838	-595446	431	431	431	430	431	431	431	431	431	431	431	431	431	430	431	429	430	431	431	431	431	431	431	431	431	431	431	431	431	431	431	431	431	431	431	430	430	431	431	431	430	430	430	431	431	430	431	431	431	431	430	430	431	430	430	432	431	431	430	430	431	430	431	430	430	430	431	431	431	431	431	431	430	432	431	431	431	430	431	430	431	430	431	431	431	431	431	431	430	431	430	430	430	431	431	431	430	431	431	431	431	430	430	431	430	430	430	431	430	430	430	430	430	430	431	431	430	431	430	430	430	431	430	430	429	430	430	430
839	-594953	431	431	431	430	431	431	431	431	430	431	431	431	431	431	431	431	431	431	431	432	431	432	432	431	432	431	431	431	432	431	431	431	432	432	432	431	432	432	431	432	432	432	431	431	431	431	432	432	432	431	433	432	431	431	431	431	432	431	432	431	432	432	431	431	431	431	431	431	431	429	431	431	430	431	430	431	431	431	431	431	431	431	431	431	431	430	430	430	432	430	431	431	431	431	431	431	431	431	431	431	431	431	432	431	431	432	431	431	431	432	431	431	432	431	431	432	431	431	431	431	431	431	432	431	431	431	432	432
840	-594461	432	431	432	432	432	432	431	433	432	431	432	432	432	431	431	432	431	432	432	431	432	431	432	432	431	431	430	432	431	432	431	431	432	432	432	432	431	431	431	431	432	432	431	432	431	432	432	431	432	431	431	431	431	431	431	431	431	431	431	432	432	432	432	432	432	432	432	432	431	431	432	432	432	431	431	432	432	432	431	432	432	431	432	431	432	432	432	432	431	432	432	432	432	431	432	432	431	432	432	431	431	432	432	432	432	432	432	432	432	432	432	432	432	432	432	432	433	431	432	431	431	431	431	432	432	432	432	431
841	-593969	432	432	433	432	432	432	432	432	432	432	432	432	433	432	432	432	432	432	431	432	432	432	432	432	432	431	432	432	432	432	432	432	432	432	432	432	432	431	432	431	432	432	432	431	432	431	432	432	432	432	432	432	432	432	432	432	432	432	432	432	432	432	432	432	432	432	432	432	432	432	432	432	433	432	433	432	432	432	432	432	432	432	433	432	433	432	432	432	432	433	432	432	432	432	432	431	432	432	432	432	432	432	431	432	432	432	432	431	432	432	433	432	432	432	432	432	432	432	431	432	432	431	432	432	432	432	432	431
842	-593476	433	433	433	433	433	433	433	433	432	433	433	433	433	433	433	433	433	433	434	433	433	433	433	433	433	433	433	433	433	434	432	432	432	432	432	432	433	433	433	432	433	433	432	432	432	432	432	432	433	432	433	432	433	432	433	432	433	433	432	434	433	432	432	432	433	432	432	432	432	432	432	432	433	432	433	433	433	433	433	433	433	433	433	432	432	433	432	433	432	432	432	433	433	432	433	433	433	432	433	433	433	433	432	433	433	433	433	433	433	432	433	433	432	433	433	432	433	433	433	432	432	433	432	432	433	433	431	433
843	-592984	434	434	433	434	433	434	433	433	433	433	433	434	433	434	433	433	434	433	433	433	433	433	432	432	433	433	432	432	432	432	432	433	433	433	433	432	433	432	433	432	432	433	433	433	432	432	433	432	432	432	432	432	433	432	432	432	432	433	433	433	434	433	433	433	434	433	434	433	433	433	433	433	433	433	433	433	433	433	433	433	432	432	433	433	433	433	434	432	432	433	433	433	433	433	433	433	433	433	433	433	433	433	432	432	431	433	433	432	432	433	433	433	432	432	433	432	433	434	433	433	435	434	434	433	433	433	433	432
844	-592492	434	434	434	433	434	434	433	433	434	434	434	434	435	434	434	434	434	434	434	434	434	434	434	434	434	434	434	435	434	434	434	434	434	434	433	433	433	434	433	433	433	433	434	434	434	433	433	434	433	433	433	435	433	433	433	433	434	433	434	433	434	434	433	433	433	434	433	434	435	434	434	434	435	434	434	434	434	435	434	434	434	433	433	434	434	434	434	434	434	434	434	434	434	434	434	434	433	433	434	434	434	434	434	434	434	434	433	434	434	432	432	433	433	433	433	433	433	433	434	433	433	433	433	433	433	433	433	434
845	-591999	434	433	434	434	433	434	433	434	434	434	435	434	433	434	434	435	434	434	434	434	434	434	434	434	434	434	434	434	434	434	434	434	435	434	434	434	434	435	434	435	434	434	434	434	434	434	434	434	434	435	434	435	434	435	434	434	435	434	434	434	434	435	434	435	434	434	435	435	435	435	435	435	434	435	435	435	435	435	435	435	435	434	435	434	434	435	434	434	435	434	435	434	435	434	435	435	434	435	434	434	435	435	435	435	434	435	434	435	434	434	434	434	434	434	434	434	434	434	434	434	434	434	434	434	434	434	434	434
846	-591507	435	434	433	434	434	434	435	434	434	435	434	435	435	435	435	435	434	435	435	435	434	434	435	435	435	435	434	435	435	434	435	435	435	434	435	435	435	435	435	434	435	435	434	434	435	435	434	434	435	434	434	434	434	434	434	434	435	435	434	434	435	434	435	435	434	434	435	435	434	434	435	435	434	435	435	435	435	435	435	435	435	435	435	434	435	435	435	435	435	435	435	434	435	434	435	434	435	435	434	435	435	435	435	435	435	435	435	435	435	435	435	434	434	434	434	434	434	435	435	434	435	435	435	435	435	435	434	434
847	-591015	436	435	435	435	435	435	435	435	435	435	436	435	435	436	435	435	435	435	435	436	435	436	435	436	435	436	435	436	436	435	435	436	435	434	435	435	435	435	435	435	435	435	435	435	435	435	435	435	435	435	435	435	435	435	435	435	435	436	435	435	435	435	436	435	435	435	435	436	435	434	435	436	436	435	435	436	435	436	436	435	435	435	436	435	435	436	435	435	435	435	434	435	435	435	435	435	435	435	435	435	435	435	436	435	435	435	435	435	434	434	435	435	434	434	434	434	435	435	435	435	434	436	435	435	435	435	435	435
848	-590523	436	435	435	435	435	436	435	435	435	435	435	435	435	435	436	436	435	436	435	436	436	435	436	435	436	435	435	436	436	435	435	436	436	435	436	435	435	436	435	436	435	435	435	435	435	435	436	435	436	436	435	436	435	435	436	436	436	435	436	436	435	435	435	436	435	435	436	435	436	435	435	435	435	436	435	435	435	435	436	436	436	436	435	435	435	435	435	435	435	435	435	435	435	435	435	436	435	435	436	436	435	435	436	436	435	434	435	435	436	436	435	435	436	435	436	435	435	436	435	436	435	436	436	436	435	436	437	436
849	-590030	436	436	436	436	436	436	436	436	437	436	436	436	436	436	436	436	436	436	436	436	436	437	437	436	436	435	436	437	436	436	436	437	437	435	436	436	437	437	436	436	436	437	436	436	437	436	436	436	435	436	437	436	435	436	436	436	436	436	437	435	436	436	436	436	436	436	436	436	436	436	436	436	436	436	436	436	436	436	436	436	436	436	436	436	436	436	436	436	438	436	436	436	435	435	435	435	435	436	436	435	435	435	436	436	436	435	435	436	436	436	435	436	436	436	436	436	436	435	435	436	435	435	436	436	435	435	437	435
850	-589538	436	436	436	436	436	436	436	436	436	436	436	437	436	436	437	436	436	436	437	436	437	437	437	437	436	437	437	437	437	437	436	436	437	437	437	437	437	437	437	437	437	437	437	437	437	437	437	436	437	437	437	437	437	437	437	437	437	437	437	437	437	437	437	436	437	436	437	437	437	437	437	436	437	437	437	436	437	436	437	437	438	437	437	438	436	437	437	436	437	437	436	436	436	437	436	437	436	437	437	437	437	437	437	437	437	436	436	436	437	436	437	437	437	437	436	436	436	436	437	436	436	436	437	437	437	438	436	437
851	-589046	438	437	437	437	438	437	437	437	437	437	437	437	437	436	437	437	437	437	437	437	437	437	437	438	437	437	438	437	437	438	438	438	437	436	436	437	437	436	437	437	437	437	437	437	437	437	437	437	437	437	437	438	437	437	437	437	438	437	437	437	437	437	437	437	437	437	438	438	438	438	438	437	438	437	437	438	437	437	438	437	438	437	437	437	437	437	437	438	437	436	437	437	437	437	438	437	437	437	437	437	437	437	437	437	437	437	437	437	436	438	437	437	437	438	437	436	437	437	437	438	437	437	437	437	437	437	438	437
852	-588553	438	438	438	438	438	437	437	437	438	437	437	438	437	438	438	437	438	438	438	438	437	438	437	438	438	437	438	438	438	438	437	437	437	438	438	438	438	437	438	438	437	438	438	438	437	438	437	437	437	437	437	437	437	437	438	437	437	437	438	437	438	438	438	438	438	438	438	438	438	438	438	437	437	438	437	438	437	437	437	437	438	438	438	438	438	438	440	438	438	437	437	437	438	437	437	438	437	437	437	438	438	438	439	438	438	437	438	438	438	438	438	438	439	438	437	438	437	437	437	437	436	437	438	437	436	438	438	438
853	-588061	438	438	438	438	438	438	439	439	438	438	438	438	439	439	438	438	438	438	438	438	438	438	438	438	438	438	438	438	438	438	437	437	438	438	438	438	438	438	438	438	438	438	438	438	438	438	438	438	438	437	438	438	438	438	437	437	437	438	436	438	437	438	438	437	438	438	438	438	438	438	438	438	437	437	437	438	438	438	438	438	437	438	437	437	438	438	438	438	438	437	437	437	438	437	437	437	437	437	437	438	437	437	437	437	437	438	437	438	437	438	438	438	438	438	438	437	438	438	438	438	437	438	438	438	437	438	438	438
854	-587569	438	438	438	438	438	439	439	438	438	438	439	438	438	438	438	438	438	439	438	437	438	438	438	438	438	439	439	438	439	438	438	438	438	438	438	439	439	439	439	438	439	439	438	438	439	438	438	438	438	438	438	439	438	439	438	438	439	439	439	438	438	439	438	438	438	437	438	439	438	438	439	438	439	438	439	438	438	439	439	438	439	439	438	438	439	439	439	439	438	439	439	439	439	438	439	439	439	438	439	439	439	439	439	439	439	439	438	439	439	438	440	439	439	439	439	439	439	439	439	438	440	439	438	438	438	438	438	439
855	-587076	438	438	438	439	438	439	439	439	439	439	439	439	439	438	440	439	439	439	438	439	439	439	440	439	439	439	439	440	439	440	440	439	439	439	440	439	439	440	439	439	440	439	439	438	439	439	439	439	439	440	439	440	439	439	439	439	440	440	439	440	439	440	440	439	439	439	439	439	439	439	439	439	439	439	439	439	440	439	439	439	439	439	439	439	439	439	439	439	439	439	439	439	440	439	439	440	439	440	439	439	439	439	439	439	440	439	439	439	440	440	439	440	440	440	439	440	439	440	439	440	439	438	439	438	439	439	439	439
856	-586584	439	439	439	439	439	439	439	439	440	440	439	440	439	439	440	440	439	439	439	440	439	440	440	440	439	440	440	439	439	440	440	439	439	439	439	440	439	439	438	439	439	440	439	440	440	440	440	440	440	439	440	439	440	439	439	439	439	439	439	439	439	439	439	439	439	439	440	440	439	439	440	439	440	439	439	439	438	439	439	439	439	439	439	440	440	440	439	440	439	439	440	439	439	440	440	440	439	439	439	439	438	440	439	439	440	439	440	439	440	439	439	440	439	439	440	439	439	439	439	439	439	438	439	439	439	439	439	439
857	-586092	440	440	440	440	440	440	440	440	440	440	440	440	440	439	439	440	440	440	440	440	440	440	440	441	441	440	441	441	441	441	441	441	440	441	442	440	440	440	441	440	440	440	440	440	440	440	440	439	440	440	440	440	440	439	440	440	440	440	439	439	439	439	439	439	439	440	440	440	439	439	440	440	439	440	440	440	440	439	440	439	440	439	439	439	439	440	440	439	440	439	440	441	440	440	440	441	441	440	440	440	440	440	440	440	440	440	440	439	440	440	440	440	440	441	438	440	440	440	439	440	440	439	440	440	440	440	440	440
858	-585599	440	440	440	440	440	440	440	441	440	441	441	441	441	441	441	441	441	441	440	440	441	441	440	440	441	441	441	440	441	440	440	441	441	441	441	441	441	441	441	441	441	441	441	441	441	441	440	441	440	441	440	441	440	440	441	440	441	440	440	441	441	440	440	440	440	440	440	440	440	440	440	440	440	440	440	440	440	440	440	440	440	440	440	440	440	440	440	440	441	441	440	441	440	440	440	440	440	440	440	440	441	440	441	441	441	441	441	441	441	440	441	440	441	441	440	440	441	440	440	440	440	440	440	439	440	440	441	440
859	-585107	441	440	440	441	441	440	440	441	441	441	441	441	440	440	441	441	441	441	440	440	441	440	441	440	441	440	441	441	441	441	440	440	440	440	440	440	441	441	440	441	441	441	440	441	440	440	441	441	442	441	441	441	441	441	441	441	441	440	441	440	441	441	441	440	441	441	441	441	441	441	441	441	442	440	441	441	441	441	441	441	441	441	441	440	441	441	441	440	440	441	440	441	441	440	441	441	441	442	441	441	441	441	439	441	441	441	441	441	441	441	441	441	441	441	441	441	441	442	442	441	441	441	442	441	441	441	441	441
860	-584615	442	442	442	442	442	443	442	442	442	442	441	442	442	442	442	441	441	441	441	441	442	441	442	441	441	441	441	441	441	441	442	441	441	441	441	441	441	441	440	441	441	441	441	441	440	441	441	441	441	441	441	441	441	441	441	442	442	442	442	441	441	442	441	441	442	441	441	441	441	441	442	441	441	442	442	442	442	442	442	442	442	442	441	442	442	441	442	441	442	442	442	441	441	441	441	441	441	441	441	441	441	441	442	441	441	441	441	441	441	441	441	440	441	440	442	441	441	441	441	441	441	441	441	441	441	441	441	441
861	-584123	442	442	443	442	442	442	442	442	442	442	442	442	442	442	443	442	442	442	442	442	442	442	443	442	442	441	442	442	442	441	442	442	442	442	442	442	443	442	441	442	441	441	442	442	442	443	443	442	441	442	442	442	442	443	443	442	442	442	442	442	442	441	441	442	442	442	442	441	441	442	442	442	442	442	441	442	441	442	442	443	442	441	442	441	442	442	441	442	441	441	442	441	442	442	442	442	442	442	441	443	442	442	441	442	442	442	441	442	442	442	442	443	442	443	442	442	442	444	443	442	443	443	442	442	443	442	442	442
862	-583630	443	442	441	442	442	442	442	442	441	441	442	443	442	441	441	442	442	443	442	442	442	442	443	442	442	442	442	443	442	442	442	442	443	442	443	443	442	443	443	443	443	442	443	442	443	443	443	443	443	442	443	442	443	443	443	442	442	442	442	443	443	443	442	442	443	442	442	443	443	442	443	443	442	443	442	443	443	442	442	442	442	442	442	443	442	442	442	442	442	443	443	442	442	442	443	442	443	442	442	443	442	442	442	441	443	442	442	443	442	443	443	443	443	442	443	443	442	442	442	443	442	443	443	441	442	442	442	442
863	-583138	442	443	442	443	443	443	443	442	444	443	443	443	442	443	442	443	443	443	443	443	443	443	443	443	443	443	443	444	443	443	443	443	443	443	443	443	443	443	443	443	443	442	443	442	442	443	443	443	443	443	443	443	444	443	444	444	443	443	443	443	443	443	443	443	443	443	442	442	443	443	443	443	443	443	444	444	443	443	443	443	444	443	443	443	443	443	443	443	443	442	442	443	443	443	443	443	443	443	443	443	443	444	443	442	443	442	443	443	442	443	442	442	443	442	443	442	442	442	442	443	442	443	442	442	442	443	443	443
864	-582646	444	443	444	443	444	444	442	444	444	443	444	444	444	444	444	443	444	443	444	444	443	443	444	443	443	444	443	444	443	443	443	443	444	443	443	443	443	444	443	444	443	444	444	444	444	444	444	444	443	444	443	443	443	442	443	443	443	444	443	443	443	443	443	443	443	443	443	443	442	443	443	443	443	444	443	443	443	443	444	443	443	443	443	443	443	443	443	443	444	444	444	444	444	444	443	444	444	443	443	443	443	444	444	444	443	444	444	444	444	444	444	443	443	444	444	444	444	443	444	443	444	444	444	443	444	444	443	444
865	-582153	443	444	443	444	443	443	444	443	444	444	443	443	443	443	444	444	444	444	444	444	444	444	444	445	445	445	444	444	444	444	444	444	444	444	444	444	444	443	444	444	444	443	444	444	443	444	444	444	444	444	445	444	444	444	443	444	444	444	444	444	444	443	444	444	444	445	443	444	444	444	444	444	444	444	444	444	444	444	444	444	444	444	445	444	444	444	443	443	443	444	444	445	444	444	444	444	444	444	444	444	444	442	444	444	444	444	444	444	444	444	444	444	444	444	444	444	444	444	444	444	443	444	444	444	444	444	444	444
866	-581661	444	444	444	444	444	444	443	444	444	445	444	445	444	444	443	443	444	444	444	444	444	444	445	444	444	444	444	444	444	444	444	445	443	444	444	444	444	444	444	444	444	444	444	444	444	444	445	444	445	445	445	444	444	445	444	445	445	444	445	445	445	445	445	445	445	444	445	445	445	445	445	445	445	445	446	445	445	445	445	445	445	445	444	444	444	444	445	444	444	445	444	444	444	445	444	445	444	445	444	445	444	444	444	444	444	444	444	444	444	445	444	444	443	443	444	444	445	444	444	444	444	444	444	444	444	444	444	444
867	-581169	447	445	444	445	445	445	446	444	445	445	445	445	445	445	445	445	445	445	445	444	445	446	445	445	445	445	445	445	445	444	445	445	444	445	445	445	445	445	445	445	445	445	445	445	445	445	444	445	445	445	446	445	445	445	445	446	445	446	445	445	445	445	445	445	445	445	445	445	445	445	446	445	446	444	445	445	444	444	444	445	444	445	444	444	444	444	445	445	444	445	445	444	444	446	445	444	445	445	446	445	445	445	445	445	445	445	445	444	445	445	445	445	444	445	447	446	446	445	445	445	445	445	444	446	445	445	446	444
868	-580676	446	446	445	446	445	445	446	444	446	445	445	446	445	446	445	445	446	445	445	446	445	445	446	445	446	445	446	445	445	445	444	445	446	445	446	445	445	446	446	446	445	446	445	446	446	447	446	445	445	445	445	446	445	445	445	445	445	445	446	445	445	445	445	445	444	446	446	445	446	445	446	446	445	446	445	446	446	445	445	445	446	446	445	446	445	446	446	446	445	445	446	446	445	445	445	445	445	446	444	445	444	445	445	445	445	445	444	445	444	446	445	446	446	445	445	444	446	445	445	445	445	446	445	445	445	444	445	445
869	-580184	446	446	446	445	445	445	446	446	445	445	445	445	446	445	446	445	446	446	446	447	446	446	446	446	446	446	446	446	445	446	444	446	447	446	447	446	447	446	447	446	446	446	446	446	446	446	447	446	446	446	445	447	445	446	445	446	445	446	446	445	446	445	445	446	446	445	445	445	446	445	446	445	445	446	445	446	446	446	446	445	446	446	446	446	446	446	445	446	445	446	446	446	446	446	446	447	446	446	446	447	446	446	446	446	447	447	446	446	447	446	447	446	447	445	446	446	446	446	446	446	446	445	447	446	447	447	446	446
870	-579692	446	447	447	447	447	446	447	447	447	447	446	447	446	446	447	447	447	446	447	447	446	447	448	447	446	447	446	447	447	447	446	446	446	446	447	446	446	447	446	446	447	446	446	447	446	447	446	447	447	446	447	445	447	447	446	446	446	446	446	446	447	446	446	446	447	446	447	447	446	447	446	446	446	447	447	446	446	446	447	447	447	447	446	447	446	447	447	447	446	447	447	447	446	447	446	446	446	446	446	446	446	446	446	446	446	446	447	446	446	446	446	447	446	446	446	447	446	447	447	446	446	446	447	446	446	447	446	446
871	-579199	447	447	447	447	447	447	447	446	447	447	447	447	447	447	447	447	447	446	447	447	447	447	447	447	446	447	447	447	447	447	447	447	447	447	447	447	447	448	447	447	448	448	447	447	448	447	447	448	448	448	446	447	447	448	447	448	447	447	447	448	447	448	448	447	447	447	448	447	448	447	448	447	447	447	447	448	448	447	447	446	447	447	447	447	446	448	447	447	447	447	448	447	448	447	446	448	446	447	447	446	447	446	447	446	446	447	446	447	446	447	446	447	446	447	447	447	447	447	447	447	447	447	447	446	447	446	447	446
872	-578707	447	448	447	448	448	447	448	448	448	448	448	448	448	448	448	448	448	447	448	447	448	448	448	448	448	448	448	448	448	447	448	447	448	448	448	448	447	447	448	447	448	447	447	447	448	447	446	447	447	447	448	447	448	447	447	447	447	447	447	448	448	447	447	447	448	447	447	447	447	448	447	448	447	447	448	447	447	448	447	447	447	447	447	447	447	448	448	448	447	448	448	448	447	447	447	447	447	446	447	447	446	447	447	447	447	447	447	446	446	446	447	447	447	448	447	446	447	447	447	447	447	447	447	447	448	447	447	448
873	-578215	448	448	448	448	448	448	448	448	448	448	448	448	448	448	448	448	448	448	447	449	448	448	449	448	448	448	448	448	448	448	448	448	448	449	448	449	447	448	448	448	448	448	448	448	447	448	448	448	448	447	447	447	446	447	447	446	447	447	447	447	447	448	448	447	447	447	449	448	448	448	448	447	448	447	448	447	448	448	447	448	448	449	448	448	448	448	448	449	448	448	449	448	448	448	449	448	448	449	449	449	448	448	448	448	448	448	448	448	447	446	448	449	448	448	448	448	448	447	448	448	448	448	448	448	448	448	447	448
874	-577723	448	448	448	448	448	448	448	448	447	448	448	448	448	448	448	448	448	448	448	448	448	448	448	448	448	448	447	447	447	448	448	448	447	448	448	448	448	448	448	448	448	448	448	449	449	449	449	448	448	448	449	449	449	449	448	449	449	449	449	448	448	448	448	448	448	448	448	448	448	448	449	449	448	449	448	448	448	448	448	448	448	448	448	448	448	448	448	448	448	448	448	448	448	448	449	448	448	448	448	448	448	448	448	449	448	448	448	448	449	449	448	448	448	449	448	450	449	449	449	449	450	449	449	449	448	449	448	449
875	-577230	449	449	449	449	449	449	449	449	449	449	449	448	448	448	449	449	448	450	448	449	450	449	450	449	450	449	449	450	449	449	449	449	450	449	449	450	449	449	449	449	448	449	449	449	449	448	449	449	448	449	449	449	449	449	449	448	448	448	449	448	448	448	448	448	448	448	449	448	448	449	448	449	448	448	448	449	449	448	449	450	449	448	449	448	448	449	448	448	449	449	449	448	449	449	449	449	449	449	449	449	449	449	450	448	449	449	449	449	448	449	449	449	448	449	448	449	448	448	448	448	448	448	449	449	449	449	448	448
876	-576738	449	450	449	449	450	449	450	449	449	450	449	449	450	449	449	449	449	449	448	449	449	449	449	448	449	450	449	450	449	449	449	449	449	450	450	449	449	450	449	450	450	449	449	449	450	449	450	450	449	449	450	450	450	450	450	449	449	450	449	450	450	450	449	449	450	450	449	449	450	449	449	449	448	449	449	449	450	449	450	450	449	449	449	449	449	450	449	449	449	449	449	449	449	449	449	449	449	449	450	449	450	449	450	449	450	449	449	450	449	449	449	449	449	448	448	449	449	449	449	449	449	450	449	449	449	449	450	450
877	-576246	450	449	450	450	450	449	449	450	450	450	450	449	450	450	451	450	450	450	449	450	450	449	449	449	449	450	449	450	450	449	450	449	450	450	450	450	450	449	449	450	449	450	449	449	450	449	450	449	449	449	449	450	449	450	450	450	450	450	450	450	451	450	450	451	450	450	450	450	449	450	449	450	450	450	449	450	450	450	450	450	450	450	450	450	450	450	450	449	450	450	450	450	450	450	450	450	450	450	450	450	450	449	450	450	450	450	449	450	449	449	449	449	449	449	449	449	450	449	449	449	450	450	450	450	450	449	449	449
878	-575753	450	451	450	450	452	451	451	450	450	451	451	451	450	450	451	451	451	450	451	450	451	450	450	449	450	450	450	450	450	450	450	450	450	450	450	451	450	450	450	450	451	451	450	448	450	451	450	450	450	449	450	450	450	450	450	451	451	451	450	452	451	453	450	450	451	451	451	450	450	451	451	450	451	451	451	451	450	451	450	451	449	450	451	450	450	450	450	451	450	451	450	450	450	450	450	450	450	450	450	451	450	450	451	450	450	450	451	450	450	451	450	450	450	450	451	450	451	451	451	451	451	451	450	450	451	450	451	450
879	-575261	450	450	452	450	451	451	450	451	451	451	451	451	451	450	451	451	451	451	451	451	451	451	451	451	451	450	451	451	452	452	451	451	451	451	452	452	451	450	451	451	452	451	450	452	451	451	451	451	451	451	451	451	451	451	451	451	450	451	451	451	451	451	450	451	450	450	450	451	450	451	450	450	450	451	450	451	450	450	450	451	450	450	450	450	451	451	451	450	451	451	451	451	451	451	450	451	451	451	451	450	450	450	451	451	451	452	451	451	450	450	451	450	451	451	450	451	450	451	451	450	451	450	451	450	450	450	450	450
880	-574769	452	451	452	452	452	451	452	452	452	452	452	451	452	452	452	452	451	451	451	452	451	451	451	451	451	452	451	451	451	452	451	451	451	451	451	451	451	451	451	451	451	451	451	451	451	451	451	451	451	451	451	450	451	451	452	452	451	451	450	451	451	452	451	451	452	451	452	451	452	452	452	452	451	452	451	451	451	451	451	451	452	451	451	452	451	452	451	452	452	452	452	452	451	452	451	451	451	451	452	451	452	452	452	452	452	452	452	452	452	452	451	451	451	452	452	451	451	451	451	451	452	451	452	451	451	451	451	451
881	-574276	452	452	452	452	452	451	452	452	452	452	452	452	452	453	453	452	453	452	452	452	452	453	452	452	453	452	453	453	453	451	451	452	452	452	454	451	452	452	452	452	452	452	452	452	452	452	452	452	452	452	451	451	451	450	451	451	451	451	451	451	452	452	452	452	451	452	452	452	452	452	451	452	453	452	452	452	452	452	452	452	452	451	452	452	452	452	452	452	451	451	452	451	451	451	452	452	452	452	452	451	452	453	452	452	453	452	452	452	452	452	452	452	452	451	452	452	452	451	451	452	452	452	452	451	451	452	452	452
882	-573784	452	453	452	452	452	452	454	453	452	452	452	452	452	452	452	453	453	452	452	452	453	453	453	453	452	452	452	452	453	452	452	452	452	452	452	452	451	452	453	452	453	452	452	453	451	452	453	453	453	452	452	452	453	453	452	452	452	452	452	452	452	453	453	453	452	452	452	452	451	452	452	452	452	452	452	452	453	452	452	453	452	453	453	452	452	452	452	452	453	452	452	452	452	452	452	452	452	452	453	453	451	451	453	453	453	452	453	452	452	452	452	452	452	452	452	452	453	452	452	452	452	453	452	453	452	453	452	452
883	-573292	452	453	453	453	453	453	453	453	452	452	452	452	453	453	453	453	453	453	453	453	453	453	453	453	454	453	453	454	453	454	454	453	453	454	453	453	454	453	453	453	453	453	453	454	454	453	453	453	454	453	453	454	452	453	452	453	453	453	453	452	453	453	453	453	453	453	454	452	453	452	453	453	452	453	453	453	454	453	453	452	453	453	453	453	453	453	453	452	453	453	453	453	453	453	453	453	452	452	452	453	453	453	454	453	453	454	454	453	453	453	453	453	453	453	453	453	453	452	451	453	452	453	453	451	452	453	452	452
884	-572799	454	454	453	454	453	453	453	453	453	453	453	453	453	453	453	453	453	453	453	453	453	453	452	453	453	453	452	453	453	453	453	453	453	453	453	453	453	454	453	453	453	453	453	453	453	453	454	453	453	452	453	453	453	453	453	453	453	453	453	454	454	454	454	454	454	453	454	454	454	454	454	454	453	454	454	453	454	455	454	454	453	454	454	454	454	453	454	454	453	453	454	454	453	453	453	453	454	453	453	453	453	453	453	453	453	454	453	453	453	453	453	453	452	453	452	453	453	453	453	453	453	454	454	453	452	453	454	454
885	-572307	454	454	454	454	453	454	454	455	454	454	453	454	454	454	454	454	454	454	454	454	454	454	453	454	454	453	453	454	453	454	454	453	455	454	454	454	453	454	454	454	454	453	453	453	453	453	453	453	454	453	453	453	454	453	453	453	453	453	453	454	454	453	453	454	454	453	454	451	454	454	454	454	454	454	455	454	455	455	455	454	454	455	454	454	454	454	454	455	454	454	454	454	454	454	454	454	454	454	454	454	454	454	454	453	454	455	454	454	454	454	454	454	453	453	454	454	454	453	453	453	454	453	454	453	453	453	454	453
886	-571815	454	454	454	455	454	454	455	455	455	455	454	454	454	454	454	455	455	455	454	455	454	454	455	455	455	454	454	455	454	455	455	455	455	455	455	454	455	455	455	455	454	455	454	455	455	454	454	454	455	455	454	456	454	454	455	454	455	454	455	454	455	454	454	455	454	455	455	454	455	454	454	454	456	455	454	455	455	454	455	455	454	454	455	454	455	455	454	454	454	454	454	454	454	454	454	454	454	454	454	454	454	454	454	454	454	454	454	454	455	454	452	454	454	454	453	454	454	454	454	454	454	454	454	453	454	454	454	454
887	-571323	455	455	455	455	454	455	455	454	454	454	454	454	454	455	454	455	455	454	454	454	454	455	455	454	454	454	455	454	454	454	454	455	455	455	455	454	455	455	454	455	455	455	455	455	456	455	456	456	455	455	455	456	455	455	455	455	456	455	455	456	455	455	456	455	455	455	455	455	456	456	455	456	455	455	455	455	456	455	455	454	455	455	454	455	454	455	454	454	455	453	455	455	455	455	455	456	455	455	455	455	454	455	455	455	455	455	455	455	455	455	455	454	454	455	455	455	455	455	456	455	455	455	455	455	455	455	455	455
888	-570830	456	455	456	455	455	455	455	456	456	455	455	455	456	455	455	455	456	455	455	455	455	455	456	455	455	455	455	454	455	455	455	455	455	455	455	455	455	455	455	455	455	455	455	455	455	455	455	455	455	455	455	454	455	455	455	455	455	455	455	455	455	455	456	455	455	455	455	456	455	455	456	456	456	456	455	455	455	455	455	455	455	455	455	455	455	455	455	455	455	456	455	456	456	456	456	456	455	455	455	455	455	455	455	455	455	455	455	455	455	455	455	455	455	455	455	455	455	455	455	455	456	455	455	455	456	456	455	455
889	-570338	455	456	456	456	456	456	456	455	456	455	457	456	456	456	456	456	455	456	456	456	456	456	455	456	455	455	455	456	456	455	456	456	456	456	456	456	456	456	456	456	456	456	456	456	456	456	456	456	456	456	456	455	456	456	455	456	456	456	456	456	456	456	456	456	456	455	456	455	455	455	456	455	455	456	455	455	456	455	455	455	455	456	455	455	455	455	455	455	455	455	455	455	456	456	455	455	455	455	455	456	455	456	456	456	456	456	455	456	456	456	456	455	456	456	456	456	456	456	456	456	456	456	456	456	456	456	455	456
890	-569846	456	456	457	456	456	456	456	457	456	457	457	457	457	457	457	456	456	456	456	456	456	456	456	457	456	456	457	457	457	456	457	456	457	456	457	457	457	456	456	456	456	457	456	455	456	456	456	456	456	456	456	456	458	457	457	456	457	456	456	456	456	457	456	455	456	456	457	456	456	456	456	456	456	456	456	456	456	456	456	456	456	456	456	456	456	457	456	456	455	456	456	456	456	456	456	456	456	456	456	455	456	456	456	455	456	456	456	456	456	456	456	456	457	456	456	456	456	457	456	456	456	456	456	456	456	456	457	456
891	-569353	456	456	456	457	457	456	456	456	457	457	457	456	456	457	456	456	456	456	456	457	457	456	457	456	456	457	457	456	457	457	456	456	457	456	456	456	456	457	457	457	457	457	456	456	456	456	456	457	456	457	457	456	457	457	456	457	457	457	457	457	457	457	457	457	457	457	457	457	458	457	457	457	457	457	456	457	456	456	456	457	457	457	456	457	457	457	457	457	457	457	456	457	457	456	457	456	457	456	456	457	456	456	457	456	457	456	456	457	456	457	457	457	457	457	457	456	457	456	457	456	457	457	456	456	456	457	457	456
892	-568861	457	457	457	457	457	458	457	456	456	457	457	457	456	457	457	458	457	457	457	457	457	457	457	457	457	457	457	457	457	457	457	457	457	456	457	457	457	457	456	457	457	457	457	456	457	457	457	457	456	457	457	457	458	456	458	457	457	457	457	457	457	457	458	457	457	457	457	457	457	457	457	456	457	457	458	457	458	457	458	457	457	457	457	457	457	457	458	457	457	458	457	457	457	457	457	457	457	457	457	457	457	457	457	457	458	457	457	457	458	457	457	456	457	457	458	457	457	457	457	457	457	457	457	457	457	457	457	457
893	-568369	457	457	458	456	458	458	457	458	457	458	457	457	458	457	458	458	458	457	457	458	457	457	457	458	457	457	458	458	458	458	458	458	458	458	458	459	458	457	457	458	459	458	458	458	458	458	458	458	458	458	459	458	459	458	458	458	459	458	459	458	458	458	457	458	458	458	458	458	458	458	457	458	457	458	458	457	457	457	457	457	457	458	456	457	457	457	457	457	457	457	457	457	458	458	457	457	456	457	457	457	457	457	457	458	457	458	457	458	458	458	459	458	459	458	458	458	458	459	457	458	458	458	458	459	458	458	458	458
894	-567876	459	459	458	458	458	459	458	458	458	458	458	457	459	458	458	458	457	458	458	458	458	457	458	457	457	457	458	458	458	458	457	458	457	458	458	457	458	457	457	458	457	458	458	458	458	458	458	458	459	458	458	460	459	459	458	458	459	458	459	459	458	459	458	459	459	459	458	458	458	459	458	460	459	458	458	458	459	459	459	458	458	459	458	458	458	458	458	459	458	458	459	459	459	458	459	458	458	458	458	458	458	458	458	458	458	459	458	457	460	457	459	458	457	458	457	458	458	458	457	457	458	458	457	459	457	458	459	458
895	-567384	459	458	459	459	459	459	459	459	459	458	458	458	459	458	458	458	459	459	458	458	458	458	459	459	459	459	459	459	459	459	459	459	459	458	459	457	459	459	459	459	459	459	459	459	460	459	459	459	460	460	459	459	459	459	460	459	459	459	459	460	459	459	458	459	459	459	459	458	458	460	460	459	459	460	459	459	459	459	458	458	459	459	459	458	458	459	459	458	458	459	459	458	456	458	459	459	458	459	459	458	459	459	459	459	458	459	459	459	459	458	459	460	459	459	458	459	459	459	459	459	459	459	459	459	459	459	459	459
896	-566892	460	459	459	459	459	459	459	459	458	459	458	459	459	459	459	458	458	459	459	459	459	460	459	459	459	459	460	459	459	460	459	460	459	459	459	459	460	459	459	459	459	459	459	460	459	459	459	459	459	459	460	459	459	459	460	459	459	459	459	458	459	459	460	459	459	459	459	459	459	459	459	458	459	458	458	459	460	459	459	459	459	458	459	459	459	459	459	459	459	459	459	459	459	459	460	459	459	460	459	460	460	460	460	459	460	459	460	459	459	459	460	461	460	459	459	459	460	460	460	460	459	459	460	459	459	457	459	459
897	-566399	461	460	460	461	460	460	460	460	461	460	460	460	460	460	460	460	460	459	460	460	461	461	460	460	460	460	460	460	461	460	460	460	460	460	459	460	460	460	460	460	460	460	460	460	461	460	460	460	460	460	460	460	460	459	460	459	460	460	460	460	460	460	459	459	460	460	460	459	460	460	460	460	460	460	459	460	460	460	460	460	460	459	460	460	460	461	460	460	460	460	460	460	460	460	460	459	460	460	460	460	460	460	460	460	460	459	460	460	460	460	460	460	459	460	460	459	460	460	460	460	459	459	459	460	460	459	460	460
898	-565907	460	458	460	460	460	460	460	460	460	460	460	460	460	459	460	459	460	460	460	459	460	460	460	460	460	460	460	460	461	460	460	460	460	460	460	460	461	460	461	459	460	460	461	461	460	461	460	461	461	460	461	460	462	461	462	462	461	462	462	461	462	461	461	461	461	460	460	460	461	460	460	460	460	460	460	460	460	460	460	461	460	460	460	460	460	460	460	460	460	460	459	460	460	460	459	459	459	460	460	460	460	460	459	460	460	460	460	460	460	460	460	460	460	460	460	460	460	459	460	460	460	460	460	461	460	460	460	461
899	-565415	461	461	460	460	460	460	460	460	463	460	461	461	460	461	460	460	461	460	462	461	461	461	461	461	461	461	461	461	461	460	461	461	461	461	460	461	461	461	461	460	461	460	460	461	461	461	459	461	461	461	461	461	461	461	460	461	460	460	460	460	460	460	460	461	460	462	460	460	461	460	461	460	461	461	461	461	461	461	461	461	461	461	461	461	460	460	460	460	460	460	461	461	460	460	461	460	461	460	460	460	460	461	460	461	460	460	461	460	460	460	460	460	461	460	461	461	460	460	460	460	460	460	460	460	460	460	460	460
900	-564923	461	461	461	461	461	461	461	461	461	462	461	461	461	461	461	461	461	461	461	461	461	461	461	461	461	462	463	461	459	460	461	462	461	462	462	461	461	461	462	461	461	461	461	462	462	461	462	461	462	461	462	462	462	463	462	461	461	461	461	461	461	461	461	461	461	461	461	462	462	462	461	461	460	461	461	462	460	460	460	460	461	460	460	460	460	459	460	460	461	460	462	461	461	461	461	461	460	461	460	461	461	460	461	459	460	461	461	461	461	461	462	462	462	461	462	461	461	461	461	462	461	461	461	460	462	461	461	462
901	-564430	462	463	462	462	461	462	462	462	462	461	462	461	461	462	461	461	461	462	462	462	462	462	462	461	462	463	462	463	462	462	462	462	462	463	462	462	462	462	462	463	462	462	462	462	462	462	462	463	461	462	462	462	463	462	463	462	462	462	462	462	462	462	462	461	462	462	461	462	462	461	461	462	461	460	461	462	462	461	461	461	461	462	462	461	461	461	461	461	461	461	462	461	461	462	462	462	462	462	462	461	462	462	461	462	461	462	461	461	462	461	462	462	462	462	463	462	462	462	462	462	463	462	463	462	462	462	462	462
902	-563938	462	463	463	463	463	462	463	462	462	463	462	463	463	463	463	463	463	462	463	462	463	462	462	462	462	462	462	462	461	462	462	462	462	462	462	462	463	461	462	462	462	462	462	462	462	462	462	462	462	462	462	461	462	462	462	462	462	462	462	462	462	463	463	463	463	463	464	463	463	463	463	463	463	463	463	463	462	463	463	462	462	462	462	462	462	462	462	462	463	462	462	462	462	463	462	462	462	462	462	462	462	461	461	462	461	462	462	462	462	462	462	461	462	462	462	461	462	462	462	462	462	462	461	462	462	462	462	461
903	-563446	463	463	462	464	462	463	463	462	462	463	463	462	462	462	463	462	463	462	462	463	463	463	463	463	463	462	463	463	463	463	463	462	463	462	463	463	462	463	463	463	462	463	463	463	463	463	463	463	463	463	463	462	463	463	463	463	462	463	463	462	463	463	462	463	462	462	463	463	463	463	462	463	463	463	463	462	462	463	464	463	462	462	462	462	462	462	463	462	462	462	462	463	462	462	463	462	463	462	462	463	462	463	462	462	462	462	462	462	462	462	462	462	462	463	462	462	461	462	462	463	463	462	462	462	462	463	462	463
904	-562953	463	462	463	463	463	463	463	463	463	463	462	463	462	462	462	462	462	462	463	463	462	463	462	462	462	462	463	463	463	463	463	462	463	463	462	463	463	463	462	463	463	463	463	463	462	463	464	463	464	463	464	463	463	464	463	463	463	463	463	463	464	463	464	463	463	463	463	463	463	463	463	463	463	463	464	463	463	463	463	463	464	463	462	463	463	463	463	463	463	463	464	463	463	463	463	464	463	464	463	464	463	463	463	462	463	464	463	464	463	463	463	463	463	463	463	464	462	463	463	463	464	464	464	463	463	463	463	463
905	-562461	464	464	463	463	463	463	464	464	464	463	464	464	464	464	464	464	464	464	464	464	464	464	464	464	463	463	463	464	464	464	463	463	463	464	464	464	464	464	464	464	464	464	464	464	464	463	464	464	463	464	463	464	463	464	464	463	463	463	464	464	464	463	464	464	464	464	464	464	464	464	464	463	464	464	464	464	463	464	464	463	464	463	464	464	463	464	464	465	464	464	463	463	463	463	463	463	464	463	463	464	462	464	463	463	463	463	463	464	464	463	463	463	463	463	463	464	464	463	463	464	463	464	463	463	463	463	464	464
906	-561969	465	464	464	464	465	464	465	464	464	464	464	464	463	464	464	464	465	464	464	463	464	464	464	464	465	464	464	464	464	463	464	464	464	464	465	464	464	464	464	464	464	464	464	464	465	464	465	465	465	464	464	464	464	465	464	464	464	465	465	464	464	464	465	465	464	465	464	465	464	464	464	465	464	465	464	464	463	465	465	465	465	465	464	464	464	464	464	464	464	464	464	464	464	464	464	464	465	464	465	464	464	464	464	463	464	464	463	464	464	464	464	464	465	464	465	464	464	464	464	464	465	464	466	464	465	465	465	465
907	-561476	464	465	465	465	465	464	465	464	465	465	465	465	464	465	464	465	464	465	464	464	464	465	464	464	465	465	465	464	464	464	465	465	465	465	465	465	465	465	465	465	464	464	465	465	464	465	464	465	464	465	465	465	465	465	465	464	464	464	465	465	465	464	465	464	465	465	465	465	465	465	465	464	464	466	464	465	465	464	465	464	465	465	464	465	464	465	465	465	465	465	465	465	464	464	464	464	464	464	464	464	464	465	464	465	465	465	464	465	464	465	465	465	465	464	465	466	465	466	465	465	465	465	465	465	465	465	466	465
908	-560984	465	465	465	465	466	465	465	465	465	465	465	467	466	465	465	466	466	465	465	466	466	466	465	466	465	465	465	465	465	465	465	465	465	464	465	464	465	464	465	464	465	465	465	465	465	465	465	465	465	465	464	465	465	465	465	465	465	465	465	465	465	465	465	465	465	465	465	464	465	465	465	465	465	465	465	465	465	465	465	465	465	465	465	465	464	465	465	464	465	465	465	465	465	465	464	465	464	465	465	464	465	464	465	465	465	465	465	465	465	465	465	465	465	465	465	465	465	466	465	466	465	465	466	464	466	466	465	465
909	-560492	466	465	465	465	466	465	466	465	465	465	466	465	466	465	466	465	465	465	465	466	466	466	465	465	466	466	466	465	466	466	465	466	466	464	466	465	466	466	466	465	466	465	466	466	466	465	466	465	466	466	466	466	466	466	466	466	466	465	466	466	466	466	466	466	466	466	466	466	467	466	466	467	466	466	466	466	466	467	466	465	466	466	466	466	466	465	465	466	465	466	464	465	466	465	466	465	465	466	466	466	465	465	465	465	465	465	466	465	465	465	465	465	465	466	465	465	465	465	466	465	465	466	465	466	465	465	466	465
910	-559999	466	466	466	467	467	466	466	467	467	467	467	468	467	466	467	466	466	466	466	466	466	467	466	467	466	466	466	467	466	466	466	465	466	465	466	466	466	466	465	466	466	465	465	466	466	466	466	466	466	466	465	465	466	467	466	467	466	466	466	466	466	466	466	466	466	465	466	465	467	466	466	466	465	467	466	465	466	465	467	466	466	466	466	466	466	466	466	466	466	466	467	466	466	466	466	466	466	466	467	466	466	466	466	466	466	466	466	466	465	466	465	465	466	466	466	466	465	466	466	466	466	465	466	466	466	466	466	466
911	-559507	467	466	467	467	466	466	467	466	467	466	467	467	467	467	466	466	467	466	466	466	466	467	466	466	466	466	467	467	467	467	467	468	467	467	467	467	467	467	467	466	467	466	466	466	466	466	466	467	466	466	467	467	466	467	467	466	467	467	467	467	467	467	467	466	466	466	467	466	466	467	467	466	466	467	467	467	467	466	467	466	467	467	467	467	466	467	466	467	466	466	466	466	466	467	466	467	466	466	466	466	467	465	467	466	467	466	466	467	466	467	466	466	467	467	467	467	466	467	467	468	467	467	467	466	467	466	467	466
912	-559015	467	468	467	467	467	467	467	467	467	467	467	467	467	467	468	467	467	467	467	468	467	467	467	467	467	467	467	467	467	467	467	468	468	467	467	468	467	468	468	467	467	468	467	468	468	468	468	468	467	467	467	468	467	467	467	467	467	467	468	467	467	467	467	467	467	467	467	466	467	467	467	467	467	467	467	467	468	468	467	467	468	468	467	467	467	467	467	466	467	467	467	467	467	467	467	467	468	466	467	467	467	468	468	467	467	467	467	467	467	466	467	466	466	467	468	467	467	467	466	467	468	467	467	467	466	467	466	467
913	-558523	468	468	468	468	468	468	467	468	467	468	467	467	469	467	469	467	468	468	467	468	467	468	467	467	468	467	467	468	468	468	467	468	468	467	467	467	468	468	468	467	468	468	468	468	467	467	467	467	466	467	468	468	467	467	467	468	468	468	468	467	468	468	468	468	468	468	467	468	467	467	468	467	468	468	468	468	468	468	468	468	468	468	468	468	468	468	467	468	468	468	468	468	468	467	467	467	467	467	467	467	467	468	467	467	467	467	467	468	467	467	467	467	467	467	467	467	467	467	467	467	468	468	467	467	467	467	467	468
914	-558030	469	469	469	468	469	468	469	469	469	468	468	468	468	468	469	469	467	468	468	468	469	468	469	468	469	469	469	468	468	469	468	469	468	468	468	468	468	468	468	467	467	467	467	468	468	468	468	468	467	468	468	468	468	468	468	468	468	468	468	468	467	469	468	468	468	467	468	468	468	468	469	468	468	468	468	469	468	469	468	469	469	468	469	468	469	468	468	468	467	468	468	468	468	468	468	468	469	468	468	467	469	468	468	468	468	468	468	468	468	468	468	468	467	469	468	468	468	468	469	468	469	469	468	469	468	469	469	468
915	-557538	469	469	469	469	469	469	469	469	469	469	469	469	469	469	469	469	469	469	470	469	469	469	469	468	469	469	468	468	469	468	468	468	469	468	467	468	468	469	468	469	468	468	469	468	468	468	469	468	468	468	468	469	468	469	469	468	468	468	469	469	469	469	469	469	469	469	469	468	469	469	469	469	469	469	469	469	468	469	469	469	469	469	469	468	468	468	469	469	468	469	468	468	469	468	468	468	468	468	468	469	468	469	469	468	468	468	468	468	468	468	468	468	468	468	469	468	466	468	468	468	469	470	468	468	468	469	469	468
916	-557046	469	470	470	469	469	469	469	469	469	468	469	469	469	471	469	469	469	470	469	469	469	468	469	468	469	468	468	469	469	468	468	468	468	469	469	469	468	469	469	468	469	470	469	469	470	469	470	470	469	470	468	470	470	469	469	469	470	470	469	470	469	470	469	470	470	470	470	469	470	470	469	469	470	470	470	469	470	469	469	469	469	469	469	468	469	469	468	468	468	469	468	469	469	468	469	468	468	469	469	468	468	469	469	469	469	468	469	469	470	468	469	468	469	469	469	468	469	470	470	468	469	470	469	470	469	470	470	470
917	-556553	469	470	470	470	470	469	469	470	469	469	469	469	469	469	470	469	469	469	470	469	470	469	470	470	470	470	470	471	470	470	470	470	471	470	470	470	469	470	470	470	470	470	470	469	469	470	470	470	470	470	470	471	470	470	470	470	470	471	470	470	469	470	469	469	469	469	469	470	470	469	469	470	469	470	469	469	470	470	469	470	470	469	469	469	470	470	469	469	469	469	470	470	469	469	469	470	470	470	470	470	470	470	470	470	471	470	470	471	470	471	470	469	470	469	470	470	470	470	469	470	470	470	470	470	469	470	470	470
918	-556061	470	470	470	471	470	470	470	470	470	470	470	470	470	470	470	470	470	471	470	470	471	470	469	470	470	470	470	470	470	470	470	470	470	470	470	471	470	470	470	470	470	470	470	470	470	470	470	470	471	471	472	470	471	471	471	471	471	471	470	470	472	470	471	470	470	471	470	470	470	470	470	470	470	469	470	470	470	470	469	468	469	470	470	469	470	469	470	469	469	471	470	470	470	470	471	470	470	470	470	471	470	470	470	470	471	470	470	470	470	470	470	470	470	470	471	470	470	469	470	470	470	470	470	470	471	471	471	470
919	-555569	470	470	470	470	470	470	470	470	469	470	471	470	470	470	471	470	471	471	470	470	471	471	470	470	471	470	470	470	470	471	471	470	471	471	470	471	471	471	471	471	471	471	470	471	471	471	471	470	471	469	471	471	471	471	471	471	470	471	471	470	470	470	470	471	471	471	471	471	471	470	470	470	470	470	470	470	469	470	470	471	470	470	470	471	470	470	470	473	470	471	470	470	471	471	470	470	470	470	471	470	470	471	470	470	471	471	469	471	471	472	471	472	471	471	471	471	471	471	471	471	471	470	471	471	470	469	471	471
920	-555076	471	471	471	471	471	471	470	471	471	471	471	472	472	471	471	471	472	471	471	471	471	472	472	471	472	472	472	472	471	471	471	471	471	470	472	471	471	471	471	471	471	471	471	471	470	471	470	471	471	471	471	471	471	470	471	471	471	471	471	471	471	471	471	470	470	470	471	471	471	471	470	471	471	471	471	471	471	471	472	471	471	472	471	472	471	471	471	471	471	471	471	471	470	471	471	471	471	471	471	471	471	471	471	472	471	471	471	471	471	470	471	471	471	471	471	471	470	471	471	470	471	471	472	471	470	471	470	471
921	-554584	472	472	472	472	472	472	472	472	470	472	472	472	472	472	472	472	472	472	472	471	471	472	472	471	472	472	471	472	471	471	471	472	472	472	472	472	472	471	472	472	472	471	471	471	471	471	471	472	471	472	471	471	471	471	472	471	472	471	472	472	472	472	472	472	472	471	472	471	471	472	472	472	472	472	472	472	472	472	472	472	472	472	471	471	472	471	471	472	472	472	471	472	472	472	472	472	472	472	471	471	471	471	471	471	472	471	471	471	471	471	472	472	472	472	472	471	471	471	472	471	471	471	471	471	471	471	471	471
922	-554092	472	472	473	472	472	472	472	473	472	472	472	472	473	472	472	472	472	472	472	472	472	472	472	472	472	471	472	471	472	473	471	472	472	472	472	472	472	472	472	472	471	472	472	472	472	471	472	472	472	472	472	473	472	472	472	472	472	472	472	472	473	472	472	472	473	473	472	473	472	473	472	472	473	472	472	472	472	472	472	472	471	472	472	472	472	472	472	472	472	472	472	472	472	472	472	472	471	472	472	471	472	471	471	472	471	472	471	472	472	472	472	471	472	472	472	471	472	472	472	472	472	471	471	472	472	472	472	472
923	-553599	473	473	473	472	473	472	473	473	472	473	473	473	473	473	473	472	473	473	473	473	473	473	473	473	473	473	473	473	473	473	473	473	473	473	473	473	472	474	472	472	472	473	472	472	472	472	472	473	472	472	472	473	473	473	472	472	471	472	472	473	472	472	472	472	472	472	473	472	472	472	472	472	472	472	473	471	472	473	472	472	472	472	472	472	473	472	472	473	472	472	472	472	473	472	473	472	472	472	471	473	472	472	472	472	473	472	472	472	472	473	472	472	472	472	472	471	472	472	472	472	472	472	471	472	473	473	472	472
924	-553107	473	473	474	474	474	473	473	473	474	473	473	473	473	474	473	474	473	472	473	473	472	473	473	473	474	473	473	473	473	473	473	473	472	472	472	473	473	473	473	473	472	473	473	473	473	472	473	472	472	472	473	472	473	473	473	473	472	473	473	473	472	473	473	473	473	473	473	473	473	473	472	473	473	473	473	473	473	474	473	473	472	473	473	473	473	473	474	474	473	474	473	473	473	473	473	473	473	474	473	474	473	474	474	474	474	474	473	473	474	474	473	473	472	472	473	473	472	472	473	473	473	472	473	473	473	472	472	473
925	-552615	474	473	473	473	474	473	474	474	474	474	473	474	473	473	473	473	474	474	474	473	473	473	473	473	473	473	473	473	473	473	474	473	474	474	474	473	473	474	474	473	473	472	473	473	473	473	473	474	473	473	473	473	474	474	473	474	473	475	474	474	474	474	474	474	474	474	474	475	473	474	473	473	475	474	474	473	473	474	474	474	474	474	474	474	475	474	474	474	474	474	474	473	474	473	473	473	474	473	473	474	473	473	475	473	473	473	473	473	473	474	473	473	473	473	474	473	473	474	473	473	473	473	473	473	473	473	473	473
926	-552123	474	474	473	473	473	474	473	474	473	474	474	475	475	473	474	474	474	474	473	474	474	473	473	474	475	474	474	473	474	474	474	474	474	474	474	474	474	475	474	474	474	475	474	474	475	474	475	474	474	474	474	474	474	474	474	474	474	474	475	474	474	474	475	474	474	473	474	474	474	475	474	474	474	474	474	475	474	474	474	474	474	474	474	474	475	474	474	474	475	475	475	474	474	474	474	474	474	474	474	474	475	475	474	474	474	475	474	474	474	474	474	474	474	474	474	474	474	474	474	474	474	474	474	474	474	474	473	474
927	-551630	474	474	474	474	474	475	475	474	475	474	474	474	474	475	474	474	474	474	475	474	475	475	475	475	474	475	474	474	474	474	475	474	474	474	474	475	474	474	474	474	475	475	475	474	475	475	474	475	474	474	474	474	474	474	474	474	475	474	475	474	475	474	476	475	474	475	475	475	475	474	474	475	475	475	475	475	475	474	475	475	475	475	475	474	475	474	475	474	474	475	475	475	474	475	474	475	475	474	475	475	474	475	475	474	474	474	474	475	474	474	474	474	474	474	475	474	475	475	474	475	475	475	474	475	474	474	474	474
928	-551138	475	475	475	474	474	475	475	475	475	474	474	474	474	474	474	475	474	474	474	475	475	474	475	475	474	474	475	474	474	474	475	475	474	475	475	475	475	475	475	475	475	476	475	475	476	475	476	475	476	475	475	475	475	475	475	475	475	475	475	475	475	475	475	475	475	475	476	475	475	474	475	475	475	475	475	475	475	475	474	474	475	475	475	475	475	476	475	476	475	475	475	475	475	475	475	475	475	475	474	475	475	475	474	475	475	474	475	475	475	475	475	475	475	475	475	475	475	475	475	474	474	475	475	475	475	474	475	475
929	-550646	475	475	474	475	475	475	475	475	475	475	475	475	476	475	475	475	475	475	475	476	475	475	476	476	475	476	475	476	475	475	475	475	476	475	475	475	476	476	475	476	475	476	475	476	476	476	476	474	475	475	475	476	475	476	475	474	476	475	475	475	474	475	475	475	475	475	475	475	476	475	475	475	476	475	475	474	475	475	475	475	475	475	475	475	475	475	475	475	476	476	476	475	476	476	475	476	475	476	476	475	475	475	476	477	475	476	476	475	475	475	475	475	475	476	475	476	476	476	476	475	475	475	473	475	475	476	475	475
930	-550153	476	476	476	476	476	476	476	476	476	476	476	475	476	476	476	475	476	476	476	476	476	476	476	476	476	477	476	477	477	476	477	476	477	477	476	476	476	477	476	476	476	476	476	476	476	476	476	476	476	476	476	477	477	476	476	476	475	476	476	476	476	476	476	476	476	476	477	476	475	476	475	476	475	476	476	475	476	476	476	477	476	477	476	476	476	476	476	476	476	476	476	477	476	476	475	476	476	476	476	476	475	476	477	476	476	476	476	477	477	476	476	476	476	476	476	476	476	477	477	476	476	476	476	476	476	476	476	475
931	-549661	477	477	476	477	476	476	476	476	477	477	477	477	476	477	477	476	477	476	476	477	476	477	476	477	477	477	477	476	477	477	476	476	476	476	476	476	476	477	476	477	477	476	477	476	476	476	476	476	477	476	477	476	477	477	478	477	476	477	477	476	477	476	477	476	476	477	476	478	477	477	477	476	477	477	477	476	476	477	476	478	478	477	477	478	477	477	477	477	476	477	476	477	476	476	477	475	477	477	477	477	476	477	477	477	477	476	477	476	476	476	477	476	477	477	476	476	477	476	476	476	476	477	476	477	476	476	477	477
932	-549169	477	477	478	477	477	477	478	477	477	477	476	477	477	477	477	478	477	477	476	477	477	477	477	477	476	477	477	477	477	477	477	476	477	476	477	476	477	476	477	476	477	477	477	476	477	477	476	476	476	476	476	476	476	476	477	476	476	476	476	476	476	476	476	477	477	477	476	477	476	477	477	477	477	477	477	477	477	477	477	477	476	477	476	476	476	477	477	477	477	477	476	477	477	477	477	477	478	477	477	477	477	476	478	477	477	477	477	477	477	477	477	477	477	477	477	477	477	477	477	476	478	477	476	477	477	477	477	476
933	-548676	477	477	477	477	477	477	477	477	478	477	477	477	477	478	478	477	477	477	477	477	477	477	477	477	478	477	477	477	477	478	477	477	477	477	478	478	477	478	478	479	478	478	479	477	478	479	478	478	478	478	478	478	478	477	477	478	478	478	477	478	478	477	477	478	478	477	478	478	478	478	478	478	478	478	478	477	477	478	478	478	477	478	477	477	477	477	477	477	478	477	477	477	478	478	478	477	478	477	478	478	478	477	477	478	478	478	478	477	477	478	478	478	477	477	478	477	478	478	478	477	478	478	478	479	478	478	478	478
934	-548184	477	478	478	478	478	478	478	478	478	477	477	478	477	478	477	478	478	478	477	478	479	478	478	478	478	479	478	478	478	478	479	478	478	478	477	478	478	478	477	478	478	478	478	479	478	479	479	479	478	478	478	478	478	477	478	478	478	477	477	478	478	478	478	477	478	478	478	478	477	477	478	478	478	478	477	478	478	477	478	477	477	477	477	478	478	477	478	478	478	478	478	477	477	477	478	478	477	478	477	478	477	478	478	477	478	478	478	478	478	478	478	477	478	478	478	478	478	478	478	478	478	478	478	478	478	478	479	477
935	-547692	478	478	478	478	478	479	478	479	478	478	478	478	478	477	478	478	478	478	478	479	479	479	478	479	479	478	479	478	478	479	478	479	478	478	479	478	479	478	479	478	478	479	478	479	478	479	479	478	479	479	479	479	478	479	479	478	479	478	479	478	478	478	478	479	479	478	478	478	479	478	479	478	478	479	479	479	479	478	478	478	479	478	478	478	478	478	478	478	478	478	478	478	479	478	479	479	478	479	479	479	479	479	479	478	479	479	479	479	479	479	478	479	479	478	479	479	479	479	478	478	479	479	479	478	478	478	478	479
936	-547199	479	479	478	480	479	479	479	479	479	479	478	479	479	479	479	478	480	479	479	478	479	479	479	478	478	480	479	479	478	478	479	479	478	479	479	479	479	479	479	478	479	478	478	478	479	479	478	478	479	478	479	478	479	479	478	479	478	479	478	479	479	480	478	479	479	479	479	480	479	479	479	478	478	478	479	478	479	479	479	480	478	479	479	479	479	478	479	479	479	480	479	480	480	480	479	479	480	480	479	480	479	480	479	479	479	479	479	479	479	480	480	479	479	479	479	479	479	479	479	479	478	479	478	478	479	479	478	479
937	-546707	479	478	479	480	480	479	480	481	479	480	480	480	480	480	480	480	479	480	480	480	480	479	480	479	480	479	479	480	479	480	480	479	480	479	480	480	479	479	479	479	480	479	479	480	478	479	479	479	479	479	478	478	479	479	478	478	479	479	478	479	479	479	480	479	479	479	479	479	479	479	479	479	479	479	479	479	478	479	479	479	479	480	480	479	479	479	480	480	480	480	480	479	479	480	480	480	480	481	480	480	480	480	479	480	480	479	480	480	480	480	480	480	480	480	480	480	480	480	480	479	479	480	480	479	479	480	480	479
938	-546215	480	480	480	480	480	480	480	480	479	479	480	480	480	480	480	480	480	480	480	480	480	479	479	480	480	480	480	479	479	480	480	480	480	480	479	479	479	479	480	480	480	480	479	480	479	479	480	479	480	480	479	479	479	480	480	480	480	480	480	480	480	480	480	480	480	480	480	480	479	481	480	480	480	480	480	481	481	480	480	481	480	480	481	480	481	480	480	481	480	480	480	480	480	480	480	480	480	480	480	480	480	480	479	480	480	480	480	480	480	480	480	480	479	480	479	479	479	480	480	480	480	479	480	480	480	480	479	480
939	-545723	479	480	480	480	480	480	480	480	481	480	480	481	481	480	480	480	480	481	480	481	480	481	480	481	481	481	481	481	480	481	481	482	481	481	481	480	481	481	481	481	480	481	481	481	481	480	480	481	481	482	480	481	480	481	481	480	480	481	480	480	481	481	481	481	480	481	480	481	480	480	480	480	480	480	480	480	480	480	480	480	480	480	480	480	481	480	480	480	481	480	480	480	480	480	480	480	481	480	480	481	481	481	480	480	481	480	480	480	480	481	481	481	481	481	482	481	481	480	481	481	480	481	480	481	481	481	481	481
940	-545230	481	481	482	481	481	481	481	480	481	480	480	481	480	481	480	480	481	481	481	480	481	481	482	481	481	481	481	482	481	481	480	481	481	481	480	481	481	481	481	481	481	481	481	481	481	481	481	481	482	481	481	481	482	481	481	481	481	481	481	481	481	480	481	481	480	481	480	480	481	481	481	481	481	481	480	481	481	480	481	480	480	480	480	480	480	480	480	480	481	480	481	481	481	480	481	481	481	481	481	482	481	481	481	481	481	481	481	481	481	481	482	481	481	481	482	481	481	482	481	481	482	481	481	481	482	481	482	481
941	-544738	481	481	482	481	482	481	481	481	481	481	481	481	482	481	481	481	482	482	481	481	481	481	481	481	481	481	480	481	481	481	481	482	480	482	481	481	481	481	482	481	481	481	481	482	481	481	481	481	482	481	481	481	481	482	480	481	482	482	482	482	482	482	482	482	483	481	482	482	482	481	481	481	481	482	481	482	481	482	481	481	482	481	482	480	481	482	482	481	481	481	481	481	482	482	481	481	481	481	481	481	481	481	483	482	482	481	481	481	481	481	482	480	481	481	480	480	480	481	481	481	480	481	481	481	481	481	481	481
942	-544246	481	481	481	481	481	482	480	482	481	481	481	482	482	482	482	482	481	482	482	482	482	481	481	481	481	482	481	481	482	482	482	482	482	482	482	483	482	482	482	482	482	482	482	482	481	482	481	482	481	482	483	482	482	482	482	482	483	483	482	482	481	482	482	482	482	481	482	483	482	481	481	483	482	482	483	482	483	482	482	482	482	482	482	482	483	481	482	482	481	482	482	481	481	482	481	482	482	482	483	481	482	482	482	482	481	482	482	482	482	482	482	481	482	481	481	482	481	481	481	481	482	482	481	482	481	482	482	482
943	-543753	483	483	483	483	483	483	483	482	482	482	482	482	482	482	482	482	482	483	482	482	482	483	483	482	483	482	481	482	482	482	481	481	482	481	481	481	482	482	481	482	482	482	481	482	481	482	481	482	482	483	481	481	482	481	482	482	482	482	482	482	482	483	481	482	482	482	482	481	482	482	482	482	482	482	482	482	482	482	483	482	483	483	483	483	482	482	483	482	483	482	482	482	483	483	482	482	483	482	482	483	483	483	482	482	482	482	483	482	483	482	483	483	482	483	483	482	482	483	483	483	483	481	483	482	482	482	482	483
944	-543261	483	483	483	483	483	483	483	483	484	483	483	483	482	483	482	483	483	483	483	483	483	484	483	483	483	483	483	482	483	484	483	483	482	483	483	483	483	482	483	482	483	483	482	483	483	483	483	483	484	482	483	483	483	483	483	484	483	482	483	483	483	483	483	483	482	484	483	483	483	483	483	483	482	483	482	482	482	483	482	482	483	483	483	482	483	483	483	482	482	483	483	482	483	482	483	483	482	482	482	483	482	482	483	483	483	482	482	482	481	482	483	482	482	483	482	482	482	483	482	482	483	483	482	483	482	483	483	483
945	-542769	483	483	482	482	483	483	483	483	483	483	483	483	483	483	483	483	483	483	483	483	483	483	483	484	483	483	483	483	483	483	483	483	484	483	484	483	483	483	483	483	483	483	483	484	483	484	483	483	484	483	484	484	483	483	484	483	482	483	483	483	484	483	483	483	483	483	483	483	483	483	484	483	484	484	483	483	483	483	483	483	483	483	483	483	483	483	483	484	482	484	483	483	483	483	483	483	483	484	483	483	483	483	483	483	483	483	484	485	483	484	484	483	484	483	483	484	483	484	483	483	483	483	483	483	484	483	483	482
946	-542276	484	484	484	484	484	485	484	484	484	484	484	483	483	484	484	484	483	484	483	484	484	483	483	484	484	484	483	483	484	483	484	484	484	483	483	484	484	483	483	483	483	484	483	484	483	483	484	484	484	484	485	484	484	484	484	484	485	484	483	484	484	484	484	484	484	484	484	484	484	485	484	484	484	484	484	484	485	485	484	484	484	484	484	484	484	484	484	484	484	484	484	484	483	484	484	485	484	483	483	484	484	484	483	484	483	483	483	483	483	482	483	483	483	483	483	483	483	483	484	483	484	484	484	484	484	484	483	484
947	-541784	484	485	485	484	484	484	485	484	485	484	484	485	484	484	484	484	484	484	484	485	484	484	484	484	484	484	484	484	484	484	485	484	485	485	484	484	484	484	484	484	484	484	483	484	484	484	484	484	484	484	484	485	485	485	485	484	484	485	485	484	484	484	485	485	485	484	484	485	485	484	485	485	485	485	484	485	485	484	485	484	485	485	484	486	484	485	484	485	485	484	484	484	484	484	484	484	484	485	484	484	484	484	484	484	484	484	484	484	485	485	483	484	485	484	484	484	485	484	484	484	484	484	485	484	484	484	485	484
948	-541292	484	485	485	485	485	485	485	484	484	485	486	485	485	485	485	483	485	486	484	484	485	484	484	485	484	484	484	485	485	485	485	485	485	485	484	485	485	484	485	485	485	485	485	485	485	485	484	485	485	485	484	485	485	487	485	485	485	485	485	485	485	485	484	485	485	485	485	485	485	485	485	485	485	485	485	485	484	484	484	485	485	485	485	484	485	485	484	485	485	485	485	484	485	485	485	484	485	485	484	485	484	484	485	485	485	484	485	485	485	484	486	485	484	484	484	484	484	485	484	484	484	484	484	484	485	484	483	484
949	-540799	485	486	485	485	485	486	485	485	486	485	485	486	485	486	485	485	485	487	485	485	485	486	485	485	485	486	485	485	485	485	485	485	485	486	486	485	485	486	485	485	485	485	486	486	485	486	485	486	486	486	486	485	485	485	485	485	486	486	485	485	486	485	486	485	485	486	486	485	485	485	486	485	485	485	486	485	485	485	485	485	485	486	485	487	485	485	485	486	485	486	485	485	485	484	484	485	486	485	485	485	485	486	485	485	485	484	485	485	485	485	485	485	485	485	485	485	485	485	485	485	485	485	485	485	485	485	485	485
950	-540307	486	486	487	486	486	486	486	487	485	486	487	487	487	487	486	487	486	487	487	486	486	487	486	486	486	486	486	486	487	486	486	486	486	486	485	486	486	486	486	486	486	486	485	486	486	486	486	485	485	485	486	485	486	486	485	486	486	486	486	486	486	486	486	486	486	486	486	486	486	487	486	487	487	486	487	486	486	486	485	486	486	487	487	486	487	486	486	486	486	487	485	486	486	486	486	486	486	486	486	486	486	486	487	486	486	485	485	485	486	485	486	485	485	486	485	485	485	486	487	486	486	486	486	486	486	486	485	486
951	-539815	485	486	486	486	486	486	486	485	486	487	487	486	486	486	486	487	487	486	486	486	486	487	486	486	486	486	486	486	486	486	486	487	486	487	486	487	487	486	488	486	486	487	486	487	486	487	487	486	486	486	487	486	487	487	487	486	487	486	486	487	486	487	486	487	486	487	487	487	487	487	486	486	486	486	487	486	486	486	486	486	487	486	486	486	486	486	486	486	485	486	486	485	486	486	485	487	485	486	486	486	486	485	486	486	486	486	486	486	486	486	486	486	486	486	485	486	486	486	486	486	486	486	486	486	486	486	486	486
952	-539323	487	487	487	487	488	487	487	487	487	487	487	487	487	487	487	487	487	487	487	487	488	487	487	487	487	488	488	487	487	487	488	487	487	487	487	487	487	487	487	486	487	487	487	488	487	487	487	486	487	487	487	487	486	487	487	486	486	486	486	487	486	486	486	487	486	487	487	487	487	487	486	487	487	487	486	487	486	487	487	486	487	486	487	487	486	486	486	487	487	486	486	486	487	486	487	487	487	487	487	487	488	488	488	487	487	488	487	488	487	487	487	487	487	486	487	486	487	487	487	488	488	487	488	488	487	487	487	488
953	-538830	487	487	487	487	486	488	487	488	487	487	487	487	487	487	487	487	487	487	487	487	488	488	488	488	487	488	488	487	486	487	487	487	487	487	487	487	487	487	487	487	487	487	487	487	487	487	487	487	487	487	486	488	487	487	487	487	487	488	487	486	487	487	488	487	487	488	487	487	487	487	488	487	487	487	487	488	488	487	488	488	490	487	488	487	488	487	487	487	487	486	488	487	487	487	487	487	487	487	487	486	487	488	487	487	487	487	487	487	487	488	487	488	487	487	487	487	488	487	485	486	487	487	487	487	486	486	487	487
954	-538338	487	487	487	488	487	487	487	487	488	487	488	487	487	487	488	488	487	488	487	488	487	488	488	487	488	488	488	487	487	488	488	487	487	488	487	487	488	488	488	487	487	488	488	488	488	487	488	486	488	488	487	488	486	487	487	488	487	487	487	487	487	487	487	487	487	488	488	487	488	488	487	488	488	488	487	487	488	488	488	488	488	488	488	488	488	488	488	488	487	487	488	488	487	488	487	488	488	487	488	487	487	487	487	487	487	487	488	487	487	487	487	488	487	488	486	487	488	488	488	488	488	488	488	488	488	488	488	488
955	-537846	488	488	488	488	488	488	488	488	489	488	488	489	488	488	489	488	488	488	489	488	488	489	488	488	489	488	488	488	488	489	488	488	488	489	489	488	489	488	488	489	489	488	488	488	488	489	489	488	488	488	488	489	488	489	488	488	488	489	489	488	489	489	489	489	489	489	489	489	490	489	489	489	489	489	488	489	489	489	488	488	489	489	488	489	488	488	488	488	488	488	489	488	489	488	488	488	488	489	488	489	488	488	488	487	488	488	488	488	488	488	488	488	488	488	488	488	488	488	488	488	488	488	488	487	488	488	488	488
956	-537353	489	489	489	489	489	489	489	489	489	489	488	488	489	488	488	489	488	488	488	489	489	488	488	489	489	489	489	489	489	488	488	489	489	489	489	489	489	489	489	488	489	489	489	489	488	489	489	488	489	489	489	489	489	488	489	489	489	489	489	489	489	489	489	490	489	489	488	489	489	489	489	489	489	489	488	489	489	489	489	489	489	489	489	489	489	490	489	489	488	488	488	489	489	489	489	489	489	489	488	488	488	488	489	489	489	489	488	489	489	489	489	489	489	489	489	488	489	489	488	488	488	488	489	489	489	488	488	489
957	-536861	490	489	490	490	489	489	489	490	489	489	489	490	489	489	489	489	489	489	489	490	489	489	489	489	490	490	489	489	489	490	489	489	489	489	489	489	490	489	489	489	489	489	489	489	489	489	489	489	489	488	489	488	489	489	489	489	489	489	489	489	488	489	489	489	489	489	489	489	489	489	489	489	489	489	489	489	489	489	489	489	489	489	489	489	489	489	489	490	489	489	489	489	489	489	489	488	489	489	489	489	489	489	489	489	490	489	490	489	490	489	489	488	488	490	489	489	488	490	490	489	490	490	490	489	489	489	489	489
958	-536369	490	490	490	490	490	490	489	490	490	490	490	490	490	490	490	490	490	490	490	490	490	490	490	490	490	489	490	490	489	490	489	490	489	489	489	489	490	489	490	489	489	490	490	489	489	489	490	489	490	489	489	490	488	489	489	488	489	489	489	489	489	490	489	490	490	490	490	490	490	490	489	489	490	490	489	490	489	490	489	490	490	490	491	489	490	490	490	490	490	490	490	489	490	490	489	490	489	490	489	489	490	490	490	489	489	489	490	489	491	489	489	490	490	488	491	489	490	489	489	490	490	489	490	490	490	489	490	489
959	-535876	491	490	490	490	490	490	490	491	490	491	491	490	491	490	490	490	490	490	491	490	491	490	490	490	490	491	490	490	490	490	491	490	491	490	490	490	490	490	490	490	490	490	490	490	490	490	490	490	490	490	490	490	491	490	490	490	490	491	490	491	490	490	490	491	491	491	491	491	490	490	490	491	490	490	490	490	490	490	490	490	490	491	490	490	490	491	491	490	491	490	490	491	490	490	490	491	490	490	490	490	490	491	491	491	490	490	491	490	490	490	490	490	490	491	490	490	491	491	490	490	491	490	491	491	490	490	491	490
960	-535384	491	491	491	491	491	491	491	491	491	491	491	492	491	491	491	491	491	491	491	491	491	491	490	491	491	491	491	491	490	491	491	490	491	491	490	490	490	490	491	490	490	490	491	490	491	491	491	490	490	490	490	490	490	490	490	490	490	491	490	490	491	490	491	491	491	490	490	490	490	490	491	490	490	490	491	491	491	491	490	490	492	491	491	491	491	491	490	491	491	491	491	490	490	491	491	490	491	490	490	491	491	490	490	490	491	491	491	491	490	492	491	491	491	490	491	491	491	491	491	491	491	491	491	491	491	490	492	490
961	-534892	491	491	491	491	490	491	491	492	491	491	491	491	491	491	491	492	492	491	491	491	491	491	491	492	491	492	490	491	491	492	491	491	491	491	491	491	491	491	491	492	491	491	491	491	491	491	492	491	491	491	491	491	491	491	491	491	491	490	491	492	491	491	491	491	492	491	491	491	491	492	491	491	491	491	491	491	491	491	491	491	491	491	491	490	491	491	491	492	492	491	491	491	491	491	491	492	491	492	492	492	492	492	492	491	491	492	491	491	491	491	492	492	491	491	492	491	491	491	491	491	490	490	491	492	491	490	491	491
962	-534399	492	491	492	491	492	491	492	492	491	492	492	491	492	491	492	492	491	492	491	492	492	492	492	492	492	492	491	492	492	492	492	492	492	492	492	493	492	492	492	492	492	492	491	491	491	491	491	491	491	491	491	491	491	491	491	491	492	492	492	491	491	491	492	492	492	492	491	492	491	491	491	491	491	491	491	492	491	491	491	492	491	493	493	492	493	492	492	493	493	493	493	492	493	493	493	492	492	492	492	492	492	493	493	492	492	492	492	492	492	492	492	493	492	493	492	492	492	492	492	490	492	492	492	492	492	492	492	492
963	-533907	492	492	492	493	492	492	493	492	493	492	493	492	492	493	492	492	492	492	492	492	492	492	492	492	492	492	492	492	492	493	492	493	492	492	492	492	492	492	492	492	492	492	493	492	492	492	492	492	492	492	492	492	493	492	492	492	492	493	492	492	493	493	493	492	493	493	492	493	492	493	493	492	492	492	493	492	493	494	492	492	492	492	492	492	492	492	492	492	492	493	492	492	492	492	493	492	492	492	492	492	492	492	491	492	492	491	492	492	492	491	491	493	492	491	492	492	492	492	493	492	492	492	492	492	492	492	492	491
964	-533415	493	493	493	493	492	493	493	492	493	492	492	493	492	492	492	492	493	492	493	492	493	493	492	493	492	492	492	492	493	492	493	492	492	492	492	492	492	492	492	492	492	492	493	493	492	493	492	493	493	493	493	492	492	492	493	493	492	493	492	493	493	493	493	492	493	493	493	492	493	493	493	493	493	493	493	493	493	494	493	494	493	493	493	493	493	493	492	493	493	492	493	493	492	493	492	494	493	493	493	492	493	493	492	493	493	494	492	492	492	492	492	492	492	492	492	492	493	492	492	492	492	492	493	493	493	492	492	493
965	-532923	493	493	493	493	493	492	493	493	493	493	493	493	493	493	493	493	493	493	493	493	493	493	492	494	493	493	493	492	493	493	493	493	492	493	493	493	493	493	493	493	493	493	493	493	493	493	493	494	493	494	493	493	492	493	494	494	493	493	493	493	493	493	493	493	493	493	494	493	493	493	493	493	493	492	492	493	493	493	494	493	494	493	493	493	493	494	493	494	493	493	494	493	493	493	492	493	493	493	493	492	493	492	492	493	492	493	493	492	493	493	493	493	493	493	492	493	493	493	493	493	493	493	493	493	493	492	492	493
966	-532430	494	494	494	494	491	494	494	494	494	494	493	494	494	494	494	494	494	494	494	494	493	493	494	494	494	493	494	494	494	494	493	493	494	493	494	494	494	494	494	494	493	494	493	494	494	494	494	494	494	494	494	494	494	493	494	494	495	494	494	494	493	494	494	495	494	493	494	493	494	494	494	494	494	495	494	494	494	494	494	493	494	494	493	493	493	494	494	493	493	494	494	493	494	493	493	494	493	494	494	494	494	494	494	494	494	494	493	494	493	494	494	493	493	494	495	494	494	494	494	494	494	494	495	493	494	494	494	494
967	-531938	495	495	494	495	495	495	494	494	494	494	494	494	494	494	494	494	493	493	494	494	494	494	493	494	494	495	494	494	494	493	494	494	494	495	494	494	494	494	494	494	494	493	493	494	494	493	494	495	494	495	495	495	494	494	494	494	494	494	494	494	494	494	494	494	494	495	495	494	494	494	495	494	494	494	494	494	494	495	495	495	495	495	494	495	494	494	494	494	494	494	494	494	494	494	494	495	494	494	494	494	494	495	494	494	494	494	494	494	494	494	493	494	494	494	494	494	494	494	494	494	494	494	494	495	495	495	495	495
968	-531446	494	494	494	494	494	495	494	495	494	494	494	494	495	494	494	494	494	495	494	495	495	494	495	495	494	494	494	495	495	495	494	494	495	495	495	494	494	495	495	495	495	495	495	495	495	495	495	495	495	495	494	496	495	495	495	494	495	494	495	495	495	494	495	495	495	494	496	494	494	495	495	495	494	495	495	494	495	495	495	495	495	495	495	495	495	496	495	495	495	495	495	495	495	494	495	495	495	495	495	495	495	494	495	495	495	495	495	494	495	495	495	495	495	494	495	495	495	494	494	493	494	494	494	493	494	494	494	494
969	-530953	495	496	496	496	496	496	496	495	496	496	496	496	495	496	496	496	496	496	496	495	496	495	495	496	496	496	495	496	496	496	495	495	496	495	495	495	494	496	495	495	495	495	496	495	495	496	494	495	495	495	495	494	495	495	495	495	495	495	495	495	495	495	496	495	495	494	495	495	496	495	495	495	496	496	496	496	495	495	496	495	495	495	495	496	495	495	496	496	496	495	495	496	495	495	495	495	495	496	496	495	495	495	495	495	496	496	495	495	495	495	495	495	495	494	495	495	495	495	496	495	495	495	494	495	495	495	495	495
970	-530461	496	496	495	495	495	495	496	495	496	496	497	496	496	496	496	496	496	496	496	496	496	496	496	495	496	495	496	496	496	496	496	495	496	495	496	496	496	495	496	496	496	495	496	496	495	496	495	496	495	495	495	495	495	495	495	495	495	496	495	495	495	495	495	495	496	496	495	496	496	496	496	496	496	496	496	496	496	496	496	496	496	496	495	496	496	495	496	496	497	496	496	496	495	496	496	496	496	496	496	496	496	494	496	496	496	496	495	495	495	496	496	495	496	495	496	496	496	495	495	496	496	495	496	496	496	496	496	496
971	-529969	496	496	496	496	496	496	496	496	496	496	496	495	496	496	496	496	496	496	496	496	496	496	496	496	496	496	496	496	496	496	496	495	496	496	495	496	495	495	496	496	496	496	496	496	496	497	496	497	496	496	496	496	496	495	496	496	496	496	496	496	497	497	497	496	496	496	498	497	497	497	496	496	496	496	497	497	496	496	496	496	496	497	496	496	496	496	496	496	496	496	496	497	497	496	496	496	497	496	496	496	496	496	496	496	496	496	496	496	496	496	496	497	496	496	496	496	496	497	496	496	496	495	495	496	496	496	497	496
972	-529476	497	496	497	497	497	496	497	497	497	497	497	496	496	496	496	496	496	496	496	496	496	496	496	497	496	497	497	496	496	496	496	496	496	496	496	496	496	496	496	496	496	496	496	496	496	496	496	497	496	497	497	496	496	496	496	496	496	497	496	496	496	496	496	497	496	496	497	496	497	496	497	497	494	497	497	497	497	496	497	496	496	496	496	497	496	496	496	496	496	496	497	496	496	497	497	496	497	496	497	496	497	497	497	497	496	496	496	497	496	496	497	496	496	497	496	499	496	496	496	497	496	496	497	496	496	497	497	497
973	-528984	497	497	497	496	497	497	497	498	497	498	497	497	497	497	498	497	498	498	496	497	497	497	497	497	497	496	497	497	497	498	496	497	497	498	498	497	498	497	497	498	497	498	497	497	497	497	498	497	497	497	498	497	497	498	497	497	498	497	498	498	497	497	497	497	497	496	497	498	497	497	497	497	497	497	497	497	497	497	497	497	497	496	497	498	498	497	497	497	497	497	497	497	498	496	498	497	496	497	497	497	497	497	497	497	497	497	497	496	497	497	496	497	497	497	497	497	497	497	498	497	497	497	497	497	497	497	496	496
974	-528492	497	497	497	498	497	497	498	497	497	498	497	497	497	498	498	498	498	497	498	498	498	497	497	498	497	497	498	497	498	498	499	498	497	498	498	498	497	498	497	497	497	497	497	498	498	498	498	495	498	498	498	498	498	498	497	497	497	498	497	498	497	498	498	497	498	498	498	498	497	498	498	498	497	498	498	497	498	497	498	497	497	498	498	498	497	498	498	497	498	497	498	497	497	498	498	498	498	498	498	498	498	498	497	498	498	498	498	498	498	498	497	497	498	498	499	497	497	498	498	498	498	498	498	499	498	498	498	498
975	-527999	499	498	499	498	498	499	499	498	498	498	498	499	499	498	498	498	498	499	499	499	498	498	497	498	498	498	497	498	499	497	497	498	498	497	498	497	497	497	498	498	497	498	498	498	498	497	498	498	498	498	497	498	497	498	498	498	498	498	499	498	499	498	498	499	498	498	498	498	499	498	499	498	498	498	499	499	499	499	498	499	499	499	499	499	499	499	499	499	499	499	499	498	498	498	498	498	498	498	498	498	498	498	498	498	499	498	498	499	499	499	498	499	498	499	499	498	498	497	498	498	498	498	498	497	498	498	499	498
976	-527507	499	499	499	498	499	499	498	499	499	499	499	499	499	499	500	499	499	499	499	499	498	499	499	499	499	499	499	498	499	498	498	499	498	498	498	498	499	498	498	498	499	499	498	499	498	499	499	498	498	498	498	498	498	498	498	498	499	498	499	498	498	499	499	498	499	499	498	498	498	499	498	498	498	498	499	498	498	498	498	499	498	498	499	499	498	498	498	498	498	498	498	498	498	498	499	498	498	499	498	499	499	499	499	499	499	499	499	499	499	498	499	499	499	499	499	499	499	498	499	498	498	499	499	499	499	498	498	499
977	-527015	499	500	499	499	499	499	499	499	499	499	499	499	500	499	499	498	499	499	498	499	499	498	498	499	499	499	498	498	499	500	499	498	499	498	499	499	498	499	499	498	499	498	499	499	499	499	499	499	499	498	498	498	499	499	499	500	499	499	499	500	500	500	500	500	500	499	499	499	499	499	499	499	500	499	500	499	499	499	500	499	499	499	500	499	498	499	499	500	499	500	499	499	499	499	499	499	499	499	499	498	499	499	498	499	499	499	499	498	499	498	499	498	499	499	499	499	498	500	499	499	499	499	499	499	499	499	499	499
978	-526523	499	500	499	499	499	499	499	499	499	499	499	499	499	499	499	499	499	499	499	499	499	499	500	500	500	499	500	499	500	499	499	499	500	499	499	499	499	500	499	499	500	498	500	499	500	500	500	500	500	499	500	500	500	500	500	499	500	500	499	499	499	500	500	501	500	499	500	500	500	500	499	500	500	500	500	499	500	500	500	500	500	500	500	500	500	499	500	500	500	499	500	500	500	499	500	499	500	500	500	500	500	499	500	500	500	500	500	499	500	500	499	499	500	499	500	500	500	500	499	500	500	500	500	500	500	500	500	500
979	-526030	501	501	501	500	500	500	500	500	500	500	500	500	500	500	500	500	500	500	501	500	500	500	502	500	500	500	500	500	500	499	498	499	500	500	501	499	500	500	500	500	500	499	500	500	500	500	499	500	500	500	500	500	500	500	501	500	500	500	501	500	500	500	500	501	500	500	500	500	501	500	500	500	500	500	500	500	500	501	500	501	501	500	500	500	500	500	500	500	500	500	500	501	500	500	500	501	500	501	498	500	500	500	500	500	500	500	500	500	500	500	500	499	500	500	500	501	500	500	499	499	499	500	500	500	499	499	500	499
980	-525538	502	501	501	501	501	501	501	501	501	501	501	501	501	501	501	500	500	500	502	500	501	500	500	501	502	501	500	500	500	500	500	500	500	500	500	500	500	500	500	500	500	500	501	500	500	501	500	501	501	501	502	500	501	500	501	500	500	501	503	501	501	500	501	501	501	501	501	502	501	502	501	501	501	501	501	501	501	501	501	500	500	502	501	500	502	501	501	501	501	502	500	501	500	501	500	501	501	500	501	501	498	501	500	500	500	500	501	500	500	500	500	500	500	501	500	500	500	500	500	500	500	501	501	500	500	501	501	501
981	-525046	501	501	500	501	500	501	501	501	501	500	501	500	501	501	500	501	501	502	501	501	501	501	502	501	502	501	500	502	500	501	502	501	501	501	502	501	502	502	501	501	501	501	501	501	501	501	501	502	501	501	501	500	502	501	500	501	501	501	501	501	501	501	501	501	501	501	502	501	502	501	500	501	501	501	501	501	501	502	502	501	501	501	501	501	501	501	501	501	502	501	501	501	502	501	502	501	501	501	501	502	502	502	502	502	502	502	502	502	501	502	502	501	501	502	501	501	501	501	502	501	501	501	501	502	502	502	502	501
982	-524553	502	502	502	502	502	502	502	502	502	502	502	502	502	501	501	502	502	502	502	502	501	501	501	502	502	502	501	501	500	501	502	501	501	501	501	502	502	502	501	502	501	502	502	502	502	502	501	502	502	502	502	502	502	501	501	501	502	502	501	502	501	502	502	502	502	501	502	502	501	502	502	502	502	502	502	502	501	502	501	501	501	501	502	502	501	502	502	502	502	502	502	502	502	501	501	502	502	501	501	501	502	502	501	502	502	502	502	502	502	501	502	502	501	502	502	502	501	501	502	501	502	502	501	501	502	502	502	502
983	-524061	502	503	502	502	503	502	502	503	502	502	502	502	502	502	503	502	502	503	502	503	502	501	502	502	502	502	502	502	502	502	503	502	502	502	502	502	502	502	502	502	503	501	502	501	502	502	502	502	502	502	502	501	502	502	502	502	502	501	502	502	502	502	502	502	502	502	502	502	502	502	502	502	503	503	502	502	502	502	502	502	503	503	503	502	503	502	503	502	502	502	502	502	502	503	503	502	502	503	503	502	503	502	502	502	502	502	501	502	502	502	502	502	502	501	502	501	500	502	501	502	502	502	501	501	501	501	501	502
984	-523569	502	502	502	502	502	503	503	503	502	502	502	502	502	502	502	503	503	503	502	503	503	502	503	503	503	503	503	503	502	503	502	502	503	502	503	503	502	503	503	503	502	502	503	503	503	503	502	502	502	503	503	503	503	503	503	502	503	502	502	503	502	502	502	503	503	502	502	502	503	503	503	502	502	503	503	502	502	502	503	502	502	502	502	503	502	502	503	503	503	500	502	503	502	503	503	503	503	502	503	502	503	502	501	502	502	502	502	502	502	502	503	502	502	503	503	503	503	503	502	502	502	502	502	502	502	502	502	502
985	-523076	503	503	503	503	503	503	503	503	503	503	503	503	503	504	503	503	504	504	503	503	503	504	502	503	502	502	503	503	503	503	504	503	503	503	503	503	504	503	503	503	502	504	503	503	502	503	503	503	503	503	503	503	503	503	503	503	502	503	503	502	503	503	503	503	503	503	503	503	503	503	502	503	503	502	503	503	502	503	504	503	503	503	503	503	502	503	503	503	503	503	503	503	503	503	504	503	503	500	503	503	504	503	502	503	503	503	504	503	503	504	504	504	503	504	503	504	503	504	503	503	504	504	503	503	503	503	503	503
986	-522584	504	503	503	504	503	504	503	504	504	503	503	504	503	503	503	504	503	504	503	504	504	503	504	503	504	504	503	504	504	504	504	504	504	503	504	503	504	504	503	504	504	503	504	503	504	504	503	504	503	504	504	504	504	503	504	504	504	504	504	504	503	504	503	503	503	503	504	503	503	503	504	504	504	504	503	503	503	503	504	504	503	503	503	503	503	504	504	503	504	503	503	505	503	504	504	504	504	504	504	504	504	503	504	504	504	504	504	504	503	504	502	504	504	504	504	504	504	504	504	504	504	504	504	504	504	504	503	504
987	-522092	504	504	504	504	504	504	504	504	504	504	504	504	504	504	504	504	504	504	504	506	504	504	504	504	504	504	504	504	504	505	504	504	504	504	505	504	504	504	504	504	504	503	504	504	504	504	504	503	504	504	504	504	504	504	504	504	504	504	504	504	503	503	504	504	504	504	504	503	503	504	503	504	504	504	503	504	504	504	504	504	504	504	504	504	504	502	504	504	504	504	504	504	504	504	504	504	504	504	504	504	504	505	504	504	504	502	504	504	504	504	504	504	504	504	504	504	504	503	503	504	504	505	504	505	504	504	504	504
988	-521599	504	504	504	505	504	504	504	504	505	504	505	504	503	505	504	505	504	504	505	504	504	504	504	504	503	504	504	504	504	504	504	504	504	504	504	505	504	504	504	504	505	504	505	504	505	504	504	504	505	505	504	504	504	504	505	504	504	504	504	504	504	504	505	504	504	504	504	505	504	504	503	504	504	504	504	504	504	504	504	504	504	504	504	504	504	504	504	505	504	504	504	504	504	505	504	504	503	504	504	504	504	504	504	504	504	504	504	504	504	504	504	504	505	504	505	504	504	504	505	504	504	504	504	504	504	504	505	504
989	-521107	505	505	504	504	504	504	506	505	504	504	505	505	505	505	505	505	505	505	505	504	505	505	504	505	504	505	504	504	505	504	505	505	504	505	505	504	504	505	505	505	504	504	505	505	504	505	505	504	505	505	505	505	505	505	505	505	505	505	505	505	505	506	505	505	505	504	505	505	505	505	505	505	505	505	505	505	506	505	505	505	505	505	505	505	506	505	505	506	505	505	505	504	505	505	505	504	504	504	505	505	505	504	505	503	505	505	505	505	505	505	504	504	504	504	505	504	504	505	505	505	504	504	504	505	505	504	504	504
990	-520615	505	505	506	505	505	505	505	505	505	506	505	505	505	505	505	505	506	505	505	505	506	506	505	505	505	505	506	505	506	505	505	506	505	506	506	506	506	505	507	505	506	505	505	506	505	505	505	505	506	505	505	505	505	506	506	506	506	506	506	505	506	506	505	505	506	505	506	506	506	505	505	506	506	506	506	506	505	506	506	506	506	506	506	506	506	506	505	505	506	506	506	505	506	505	506	506	506	506	506	506	506	505	505	505	505	506	506	505	505	506	506	506	506	506	506	506	505	506	505	505	506	505	505	506	506	505	506	506
991	-520123	506	506	506	504	505	505	505	506	505	506	506	505	506	506	506	506	506	506	506	506	506	506	507	506	506	506	506	506	506	506	505	505	506	506	506	507	506	506	505	506	506	506	506	506	505	505	505	505	505	505	505	506	505	506	506	506	506	505	505	506	505	506	506	505	506	505	506	505	506	505	505	505	506	506	506	505	506	506	506	507	506	506	507	507	506	506	506	506	506	506	506	506	506	506	506	506	506	506	506	507	505	506	506	506	506	506	506	506	505	506	506	506	506	506	506	507	506	506	506	505	505	505	505	507	505	506	505	506
992	-519630	507	507	507	506	507	506	507	507	506	507	507	506	507	506	506	507	507	506	506	507	506	506	506	506	506	505	506	506	507	506	506	506	506	507	506	506	506	506	506	506	506	507	507	506	507	506	506	506	506	506	506	506	506	506	507	506	507	507	507	507	507	507	507	507	507	507	507	507	507	507	506	506	506	507	506	506	506	507	506	506	507	506	506	506	506	507	506	506	506	506	507	506	506	506	505	506	506	506	506	506	507	505	506	506	506	507	506	506	506	506	506	506	506	506	506	506	507	506	506	506	506	506	506	506	506	507	506	506
993	-519138	507	507	507	508	508	507	507	507	508	508	507	507	507	507	507	508	507	508	507	507	507	507	507	507	507	508	507	507	507	507	507	506	508	508	507	508	507	508	507	506	507	507	507	507	506	507	507	507	506	507	507	507	507	507	507	507	507	506	507	507	507	507	507	507	506	506	507	506	506	506	506	507	507	507	507	507	507	507	507	508	507	506	507	507	507	507	506	507	506	507	506	507	507	506	506	506	507	507	507	507	507	507	507	507	508	507	507	507	507	508	507	507	507	507	506	506	507	506	507	508	507	507	506	507	507	507	507	507
994	-518646	507	507	507	507	507	507	507	507	507	507	508	507	507	507	507	508	507	507	507	507	506	507	507	507	507	507	507	506	507	507	507	507	506	506	507	506	508	507	507	507	507	508	508	508	508	508	508	508	507	507	507	507	507	507	507	507	507	507	507	507	507	507	507	507	507	508	507	508	507	507	508	507	507	508	508	508	508	508	508	507	507	507	507	508	507	507	507	508	507	507	508	507	507	507	507	507	507	507	507	506	507	507	507	507	507	507	507	507	508	507	507	507	507	507	507	507	507	507	507	507	508	507	507	507	507	507	507	507
995	-518153	508	507	508	508	507	508	508	508	508	508	507	508	508	508	508	508	508	508	509	508	508	508	508	508	509	508	508	508	509	508	509	508	508	509	508	509	508	509	509	509	509	509	509	509	509	509	508	509	508	508	509	508	508	507	508	508	508	508	509	508	509	508	508	508	508	507	508	508	506	508	508	508	508	508	508	508	508	508	508	508	508	508	508	508	508	508	509	508	508	508	508	508	508	508	508	508	508	508	509	508	508	508	508	509	509	509	509	509	509	508	509	509	508	508	508	509	508	508	509	508	509	509	508	508	508	508	508	508
996	-517661	509	508	508	508	508	508	508	508	508	508	509	508	508	508	508	509	508	508	508	508	510	508	509	509	508	509	509	508	509	509	508	509	508	508	509	508	510	508	508	508	508	508	508	509	509	508	509	509	509	509	508	508	508	508	508	508	508	508	508	508	509	509	508	508	509	508	508	508	509	508	509	508	509	508	509	508	508	509	509	508	508	508	508	508	508	508	508	509	508	508	508	508	508	508	508	509	508	508	508	508	508	508	508	508	508	509	508	509	508	508	508	509	509	508	508	508	509	508	508	509	508	508	508	508	508	508	509	508
997	-517169	508	508	509	509	509	509	508	508	509	508	508	509	509	509	508	508	509	508	508	508	508	509	508	509	509	509	509	509	510	509	510	509	509	509	509	510	510	509	510	508	510	510	509	510	510	509	509	510	510	509	509	509	509	510	509	510	508	508	509	509	509	509	509	509	508	508	509	509	509	509	509	509	509	509	509	509	509	509	509	508	509	509	509	508	509	509	509	509	509	509	509	510	509	509	510	512	509	509	510	510	509	509	509	509	510	510	510	509	509	510	509	510	509	509	508	509	510	510	509	510	510	509	509	509	509	509	509	509
998	-516676	509	509	509	509	509	509	509	508	510	508	509	509	509	510	509	509	509	509	509	509	510	509	509	509	510	509	509	509	509	509	509	509	509	509	509	509	509	509	508	509	510	509	510	509	509	510	509	509	509	509	509	508	510	509	510	509	509	509	509	509	509	509	509	509	509	509	510	509	509	509	509	509	509	509	509	509	509	509	510	509	509	509	509	510	509	509	509	509	510	510	509	510	509	510	509	509	510	510	510	510	509	509	510	510	509	509	509	509	510	510	509	510	510	510	510	510	509	509	510	509	510	509	510	509	509	510	510	510
999	-516184	510	509	509	512	509	510	509	510	509	509	510	510	512	511	510	510	512	511	510	510	510	509	512	510	512	510	510	510	512	512	510	512	510	510	512	508	510	510	510	511	509	512	512	510	510	509	512	510	510	511	510	510	512	510	512	510	512	510	510	510	510	511	510	510	510	510	510	511	512	510	511	510	512	512	512	510	510	510	510	510	509	509	512	510	510	512	511	510	510	510	510	512	512	512	512	512	512	512	510	510	510	510	510	510	509	510	510	509	510	510	509	510	510	510	509	512	510	509	510	510	510	510	510	510	509	510	509	510
1000	-515692	510	510	510	510	510	510	510	510	510	510	510	510	510	510	510	510	510	512	512	510	510	512	512	512	512	510	512	512	512	510	511	510	511	511	510	512	512	512	512	512	512	512	512	512	512	512	512	512	513	512	512	512	512	511	511	510	512	512	510	510	510	511	510	510	511	512	512	510	512	512	511	512	510	510	510	510	510	510	510	510	510	510	510	510	512	511	509	510	510	510	512	512	511	510	512	512	510	511	510	509	510	510	510	510	510	513	510	510	510	512	512	512	512	510	512	511	512	512	512	510	512	512	512	512	509	512	510	512
1001	-515199	513	512	512	512	512	512	512	512	508	512	512	510	511	512	512	512	512	512	512	512	512	512	512	512	512	511	510	512	511	511	512	512	512	512	512	512	512	512	512	512	512	512	510	512	512	512	512	512	512	512	511	512	512	512	512	512	512	512	512	512	512	512	511	512	512	509	512	512	512	512	511	512	512	512	511	512	512	512	513	511	512	512	512	512	511	512	512	512	512	512	512	512	512	512	511	512	512	512	511	512	512	512	511	510	512	512	512	512	512	512	513	512	512	512	512	512	512	512	512	511	510	512	512	512	511	512	512	512
1002	-514707	513	512	513	513	513	512	513	513	513	513	513	513	512	512	513	512	512	512	512	512	512	512	512	512	512	512	512	512	513	512	512	512	512	513	512	512	512	512	512	512	512	512	512	512	512	512	512	512	512	512	512	512	512	512	512	513	512	512	512	512	512	513	512	512	513	512	512	513	512	512	511	511	512	512	513	512	512	512	513	513	512	512	513	513	512	512	513	512	512	512	512	512	512	513	512	512	512	512	512	512	513	512	513	512	513	512	512	513	512	513	512	512	512	512	512	512	512	512	512	512	512	512	512	512	512	512	512	513
1003	-514215	512	512	512	512	512	512	512	512	512	512	512	512	513	512	513	512	512	512	513	513	513	512	513	512	513	513	512	513	512	513	513	512	513	513	513	513	512	513	512	512	512	513	513	512	513	512	512	513	512	512	512	512	512	512	512	512	513	512	512	512	512	513	512	512	512	512	513	512	513	512	512	512	513	512	513	512	513	512	512	512	512	512	512	512	513	512	512	512	512	513	513	513	513	513	514	513	513	513	513	513	513	513	513	513	513	513	513	512	513	513	513	512	513	513	513	513	514	512	513	513	513	513	513	513	513	512	512	512
1004	-513723	514	513	513	512	513	513	514	513	514	514	514	514	513	514	514	514	514	513	514	513	512	513	513	514	513	513	514	513	514	513	513	513	513	513	514	514	514	513	513	513	514	514	514	514	513	513	513	513	513	513	513	512	513	513	513	513	513	514	513	513	513	513	514	513	513	513	513	514	513	513	513	513	513	513	513	513	513	513	513	515	514	514	514	514	513	514	513	514	515	513	513	514	513	514	513	514	513	513	513	514	513	514	513	513	513	513	514	513	513	513	513	514	514	514	513	512	514	512	513	514	513	513	513	513	513	513	513	513
1005	-513230	513	515	514	515	514	514	514	513	514	514	514	515	514	514	514	513	515	514	514	514	514	514	514	514	514	514	514	514	513	514	513	514	514	514	514	514	514	514	514	513	514	513	514	513	514	514	514	513	513	513	513	513	513	513	513	513	513	513	513	513	514	513	513	513	513	513	513	513	513	513	513	512	513	513	513	513	512	513	513	513	514	514	514	513	513	513	513	514	514	513	513	514	514	513	514	514	513	514	512	514	513	513	513	513	513	513	513	514	513	514	514	514	514	513	514	513	512	513	513	513	513	513	513	513	513	513	513	514
1006	-512738	515	515	515	515	515	515	514	515	514	515	515	514	515	514	515	514	515	515	515	515	514	515	515	515	515	514	515	515	514	514	515	516	515	514	515	515	515	515	514	515	514	514	514	515	514	514	512	514	514	515	514	514	514	514	514	514	514	514	514	514	514	514	514	514	514	514	514	513	514	514	514	514	514	514	514	515	514	515	514	515	514	514	514	515	515	514	514	515	515	515	514	514	514	514	515	515	515	515	514	514	515	514	515	514	515	515	515	514	513	514	514	513	514	512	514	514	513	514	513	514	514	513	514	514	513	514	514	514
1007	-512246	515	514	514	514	514	515	514	515	515	515	515	515	515	515	515	515	515	514	515	515	514	515	514	515	515	515	515	515	514	515	515	515	515	514	515	514	515	515	515	515	514	515	515	515	515	515	515	515	514	515	515	515	514	515	515	515	515	514	514	515	515	515	515	514	514	514	515	515	515	515	515	515	515	515	515	515	516	514	515	515	515	515	515	515	514	515	515	515	515	514	515	515	515	515	514	514	514	515	515	514	515	516	515	515	515	515	515	515	515	515	515	515	515	514	515	515	514	514	514	515	515	514	515	515	515	514	515	515
1008	-511753	515	515	515	515	515	515	515	516	515	516	515	515	515	515	515	515	516	515	515	516	515	515	516	515	515	515	515	515	515	515	515	515	515	515	515	515	515	515	515	515	515	515	515	515	515	514	515	514	515	515	514	515	514	515	515	515	516	515	515	516	515	516	514	515	515	515	515	515	516	515	515	515	514	516	515	516	515	514	516	514	515	515	515	515	515	515	515	515	515	515	515	514	515	515	514	515	514	515	515	515	515	515	516	515	514	515	515	515	514	515	515	514	515	515	515	514	514	515	514	515	515	515	515	515	515	514	515	515
1009	-511261	516	515	515	516	516	517	516	516	517	516	516	516	516	516	516	516	516	516	514	515	515	515	515	515	515	515	515	515	515	515	515	515	515	516	516	515	516	516	516	516	516	516	516	515	516	515	516	516	516	516	516	516	516	516	516	516	516	516	517	516	516	515	517	516	516	516	516	516	516	516	516	516	516	516	515	515	516	516	517	516	516	516	516	516	516	516	516	517	516	516	515	516	516	516	515	515	516	516	516	515	515	515	515	516	515	515	516	515	515	515	515	515	515	515	515	515	516	515	516	515	515	515	515	516	515	516	515	516
1010	-510769	516	516	515	516	515	517	516	515	516	515	516	515	515	516	515	515	515	516	516	516	515	515	516	516	516	515	515	515	516	515	515	516	516	516	516	516	516	516	517	516	516	516	516	516	516	516	516	516	516	517	517	516	518	516	516	517	517	517	517	516	516	516	517	516	517	516	516	517	516	517	517	516	516	516	516	517	516	516	516	516	516	516	517	517	516	517	516	516	516	516	515	515	516	515	516	515	516	516	515	516	516	516	516	516	516	515	516	516	516	516	516	516	516	516	515	516	516	516	516	516	516	516	516	516	516	516	517	516
1011	-510276	517	517	517	516	517	517	517	517	517	516	517	517	517	516	517	518	516	517	516	517	517	516	516	516	516	516	516	516	516	516	516	516	516	516	516	517	517	516	516	516	515	516	516	516	516	516	517	517	517	516	516	517	516	516	517	516	517	517	517	517	517	517	516	517	517	517	517	517	516	517	517	518	517	517	517	517	517	518	518	517	516	517	517	517	517	516	516	516	517	517	517	516	517	516	516	516	516	517	516	516	517	516	516	516	516	516	516	516	516	516	517	516	516	516	515	517	516	516	517	517	517	516	517	517	516	516	516	516
1012	-509784	517	517	517	518	517	517	518	518	518	517	518	517	518	518	517	518	517	517	517	517	517	517	518	517	517	517	518	517	517	517	517	518	517	517	518	517	517	517	517	517	517	518	518	517	517	517	517	516	516	517	517	517	518	517	517	518	517	517	518	518	517	516	517	518	518	517	518	516	517	517	517	517	517	517	517	517	517	517	517	517	518	518	517	517	518	517	518	517	517	517	518	517	517	517	517	518	518	519	518	518	517	517	518	517	518	517	518	518	517	517	517	517	518	517	517	517	518	516	517	517	517	517	517	518	517	517	517	517
1013	-509292	517	518	518	518	519	517	518	518	518	517	517	518	518	517	517	517	517	517	517	517	517	518	517	515	518	517	517	518	518	517	517	517	518	517	517	517	518	518	517	518	518	518	519	518	517	518	518	518	517	518	517	518	517	518	518	518	518	517	518	517	518	518	517	518	518	518	518	517	518	517	517	517	517	517	517	517	517	517	518	518	518	518	518	518	517	517	518	517	517	517	518	518	517	517	518	517	517	517	517	518	518	517	517	517	518	518	517	517	517	518	518	518	518	517	517	518	518	518	518	518	518	518	518	517	518	517	517	517
1014	-508799	518	519	519	518	518	518	518	518	518	518	517	517	517	517	518	517	517	518	518	518	517	518	518	518	518	518	518	518	518	518	518	518	518	517	517	518	518	517	517	519	518	517	518	518	518	519	518	519	519	519	519	519	518	518	519	518	518	519	518	518	518	519	519	518	519	518	518	519	519	519	519	519	518	519	519	519	519	519	519	519	519	519	518	518	518	517	518	518	518	518	517	518	518	518	518	518	519	518	519	518	518	519	518	519	518	518	518	518	518	519	518	518	518	518	518	517	517	517	518	519	517	518	519	519	519	518	519	519
1015	-508307	518	519	519	519	519	519	519	519	519	519	520	518	519	519	518	518	518	518	518	518	518	518	518	518	518	519	518	518	519	518	519	518	519	518	519	519	519	519	518	519	519	519	519	519	518	519	518	520	519	520	519	518	519	519	519	519	519	519	519	519	519	519	519	519	518	518	519	519	518	518	518	519	519	519	519	518	518	518	519	519	520	519	518	518	518	518	517	519	518	518	518	519	518	518	518	518	519	519	518	519	518	519	518	519	519	519	519	518	518	519	519	519	519	518	519	518	519	518	519	519	518	519	518	519	518	519	519	519
1016	-507815	519	519	519	519	519	520	517	519	519	519	519	519	519	519	519	519	519	519	519	519	519	519	520	519	519	519	519	519	519	518	519	519	519	519	519	519	519	519	519	520	519	518	519	518	519	518	519	519	518	519	519	519	519	519	519	518	519	519	519	519	519	519	519	519	519	518	518	518	518	518	519	519	519	519	519	519	519	519	519	519	519	519	519	519	519	519	519	519	519	519	518	519	519	519	519	519	519	519	519	518	518	519	519	519	519	519	519	519	519	519	519	519	519	519	519	519	520	519	519	519	519	520	518	519	518	519	519	519
1017	-507323	520	520	520	519	520	520	520	519	520	520	519	520	520	520	520	520	520	520	520	520	520	519	519	520	520	519	520	519	519	520	519	519	519	520	520	519	520	519	520	520	519	519	519	518	519	519	519	519	519	519	520	519	519	519	519	520	520	519	519	520	519	520	520	520	521	520	520	519	519	520	519	520	520	519	520	519	520	520	520	520	519	520	520	520	520	520	520	520	519	520	519	520	519	519	520	519	519	519	519	519	519	519	518	519	519	519	519	519	519	519	519	519	520	520	519	519	519	519	519	519	519	519	519	519	519	520	519	519
1018	-506830	520	520	520	521	519	520	520	520	520	520	520	520	520	523	520	520	520	520	520	520	519	519	519	519	519	520	519	519	520	520	520	520	520	520	520	519	520	520	519	520	519	520	520	519	519	519	519	520	519	520	519	520	520	520	519	520	520	520	521	520	520	520	520	522	519	520	520	520	520	520	520	520	520	520	521	520	520	520	520	520	520	520	520	520	520	520	520	520	521	520	520	520	520	520	520	520	519	520	519	520	520	519	520	519	520	520	520	521	520	521	520	520	520	520	520	520	520	519	520	519	521	520	520	519	520	520	520	520
1019	-506338	520	521	520	520	520	520	521	520	521	521	520	521	520	521	521	521	521	521	521	520	520	520	520	520	520	521	521	520	520	521	521	521	520	520	520	520	520	520	520	521	521	521	521	521	521	521	521	521	521	521	521	521	521	521	521	521	521	521	521	521	521	521	521	521	521	521	521	521	521	521	521	521	521	521	521	521	521	520	521	520	521	521	520	521	520	520	520	520	521	520	521	521	520	521	520	520	520	520	520	520	520	520	520	520	520	521	520	520	520	520	520	520	520	520	520	521	521	521	521	521	520	520	521	521	521	520	520	520
1020	-505846	521	521	521	521	521	520	521	521	520	521	521	521	521	521	521	522	521	522	521	521	521	521	521	521	521	521	521	522	520	521	521	521	521	521	522	521	521	522	521	521	521	521	520	521	521	521	521	521	521	521	521	521	520	521	521	520	520	520	521	521	520	520	521	521	520	521	520	521	521	521	521	521	520	521	521	521	520	520	520	520	520	521	520	521	520	520	521	520	521	521	520	521	521	521	521	521	521	521	521	521	522	521	521	521	521	521	521	521	522	521	521	521	521	522	521	522	521	521	521	522	522	521	521	521	521	521	521	521
1021	-505353	521	521	521	521	521	522	522	522	521	521	522	521	522	521	521	522	521	521	521	520	521	521	521	521	521	522	521	521	521	522	522	522	522	521	522	521	522	521	522	522	521	521	522	521	522	522	522	522	521	522	522	522	521	522	522	521	522	522	522	522	522	522	522	521	522	522	522	522	522	521	521	522	522	521	521	522	522	522	522	522	522	522	522	522	521	521	522	521	521	521	522	521	521	521	521	521	522	522	521	521	521	522	522	522	522	522	523	522	521	522	521	522	521	521	521	522	522	522	521	521	521	521	522	522	521	521	521	522
1022	-504861	522	522	522	522	521	522	522	522	522	522	522	522	521	523	521	522	522	522	523	522	522	521	522	522	522	521	521	522	522	522	521	521	523	522	521	521	521	522	522	522	522	521	521	522	522	522	521	522	521	522	522	522	521	521	522	522	522	521	522	522	522	522	522	522	523	523	522	522	522	523	521	522	522	523	522	522	523	522	522	522	522	522	522	522	522	522	522	521	522	523	522	522	522	522	523	522	522	522	521	521	521	522	522	522	521	521	522	522	522	522	522	521	521	521	521	522	521	522	522	522	522	522	522	521	522	522	521	520
1023	-504369	522	522	522	522	522	522	522	522	522	522	523	522	523	522	522	522	522	522	522	522	522	522	523	522	522	522	522	523	522	522	523	523	523	523	523	523	523	523	522	524	522	523	522	522	523	522	522	522	522	523	522	523	522	521	523	522	523	523	523	523	522	523	522	523	523	523	522	522	523	523	522	523	522	522	522	522	522	522	521	522	522	522	523	523	522	522	522	522	523	522	523	522	523	522	522	523	522	522	522	522	523	522	522	522	522	522	522	522	523	522	522	523	523	522	523	523	523	522	523	522	523	522	522	522	522	522	523	523
1024	-503876	523	522	523	522	523	523	523	523	523	523	523	523	523	523	523	523	523	523	523	524	523	523	523	525	523	523	524	524	524	524	524	524	523	524	523	524	524	523	523	524	523	523	523	523	523	523	523	523	523	523	523	522	523	523	522	523	522	522	522	522	522	522	522	522	523	522	523	523	522	523	523	522	523	523	523	523	523	523	523	524	523	523	523	523	523	523	523	523	523	523	523	523	523	523	523	523	524	522	523	523	522	522	522	522	522	522	522	522	523	522	522	522	522	522	523	522	523	521	523	523	523	524	523	523	523	523	523	523
1025	-503384	523	524	523	524	523	523	523	524	524	524	524	523	523	523	524	524	524	523	524	524	523	523	523	524	523	523	524	523	524	522	523	523	523	524	523	524	523	524	522	523	524	523	524	524	523	523	523	523	524	523	523	523	523	524	523	523	523	524	524	524	524	524	524	524	523	524	524	524	524	524	524	523	524	524	524	524	523	524	523	524	524	523	524	524	523	524	523	524	524	524	524	523	524	524	524	524	523	523	524	523	523	523	524	524	524	524	523	523	523	524	523	523	524	523	524	522	524	523	523	524	523	524	523	523	523	523	524	524
1026	-502892	524	524	524	523	524	524	524	525	524	524	524	524	524	524	524	524	524	525	524	525	524	523	524	524	524	523	524	524	524	524	524	524	524	524	525	524	524	524	524	525	524	524	524	524	524	524	524	524	524	525	524	524	524	524	524	524	525	524	525	524	525	525	523	524	523	524	524	524	524	523	523	525	524	524	524	524	524	524	524	524	524	524	524	524	524	524	524	524	523	524	524	524	524	524	524	524	524	523	524	524	524	523	523	524	524	524	523	524	523	524	523	523	523	524	524	523	523	524	524	524	524	523	523	524	524	524	524	524
1027	-502399	524	524	524	524	524	525	525	524	524	525	524	524	524	524	524	524	525	525	524	524	524	524	524	524	525	524	524	524	523	525	524	524	524	524	524	524	525	525	524	524	525	524	525	525	524	524	524	524	524	525	524	524	524	524	524	524	524	524	524	525	524	524	524	525	525	524	524	524	524	524	524	524	524	523	524	524	524	523	524	524	525	525	525	525	524	523	525	524	526	525	525	525	524	525	525	525	525	525	525	525	525	525	525	525	525	525	524	525	525	525	525	525	524	525	525	525	525	525	524	525	524	524	524	525	524	524	524	524
1028	-501907	525	526	525	525	525	525	525	525	525	525	524	525	525	525	526	525	525	525	525	525	525	525	526	524	525	524	525	524	524	525	524	525	526	524	525	524	525	525	525	525	525	525	525	525	526	525	525	525	525	526	526	525	525	525	525	525	526	526	525	525	525	525	526	526	525	526	525	525	525	525	525	525	524	524	524	525	525	524	525	525	525	525	525	525	525	525	526	525	524	525	525	525	525	525	526	525	525	525	525	524	524	525	525	525	524	525	525	525	525	524	525	525	524	525	525	525	525	524	524	525	525	523	525	524	525	525	525	525
1029	-501415	526	526	526	526	525	525	525	525	524	525	524	524	525	524	525	524	525	525	525	525	525	525	525	525	525	525	525	526	526	525	524	525	525	525	526	525	525	524	525	525	525	525	525	525	525	525	526	526	526	525	526	526	525	526	524	525	525	525	525	525	526	526	526	526	526	526	525	526	526	525	525	526	526	526	525	526	525	525	525	526	526	525	525	526	525	526	525	525	524	525	525	525	525	525	525	525	525	525	526	526	525	526	525	525	525	525	525	524	525	524	525	523	525	525	525	525	525	526	525	525	526	525	526	525	526	526	526	526
1030	-500923	526	526	526	526	526	526	526	526	526	526	526	526	526	524	526	526	526	526	526	526	526	525	526	526	526	526	525	526	526	526	527	525	527	526	526	527	526	527	526	526	526	526	526	526	526	525	525	526	526	525	526	526	526	526	526	526	526	526	526	526	525	526	526	525	526	525	527	526	526	526	525	527	526	526	525	526	526	526	527	526	526	526	526	526	526	526	527	526	527	526	526	526	526	526	525	526	525	527	526	526	526	525	526	526	525	526	526	526	526	526	526	525	527	526	526	526	526	526	527	526	527	527	526	526	527	527	526	526
1031	-500430	526	525	526	527	526	526	526	527	526	527	526	526	527	526	526	526	526	526	526	527	527	526	526	526	527	527	527	527	527	527	527	527	527	526	527	526	527	527	527	527	526	526	527	527	527	526	528	526	526	527	526	527	527	527	527	526	527	527	527	527	526	526	526	526	526	527	526	526	526	526	526	526	526	525	526	526	526	526	526	526	526	526	527	526	526	526	526	527	526	527	526	526	527	526	527	527	527	527	527	527	527	527	527	527	527	527	527	527	527	527	527	527	527	527	527	527	527	526	527	527	527	528	527	527	527	526	527	527
1032	-499938	527	527	527	527	527	527	528	527	527	527	527	527	527	527	527	527	526	527	527	526	527	526	527	527	527	527	527	527	527	527	527	527	528	528	527	528	527	528	527	527	527	526	528	527	527	527	527	527	527	527	527	527	528	527	527	527	527	527	527	527	526	527	527	526	527	527	527	527	527	527	527	527	527	527	527	526	527	526	526	527	526	527	526	527	527	526	527	527	527	527	527	527	527	527	526	527	527	526	527	527	527	526	527	526	526	527	526	526	526	527	527	526	527	528	527	527	527	527	527	527	527	527	527	527	527	527	527	527
1033	-499446	526	527	527	527	527	526	527	527	527	527	527	527	527	528	527	526	527	527	528	527	527	527	527	529	527	527	527	527	527	527	527	528	528	528	527	528	526	527	527	528	527	527	525	528	528	528	527	528	528	527	528	528	528	528	527	528	528	528	528	527	528	528	528	527	527	527	527	528	528	528	527	527	528	527	527	528	528	527	527	527	527	527	527	528	528	527	527	527	528	527	527	527	527	527	527	527	528	528	526	527	527	527	527	527	527	527	528	527	528	528	527	527	528	528	528	527	528	527	527	528	527	527	528	527	527	527	528	527
1034	-498953	528	528	528	528	528	528	528	528	528	527	528	528	528	527	527	528	527	527	527	527	528	528	527	528	528	528	528	529	528	528	528	528	528	528	528	528	528	528	527	529	529	529	528	529	528	528	528	528	528	527	527	528	528	528	528	528	527	528	528	528	528	528	528	528	527	528	528	528	528	528	528	527	527	528	527	527	528	527	528	527	528	527	527	527	528	528	529	528	527	528	528	528	528	528	528	528	528	528	528	527	528	528	528	527	528	528	528	528	528	528	528	528	529	528	528	528	528	529	528	529	528	529	528	528	528	528	528	528
1035	-498461	529	529	528	529	529	528	528	529	528	528	529	527	528	528	528	529	528	529	528	529	528	528	528	527	528	528	528	528	528	529	528	528	528	528	528	528	527	528	528	529	528	528	528	528	529	528	528	528	528	529	528	529	528	528	529	528	529	528	529	529	529	528	528	529	528	529	529	528	528	529	528	529	528	528	529	529	529	528	529	528	528	529	528	528	528	528	528	528	528	528	528	528	528	528	528	527	528	528	528	528	528	527	528	528	528	528	528	528	528	529	528	528	527	528	529	529	528	529	528	528	528	528	528	528	528	528	528	529
1036	-497969	529	529	529	529	529	529	529	529	529	529	529	529	529	529	530	529	529	528	529	529	529	529	529	529	529	529	529	529	529	528	529	529	529	529	528	529	528	529	529	529	529	529	528	528	528	529	529	529	528	528	529	529	529	529	529	529	529	529	529	530	529	528	529	529	529	529	529	528	529	529	529	528	529	528	529	528	529	529	529	529	529	528	528	529	528	528	528	529	529	529	528	529	529	528	528	528	528	528	529	529	528	528	529	529	529	528	528	529	529	530	528	528	528	529	530	529	529	529	530	529	529	529	529	529	529	529	529	529
1037	-497476	529	529	529	529	529	529	529	529	529	529	529	529	529	529	529	528	529	529	529	529	529	529	529	529	529	530	529	529	530	530	530	530	529	530	530	530	530	530	530	530	531	530	530	530	530	530	529	531	530	529	530	529	530	529	530	530	529	529	530	530	529	529	530	529	529	529	530	529	528	529	529	529	530	529	529	529	529	530	529	529	529	529	529	530	530	530	529	529	530	529	529	529	529	529	529	530	529	529	530	530	530	530	530	530	530	530	530	529	530	530	529	530	529	530	530	529	529	529	529	529	529	529	529	529	529	529	529	529
1038	-496984	529	529	529	529	529	529	530	529	529	529	530	530	529	530	529	529	529	529	529	529	530	530	530	530	529	529	530	530	530	529	530	530	530	530	530	530	530	531	531	531	530	531	530	530	529	530	530	531	530	530	530	531	531	531	530	531	530	530	529	530	531	530	529	530	530	530	529	529	530	530	530	530	530	530	530	529	530	530	530	529	530	530	530	530	529	530	530	530	530	530	530	529	529	529	530	530	529	530	530	530	530	530	530	530	530	530	530	530	529	529	530	530	530	530	530	530	529	530	529	529	530	530	530	529	529	529	530	530
1039	-496492	530	530	530	531	530	532	531	531	530	530	534	530	530	530	531	531	529	530	530	530	531	530	531	530	530	530	530	530	531	531	530	531	531	531	531	530	530	531	530	531	530	531	530	530	530	530	531	531	531	531	531	531	530	531	531	531	530	531	530	531	531	530	530	531	531	531	531	531	531	530	531	531	530	530	530	530	531	531	531	530	530	531	530	531	530	530	531	529	530	530	530	531	530	530	530	530	531	529	531	530	530	531	529	531	530	530	530	530	531	530	530	530	530	531	531	531	530	531	530	530	530	530	530	531	530	531	530	531
1040	-495999	530	532	530	531	531	531	531	531	531	531	531	531	532	531	531	531	531	531	531	531	531	531	531	530	531	531	531	531	531	531	531	531	530	531	531	531	531	532	531	531	531	531	531	530	530	531	531	530	531	530	530	531	530	531	531	531	531	531	531	531	531	532	531	532	531	531	531	531	531	530	531	530	530	531	530	531	530	530	532	531	531	531	531	531	532	532	531	532	531	531	532	531	532	531	531	531	531	531	531	531	532	531	531	531	532	531	531	531	531	531	531	531	531	530	531	531	530	530	531	531	530	531	530	531	531	530	530	530
1041	-495507	531	531	531	530	531	531	531	532	531	531	531	531	531	531	531	531	531	531	531	531	531	531	532	531	531	531	531	532	531	531	531	531	532	532	532	532	532	531	532	532	531	532	531	531	532	531	531	531	531	531	531	531	531	532	531	531	531	531	531	531	530	531	531	532	531	532	531	531	532	531	532	531	532	531	531	531	531	531	530	531	531	531	531	531	531	531	531	531	531	531	531	531	531	531	531	531	532	531	533	531	531	531	531	531	531	531	531	531	531	531	531	532	532	531	531	532	531	531	531	531	531	531	531	531	531	531	531	531
1042	-495015	532	532	531	531	531	532	531	531	531	532	532	532	532	531	531	531	532	532	531	531	531	532	532	531	531	531	531	531	531	531	531	531	531	531	532	531	531	531	531	531	531	532	532	532	531	532	531	532	531	531	531	531	532	532	531	532	532	532	532	532	532	532	532	532	532	531	532	532	531	532	532	531	531	532	532	531	532	532	532	532	532	532	532	532	533	531	532	532	532	532	531	532	532	532	532	532	532	532	532	532	532	532	531	531	532	532	532	531	531	532	532	532	531	533	532	531	532	532	531	532	531	532	532	531	531	531	531	532
1043	-494523	532	532	532	532	532	532	532	531	532	532	532	532	532	533	531	532	532	532	532	532	533	532	533	532	533	532	532	533	532	532	532	532	532	533	532	533	532	533	532	533	533	532	533	532	532	531	532	533	532	531	533	532	533	531	532	532	531	532	532	532	532	532	532	533	532	532	532	532	532	532	532	532	533	532	532	532	533	532	533	532	532	532	532	532	533	532	532	531	531	532	531	533	532	532	532	532	532	533	533	532	532	533	532	532	532	532	532	531	532	533	532	532	532	533	532	532	532	532	532	533	533	532	532	533	533	532	532	532
1044	-494030	533	532	533	533	533	533	533	532	533	532	533	533	532	532	532	532	532	533	533	532	532	533	532	533	533	533	532	533	533	533	532	533	533	532	533	533	533	534	533	533	532	532	533	532	533	533	533	533	534	533	534	534	534	533	533	534	534	533	533	533	533	534	533	533	534	533	533	534	534	533	534	533	533	533	533	533	534	533	534	534	533	533	533	533	533	533	532	533	533	532	533	533	532	533	533	533	533	533	533	533	533	533	533	532	533	533	533	532	532	533	533	532	532	532	533	535	532	533	532	533	533	533	533	532	534	532	533	532
1045	-493538	533	534	533	533	534	533	534	533	534	534	533	533	533	532	533	533	533	533	533	532	533	534	533	533	533	533	533	534	533	533	534	533	533	533	533	534	533	533	533	533	534	534	533	533	534	534	535	534	534	534	534	533	533	533	534	533	533	533	534	533	533	533	533	534	533	533	534	533	533	533	534	533	534	534	533	533	533	533	533	533	533	533	533	533	533	534	533	534	533	534	533	533	535	533	534	534	533	534	533	534	534	534	534	533	534	533	534	534	534	533	534	534	533	534	535	534	534	534	534	534	534	534	534	533	534	534	534	533
1046	-493046	534	533	534	533	534	534	534	534	534	534	534	533	534	534	534	534	533	534	535	535	534	534	534	534	535	534	534	534	534	535	535	534	535	534	534	534	534	534	533	533	533	534	533	534	534	533	534	534	533	534	534	534	534	533	533	534	534	533	534	533	533	533	533	534	534	534	534	534	534	534	534	534	534	534	534	534	534	533	534	534	534	534	535	534	534	534	535	534	534	535	535	535	534	535	534	534	534	534	534	534	533	534	534	534	534	534	534	534	535	534	534	535	534	534	534	535	534	534	534	534	534	534	533	534	534	534	534	534
1047	-492553	534	534	534	534	534	534	535	534	535	535	534	534	535	535	534	535	534	534	534	534	534	534	534	534	534	534	534	534	534	534	535	535	534	534	534	534	534	534	534	534	535	534	534	534	534	534	534	535	535	535	535	535	535	535	535	535	535	535	534	534	534	534	534	534	534	534	534	535	534	534	534	534	534	533	534	534	534	535	534	534	534	534	534	535	534	534	534	535	534	534	534	534	535	534	534	535	534	534	534	534	534	534	535	534	534	535	535	534	535	535	535	534	535	535	535	535	534	535	534	535	535	535	535	534	536	534	534	534
1048	-492061	535	534	534	534	535	534	534	535	534	535	534	536	534	534	534	535	534	535	535	535	535	534	535	535	535	535	535	535	535	535	533	535	535	533	534	535	535	535	535	535	536	535	535	535	536	535	535	535	535	535	535	535	535	535	536	535	534	534	534	534	534	535	534	534	533	534	535	534	532	534	534	535	534	534	534	534	535	534	535	534	534	534	535	534	535	535	535	532	534	534	535	534	535	534	534	535	535	535	535	535	535	535	536	535	535	535	535	535	535	535	535	535	535	535	535	535	535	535	535	534	535	535	534	535	535	534	535	535
1049	-491569	535	535	535	536	535	535	535	536	535	536	535	536	536	536	535	535	536	536	536	535	535	536	535	535	536	535	535	536	535	535	535	536	535	535	535	535	535	535	536	535	536	535	535	535	535	536	535	535	536	535	536	535	535	537	535	536	535	536	535	535	536	535	536	536	536	536	535	536	536	536	535	535	536	535	536	535	535	535	535	536	536	535	535	535	536	535	535	536	535	536	534	535	535	535	535	535	535	535	535	535	535	535	534	535	536	535	536	535	536	536	535	535	535	536	535	536	535	535	536	536	535	537	535	535	535	535	536	535
1050	-491076	536	536	536	536	536	535	536	535	536	536	536	536	535	536	536	535	536	536	535	536	536	536	535	535	535	536	536	536	535	535	536	536	535	535	536	535	536	536	536	535	536	535	536	536	535	536	535	536	536	535	536	536	536	536	535	535	536	536	536	536	536	536	536	536	536	536	536	536	536	535	536	536	535	536	536	536	536	535	536	536	536	536	536	536	535	536	535	536	536	536	536	536	536	536	536	536	536	536	536	536	537	536	536	536	536	536	536	537	536	536	536	536	536	537	537	536	536	537	536	536	536	536	537	536	536	536	536	537
1051	-490584	536	536	536	536	536	537	536	536	536	536	537	535	536	536	536	536	536	536	535	536	536	536	536	536	536	536	536	536	536	536	536	536	536	536	536	536	537	536	536	537	536	536	536	536	537	536	536	537	536	536	536	537	536	536	537	536	536	536	536	536	536	536	536	536	537	536	536	536	536	536	536	536	537	536	536	536	536	536	536	536	536	536	536	535	536	535	536	535	536	535	536	536	536	536	535	536	536	536	536	535	536	535	536	536	535	536	535	536	536	536	536	536	536	536	535	536	536	536	536	536	536	537	536	536	536	536	536	536
1052	-490092	536	536	536	536	537	536	536	536	536	537	536	536	536	536	536	536	536	536	536	536	535	537	536	536	536	537	536	536	536	536	537	537	537	536	537	536	536	537	537	537	536	537	537	537	537	537	537	536	537	537	537	536	536	537	537	537	537	537	537	536	536	536	536	536	536	537	536	537	537	536	536	537	537	537	536	536	536	536	536	537	537	537	537	536	537	537	537	536	536	536	536	537	538	536	537	537	537	536	537	536	537	537	537	536	537	536	537	537	537	536	537	537	537	537	537	537	537	537	538	537	537	537	537	537	537	537	537	537
1053	-489599	536	537	537	537	537	536	537	538	538	537	537	537	537	537	537	537	538	537	537	537	536	537	537	537	537	537	537	537	537	537	537	537	537	537	537	537	537	537	537	537	537	537	537	537	537	537	538	537	538	538	537	537	538	538	537	538	537	538	537	537	537	538	537	537	537	538	537	538	538	538	538	537	537	536	537	537	537	537	537	536	537	538	537	537	536	538	537	537	538	537	538	538	537	537	537	538	538	537	537	537	537	537	538	537	536	537	537	538	536	537	538	537	537	537	537	537	537	537	537	537	537	537	537	537	537	537	537	538
1054	-489107	538	538	538	537	538	538	538	538	538	538	538	538	538	537	538	538	537	538	537	537	537	537	537	537	537	537	537	538	537	537	537	537	537	538	537	538	537	538	538	537	538	537	538	537	537	537	538	538	538	537	537	537	537	537	537	537	538	537	537	537	537	538	538	538	538	538	538	538	538	538	538	539	538	537	537	537	538	537	537	537	537	538	538	538	537	537	538	538	538	538	537	538	539	537	537	538	538	537	538	537	537	538	538	538	538	537	538	538	539	537	539	537	538	538	538	538	537	538	537	537	538	538	538	537	537	538	538	539
1055	-488615	538	537	538	538	538	538	537	538	538	538	538	537	539	538	539	538	539	539	539	539	538	539	539	539	539	538	538	539	538	538	538	539	539	538	539	538	539	538	538	539	538	538	540	538	539	538	538	539	539	539	539	539	538	538	539	537	538	538	538	538	538	539	538	537	538	537	538	538	537	538	537	538	537	538	537	538	538	538	537	538	538	538	538	537	537	537	538	537	538	537	538	537	538	538	538	538	538	539	538	537	538	538	538	538	538	538	538	539	539	538	539	538	539	539	539	539	538	540	538	539	539	539	539	540	539	539	539	539
1056	-488123	538	539	539	539	539	539	539	539	539	539	539	539	539	539	539	539	539	539	540	537	539	538	539	539	539	539	538	539	539	539	538	538	540	539	540	539	538	539	538	539	539	539	539	538	538	538	540	539	538	539	538	538	539	539	538	539	539	538	539	538	539	539	538	539	539	538	540	538	540	539	539	539	539	539	539	539	539	539	539	539	539	538	539	539	539	539	539	538	539	538	539	539	539	539	539	539	538	539	540	538	539	539	539	539	539	539	539	539	539	540	539	539	539	537	539	539	539	539	539	539	539	539	540	540	540	539	539	540
1057	-487630	539	539	539	539	539	540	539	540	539	539	539	540	539	539	540	539	539	539	539	539	538	539	539	539	539	539	539	539	539	539	538	540	540	540	539	540	539	539	540	540	540	540	540	540	540	540	540	540	540	541	540	540	539	540	540	539	539	539	539	540	539	539	539	539	540	539	539	539	539	539	539	538	539	539	539	539	539	539	538	539	538	539	539	539	539	539	539	537	539	538	539	539	539	539	538	539	538	539	539	538	539	538	539	539	539	540	541	539	539	540	539	540	540	539	539	540	539	539	539	539	539	539	540	539	539	538	539	540
1058	-487138	539	540	540	540	540	539	539	540	540	540	540	539	539	539	538	539	539	539	539	539	540	539	539	539	539	540	539	539	539	539	540	539	539	539	539	540	540	540	540	540	540	539	540	540	540	540	540	540	539	540	540	541	540	540	540	540	540	540	539	540	540	540	540	540	541	540	540	540	540	540	540	540	540	540	540	540	540	540	540	540	540	540	540	540	540	540	540	539	539	539	540	539	539	540	539	539	538	539	539	539	539	539	539	539	539	539	539	539	540	539	540	540	539	540	539	540	539	539	539	540	540	540	539	540	539	540	540	540
1059	-486646	540	539	540	540	540	540	540	540	540	540	540	540	540	540	540	540	540	540	540	540	540	540	540	541	541	541	541	541	541	541	541	541	540	540	540	541	540	540	540	540	540	540	541	541	540	540	540	540	540	540	540	540	541	540	540	541	540	540	540	540	540	540	540	540	540	539	540	540	540	540	539	540	540	540	540	539	540	540	539	540	540	540	540	540	540	540	541	540	540	541	540	540	540	540	540	540	540	539	540	540	540	540	540	540	541	540	541	540	540	540	541	541	540	542	541	540	541	541	541	541	541	540	541	540	540	541	540	540
1060	-486153	541	539	540	540	540	540	540	540	540	540	540	540	540	540	540	541	539	540	540	541	541	541	540	540	540	541	540	540	541	540	541	541	540	540	541	540	541	541	540	541	541	541	541	539	541	541	541	540	541	541	540	541	541	541	540	541	541	541	541	541	541	541	541	541	541	541	541	541	541	541	541	540	541	541	541	540	540	541	541	541	541	541	542	541	541	541	540	540	540	541	540	541	541	541	541	540	540	541	541	541	541	541	541	541	541	540	540	540	540	541	541	541	540	540	539	541	541	540	541	541	540	541	540	541	541	541	541	541
1061	-485661	541	541	542	541	541	542	541	542	541	541	542	541	541	541	541	540	540	541	541	540	541	541	541	541	541	542	541	542	541	541	541	541	542	541	541	541	541	541	541	541	541	541	541	541	542	541	541	541	541	541	541	542	542	541	541	541	541	541	541	542	541	540	541	541	542	541	542	541	540	542	540	541	541	540	541	540	541	541	540	541	540	540	541	541	541	541	541	541	541	541	541	541	541	540	540	540	541	541	541	541	541	541	541	541	541	542	541	541	541	541	542	542	541	542	541	542	542	541	542	541	541	541	541	541	542	542	541	542
1062	-485169	542	541	542	539	541	541	541	542	541	541	541	541	542	541	542	542	541	542	541	542	542	542	542	542	541	542	542	542	541	542	542	542	542	542	542	541	542	542	542	542	542	541	541	542	541	541	542	541	542	542	541	542	542	542	542	542	542	542	543	542	542	542	542	541	542	541	542	542	541	542	541	542	542	542	542	541	541	542	541	542	541	541	541	542	541	541	541	541	541	541	541	541	542	540	541	541	541	542	542	541	542	542	541	542	541	542	541	541	541	541	541	541	541	541	541	543	542	542	542	542	542	542	543	542	542	542	542	542
1063	-484676	542	542	541	542	543	542	542	542	542	542	542	542	542	543	543	543	542	542	543	543	542	542	542	542	542	542	542	542	542	542	542	542	542	542	542	543	542	542	543	542	542	542	543	542	542	543	543	541	542	542	542	541	541	541	542	542	542	542	542	542	542	542	542	542	542	542	542	542	542	542	542	542	542	542	542	542	542	543	542	542	541	542	543	542	543	542	542	542	543	543	542	543	542	542	543	542	543	542	542	542	542	542	542	542	542	542	542	542	542	542	542	542	543	542	543	543	543	542	542	542	542	542	543	542	542	542	542	542
1064	-484184	542	542	542	543	543	542	542	542	543	542	543	542	543	542	542	543	542	543	542	542	543	543	543	542	542	543	542	543	543	543	543	542	543	543	542	542	542	542	542	542	543	542	542	543	542	542	543	543	542	543	543	542	542	542	543	542	542	543	542	543	542	543	544	542	542	542	543	542	542	542	543	543	543	543	543	542	542	543	542	543	542	542	542	543	542	542	543	543	542	543	543	543	543	542	542	542	543	542	543	543	542	544	543	543	543	542	543	543	543	542	543	543	542	543	543	543	543	543	543	544	543	544	543	543	542	542	543	542
1065	-483692	544	544	544	543	543	543	543	543	543	543	542	543	543	543	542	543	544	543	543	543	543	543	543	543	543	543	543	543	542	542	543	543	543	543	543	543	542	543	543	542	543	543	543	543	543	543	543	543	543	543	543	543	543	543	542	543	543	543	543	543	544	543	544	543	543	543	543	543	543	543	543	542	544	543	543	543	543	544	543	543	543	543	543	543	543	543	543	543	543	543	543	543	544	543	543	543	543	543	543	543	543	543	543	543	543	543	541	543	543	543	543	543	543	543	543	543	543	543	544	544	543	544	544	544	544	544	544	543
1066	-483199	544	543	544	544	543	544	543	544	543	543	543	544	543	543	543	543	543	543	542	543	543	543	543	543	543	543	544	543	544	544	543	543	543	544	544	543	543	543	543	544	543	543	543	543	544	543	544	543	544	544	544	545	543	544	544	544	544	544	544	544	544	544	543	544	544	544	544	544	544	543	544	544	544	544	544	544	544	544	544	544	544	544	543	544	544	544	543	543	544	543	544	544	544	543	543	544	544	544	544	544	544	544	544	544	544	544	544	544	543	543	544	543	543	543	543	543	543	543	544	544	544	544	543	543	543	544	544	544
1067	-482707	544	544	544	544	544	544	544	544	543	544	544	544	543	543	544	544	544	544	544	544	545	544	544	544	543	544	544	544	544	544	544	544	544	545	544	544	544	544	544	544	544	544	544	544	544	544	544	545	544	544	544	544	544	544	545	544	544	544	543	544	544	543	544	543	544	544	545	544	544	544	544	544	544	544	544	543	544	544	544	544	544	544	544	544	544	544	544	543	544	544	544	544	544	545	544	545	545	545	545	544	545	545	544	545	544	544	545	544	545	544	544	544	545	545	544	544	544	545	545	546	545	544	544	546	545	545	544	544
1068	-482215	544	544	544	544	544	544	544	544	544	545	544	544	544	544	545	544	545	545	544	545	544	545	545	545	544	544	545	544	544	544	544	544	544	544	545	545	544	545	544	544	545	545	545	545	544	545	545	545	546	545	546	545	545	545	544	546	545	544	545	545	545	545	546	545	544	545	545	545	545	544	545	544	545	545	544	545	545	544	544	545	545	545	545	544	545	544	545	544	544	545	545	545	544	543	545	545	544	544	544	544	544	544	544	544	544	544	545	544	545	545	544	545	546	544	544	544	545	544	545	544	545	544	545	545	544	544	544	544
1069	-481723	545	545	546	545	545	546	545	546	545	545	546	546	545	546	545	545	546	545	546	545	545	545	545	545	546	545	546	546	545	545	545	545	545	545	545	545	546	546	545	545	545	546	545	545	545	545	545	545	544	545	545	545	545	544	545	545	545	545	544	545	545	545	545	545	545	545	545	545	545	546	545	545	545	545	545	544	545	545	545	545	545	545	544	545	545	545	545	545	545	546	546	546	545	546	545	546	545	545	545	545	546	545	545	546	545	546	545	545	546	545	545	544	545	545	545	546	545	544	546	545	547	544	545	545	545	545	544	545
1070	-481230	546	545	545	545	545	545	546	546	545	546	546	545	546	546	546	545	545	545	544	545	547	545	545	546	545	546	545	546	546	545	546	546	546	546	546	546	545	546	546	546	546	546	545	545	546	546	546	546	546	546	546	545	545	546	546	545	546	546	546	545	545	546	545	545	546	545	546	545	546	546	546	546	545	545	546	545	545	546	546	546	546	545	546	546	545	547	545	546	546	545	546	545	546	545	547	546	544	546	545	546	546	545	547	546	546	546	545	547	545	546	546	545	546	547	546	545	546	547	546	546	545	546	546	546	546	546	545	547
1071	-480738	546	546	546	548	546	546	546	546	546	547	547	546	546	546	547	546	546	547	547	547	546	546	545	546	546	546	546	546	545	546	546	546	546	545	546	546	546	546	546	546	546	546	546	545	545	546	546	545	546	546	546	546	546	546	545	546	546	546	546	546	547	546	546	547	546	546	546	546	547	546	546	546	546	546	545	546	546	546	546	546	546	546	546	547	546	547	546	546	547	546	546	547	546	547	547	546	547	546	547	547	547	547	546	547	546	546	546	547	547	546	546	547	546	547	547	547	547	546	547	547	546	547	546	546	546	547	547	546
1072	-480246	546	546	547	546	547	547	546	547	546	547	547	547	547	547	547	546	547	547	547	547	546	547	547	547	547	547	546	547	547	547	547	547	547	547	547	547	546	546	547	546	546	546	546	547	546	546	546	547	548	547	547	547	547	547	547	547	546	546	546	546	546	546	546	546	546	546	545	546	547	546	546	546	546	547	547	547	547	546	547	547	546	546	546	547	546	546	547	546	547	547	547	547	547	547	547	547	546	547	547	547	547	547	546	547	547	547	547	547	546	547	547	546	547	547	545	546	546	547	547	547	547	546	546	547	546	547	546	546
1073	-479753	548	547	547	547	547	547	547	547	547	547	548	547	548	548	547	547	547	547	548	548	547	547	547	547	547	547	547	547	548	548	547	547	547	548	546	547	546	547	547	547	546	546	547	547	547	547	547	548	548	548	548	547	548	547	548	547	547	547	547	547	547	547	547	547	547	547	547	547	547	548	547	547	547	548	547	547	547	547	548	547	547	547	547	547	547	547	547	547	547	547	547	547	547	547	547	547	547	547	547	546	547	547	547	547	547	548	547	547	547	547	547	547	548	547	546	547	547	547	546	548	547	547	547	547	548	548	548	548
1074	-479261	547	548	547	547	547	547	547	547	547	547	547	547	548	548	547	547	547	547	548	548	548	548	548	548	547	548	547	547	548	547	547	547	547	548	548	547	547	548	548	548	548	548	548	547	547	548	548	548	548	548	548	548	548	546	548	547	547	548	547	547	547	548	548	548	548	548	548	548	548	548	548	548	548	548	547	547	548	547	547	547	547	547	547	547	547	548	548	547	548	547	547	548	547	548	548	547	547	547	548	547	548	547	548	548	547	548	547	547	547	547	547	547	547	547	548	548	548	547	547	547	548	547	548	548	548	548	548	547
1075	-478769	548	549	548	548	548	548	548	549	548	548	548	548	548	548	548	548	548	547	547	548	548	548	547	548	548	548	548	548	549	548	548	547	547	547	548	547	548	548	547	548	548	548	548	547	548	547	548	548	548	548	549	548	548	548	548	548	548	548	548	548	548	548	548	548	548	548	548	549	548	549	548	549	548	549	548	549	549	548	548	548	549	549	548	549	548	547	548	548	549	548	549	548	548	548	548	549	548	548	548	548	549	549	548	549	548	548	547	548	548	548	548	548	549	549	549	549	548	548	548	548	548	549	549	548	548	548	548	549
1076	-478276	548	548	548	549	548	548	549	548	548	547	548	548	548	548	548	548	548	548	548	548	548	548	547	547	548	548	548	548	549	548	549	548	549	549	549	549	548	548	548	549	549	547	548	548	548	549	548	549	548	549	549	548	549	549	548	549	548	549	549	549	549	548	549	549	549	549	548	548	549	549	549	549	549	549	549	549	549	549	549	548	549	549	548	548	548	548	549	548	548	548	547	548	548	547	548	548	549	549	548	548	549	549	549	548	549	549	549	549	549	549	548	549	547	548	548	548	549	548	548	549	548	549	549	549	549	548	549	548
1077	-477784	550	549	549	548	550	549	549	550	549	548	549	549	549	549	549	549	549	549	549	549	550	550	549	549	549	550	549	549	549	548	550	550	549	550	550	550	548	549	549	550	550	550	550	550	549	550	550	550	549	549	550	549	550	550	549	550	550	550	550	550	550	550	550	548	550	549	549	549	548	550	550	549	550	549	550	549	549	549	548	549	547	549	549	549	549	549	549	549	549	549	548	548	549	549	549	549	548	549	549	549	550	550	547	549	549	550	550	549	549	549	549	549	549	549	550	550	549	549	551	549	549	550	550	550	549	549	550	550
1078	-477292	550	549	550	550	549	549	550	550	549	550	549	550	548	549	550	550	550	549	549	550	549	550	548	548	549	549	549	549	549	550	549	550	548	550	550	549	550	549	549	549	549	549	549	550	549	549	550	550	549	549	550	550	549	549	550	549	551	550	550	550	550	550	550	550	549	550	549	549	549	548	550	550	550	550	550	550	550	550	550	550	550	549	550	550	549	550	550	550	550	549	550	550	550	550	550	549	550	550	550	550	550	550	550	550	550	550	550	547	550	550	550	550	550	549	550	550	549	550	550	550	549	549	549	549	550	549	549	550
1079	-476799	550	549	550	550	550	550	550	550	550	550	550	550	550	550	550	550	550	551	550	549	550	550	550	550	550	550	550	550	550	550	550	550	550	550	550	550	551	549	550	550	551	551	550	550	550	550	550	550	550	550	550	550	550	550	550	550	549	550	550	550	550	550	550	550	550	550	549	550	549	550	549	549	550	549	549	550	550	550	549	550	550	549	550	550	550	550	550	551	550	550	550	550	550	550	550	550	550	551	551	551	551	550	550	550	551	550	550	550	550	550	550	550	551	550	550	550	550	551	551	550	550	550	550	550	550	550	551	550
1080	-476307	550	551	551	551	551	551	551	551	551	551	551	550	551	551	550	551	550	551	551	550	550	551	551	551	551	551	550	550	551	551	551	551	550	551	550	551	550	550	551	551	551	550	551	551	551	552	551	550	551	551	551	550	551	551	551	552	551	550	551	550	551	551	551	551	551	551	551	551	551	552	551	551	551	550	551	552	550	551	550	551	551	551	552	551	551	551	551	551	551	552	551	551	551	550	552	551	551	551	551	551	551	552	551	552	551	551	551	551	551	550	551	551	551	550	551	551	551	550	551	550	551	551	550	550	550	551	550	550
1081	-475815	551	551	551	551	551	551	551	551	552	552	551	551	551	551	551	551	552	551	551	551	551	551	551	551	552	551	551	551	551	551	551	551	551	551	551	551	551	550	551	552	551	551	551	551	551	551	552	551	551	551	551	551	550	551	551	551	551	551	551	551	551	551	551	551	551	552	552	551	551	551	551	551	550	551	551	550	551	551	551	551	550	551	551	551	551	551	551	551	551	551	551	551	551	551	551	551	551	552	551	551	550	552	551	551	552	551	551	552	551	552	551	551	552	551	551	552	551	552	551	551	551	551	551	552	552	551	551	551
1082	-475323	552	552	553	552	552	552	551	552	551	552	551	551	552	551	551	552	551	552	552	552	552	553	552	552	552	552	552	552	552	552	552	552	552	552	552	551	552	552	551	552	552	552	552	551	552	551	552	552	551	552	552	552	551	552	552	551	552	551	551	551	551	551	552	551	551	551	551	552	551	551	552	551	552	551	551	551	551	551	552	551	552	551	552	551	552	552	552	551	551	551	551	552	552	552	552	551	552	551	551	551	551	552	551	552	552	552	552	552	552	552	552	552	551	552	551	551	550	551	551	551	551	551	551	552	551	552	552	552
1083	-474830	552	551	551	552	553	552	552	552	552	552	553	553	552	552	552	552	553	552	552	552	552	552	552	552	552	553	553	552	552	552	552	553	553	552	553	552	552	553	552	552	552	552	552	553	552	551	552	552	552	551	552	552	552	552	552	552	552	552	552	551	551	552	552	551	552	551	551	552	552	552	552	552	552	552	552	552	551	553	552	552	552	552	553	552	552	552	552	552	552	553	552	553	552	552	553	552	552	552	552	552	552	551	552	552	552	552	552	552	551	553	551	552	552	552	552	552	552	552	552	553	553	553	552	551	552	552	552	551
1084	-474338	552	553	553	553	552	552	552	552	552	552	553	552	552	552	553	553	553	552	553	552	553	552	553	553	552	552	552	552	552	552	552	552	552	552	552	553	552	553	552	552	552	552	553	552	552	552	552	552	552	552	552	552	552	552	552	552	552	552	552	552	552	553	552	553	553	552	553	553	553	553	552	553	552	552	553	552	552	552	552	553	552	553	553	552	552	552	552	553	552	553	553	553	554	553	554	552	553	553	552	553	552	552	552	552	553	552	552	553	552	553	552	552	553	552	553	552	552	552	553	552	552	553	552	552	552	552	553	552
1085	-473846	553	553	553	553	553	552	552	552	552	552	551	552	552	552	552	552	553	553	553	553	553	553	553	553	553	553	553	553	553	553	553	553	553	553	553	553	552	553	553	553	554	553	553	553	554	553	553	553	553	553	553	552	553	553	553	553	552	553	553	553	553	552	553	553	553	553	553	552	552	552	553	553	553	553	553	553	553	553	553	553	553	553	552	552	553	553	553	553	553	553	553	553	553	553	553	553	553	552	552	553	552	552	553	553	553	553	553	553	553	553	553	553	553	552	553	553	553	553	553	553	553	553	553	554	554	553	553	553
1086	-473353	554	554	554	553	554	553	553	553	553	553	553	553	553	553	553	553	553	553	552	553	553	553	553	553	553	553	554	553	554	554	554	554	553	554	554	553	554	553	554	554	554	554	553	554	554	554	555	553	554	554	554	553	553	554	553	554	554	553	553	553	553	553	554	554	554	553	552	553	553	553	553	553	553	553	553	553	553	554	553	553	553	551	553	553	553	553	553	553	553	553	554	553	553	554	554	553	554	554	553	554	554	553	553	553	554	553	553	553	552	554	553	553	553	554	553	553	553	553	554	555	553	553	553	553	553	554	553	553
1087	-472861	554	555	554	554	554	554	554	554	554	553	554	553	554	553	553	554	553	553	554	553	554	553	553	554	554	554	554	554	554	554	554	554	553	554	553	554	554	554	554	554	554	554	553	554	553	553	554	554	554	554	554	553	553	554	553	554	554	554	554	554	553	554	554	553	554	554	553	553	553	554	553	553	554	554	555	554	555	554	554	554	554	554	555	554	554	554	554	554	555	554	555	555	554	555	554	555	555	554	555	554	554	554	554	554	553	554	554	554	554	553	554	554	554	553	554	553	554	554	554	554	554	554	554	554	554	555	554	554
1088	-472369	554	554	555	554	554	554	554	554	555	555	554	555	555	555	555	555	555	555	555	554	555	555	555	555	553	554	554	554	553	554	554	554	554	554	554	555	555	554	555	554	554	554	554	555	554	554	554	554	555	554	554	555	554	555	554	555	555	555	555	554	555	555	554	555	554	554	555	554	555	554	554	555	554	555	555	554	555	555	555	554	555	555	555	555	555	555	554	555	555	555	555	553	554	555	554	555	555	555	554	554	555	555	555	555	554	555	555	555	555	555	556	555	555	555	554	554	555	554	554	554	555	554	555	555	555	554	555	555
1089	-471876	555	555	555	555	555	555	555	555	554	555	555	555	555	555	555	555	554	555	554	554	556	555	555	555	556	555	555	556	555	555	556	555	555	555	555	555	555	555	554	554	554	555	555	555	555	554	556	555	555	555	555	554	555	555	555	555	555	555	554	555	555	555	554	555	555	555	555	556	555	555	555	556	556	555	556	554	555	555	554	555	555	554	555	555	555	555	555	555	555	555	555	554	555	555	556	555	555	554	555	555	554	555	554	555	554	555	555	555	555	555	555	555	554	555	555	555	555	554	555	555	555	555	555	555	555	555	555	555
1090	-471384	556	556	556	556	556	555	556	556	556	555	556	555	555	555	555	556	556	555	555	555	556	555	556	555	555	556	555	555	556	555	556	555	555	557	556	556	555	555	555	555	555	555	556	556	556	555	555	556	555	555	556	555	554	555	556	555	555	555	555	555	556	555	556	555	556	555	556	556	555	556	555	555	555	555	555	555	555	556	556	555	555	556	556	555	556	555	556	555	556	556	557	555	555	556	555	556	556	555	556	556	556	556	556	556	556	556	556	556	556	555	555	556	556	555	555	555	555	555	555	555	555	555	556	556	555	555	555	555
1091	-470892	556	556	556	556	556	556	556	556	556	555	556	556	556	556	556	556	556	555	555	555	556	556	556	555	555	556	555	556	555	556	555	556	555	556	555	555	556	555	555	555	556	555	555	556	556	556	555	554	555	556	556	557	556	555	556	556	556	556	556	556	556	556	556	556	556	556	556	556	555	557	556	556	556	555	556	556	556	556	555	556	556	556	556	555	556	556	556	556	556	557	555	556	555	556	556	556	556	556	556	556	556	555	556	556	556	556	556	555	556	555	555	557	556	558	556	556	556	555	556	557	556	557	556	556	556	557	556	556
1092	-470399	556	556	556	557	556	556	556	556	556	556	556	556	555	556	556	556	556	556	557	557	557	556	557	557	557	557	557	556	557	557	558	557	556	557	557	557	557	558	557	557	558	556	557	557	557	557	556	557	556	557	557	557	557	556	557	557	556	557	556	556	557	556	557	557	556	556	556	556	556	557	556	556	556	556	556	556	556	556	556	556	556	557	556	557	556	556	556	556	556	555	556	556	556	556	556	556	556	557	555	556	557	557	557	557	556	556	557	557	556	556	557	556	556	556	556	556	557	557	557	556	556	556	557	556	557	556	556	557
1093	-469907	556	558	557	556	556	557	557	556	557	556	556	557	557	556	557	556	557	556	557	557	557	557	557	557	557	558	557	557	557	557	557	557	557	556	557	557	557	558	557	557	557	557	557	557	557	557	557	557	557	556	557	558	557	557	556	557	556	557	557	557	557	557	556	556	557	557	557	556	557	556	557	557	557	557	556	556	557	556	557	557	557	557	557	556	557	557	557	557	557	557	557	557	557	557	557	558	555	556	557	557	557	557	557	557	556	557	556	557	557	558	557	556	557	556	556	556	557	556	556	557	557	557	556	556	556	556	557	556
1094	-469415	558	558	557	557	558	558	558	558	557	557	557	558	557	558	557	557	558	558	558	557	558	558	558	558	558	557	557	558	557	557	557	557	558	557	557	558	557	558	557	558	558	558	557	557	557	557	558	558	557	558	557	557	557	558	557	557	558	558	557	557	557	558	557	558	558	558	558	558	558	557	557	558	557	557	557	557	557	557	558	558	558	557	557	558	558	557	557	557	557	558	557	557	557	557	557	557	557	558	557	558	558	558	557	557	558	558	556	558	558	557	558	557	557	557	558	558	558	558	559	558	557	558	558	558	558	558	557	558
1095	-468923	558	558	558	559	558	558	558	557	558	558	558	558	558	558	558	558	558	558	558	558	558	558	558	558	558	558	557	558	558	558	557	557	558	558	558	558	558	558	557	558	558	557	557	558	558	558	557	557	558	558	558	557	558	558	558	558	558	558	558	558	558	559	558	558	558	558	558	558	558	558	558	558	558	558	558	558	558	559	558	558	558	558	558	558	558	558	558	559	558	558	559	558	558	559	558	558	558	558	557	558	558	558	558	557	558	557	557	558	558	558	558	558	558	558	558	558	558	558	558	558	558	559	558	559	558	558	559	558
1096	-468430	559	558	559	558	559	559	559	559	559	559	559	559	559	559	559	558	559	559	559	559	559	559	559	559	560	558	559	558	558	559	558	559	559	558	558	558	559	559	558	558	558	558	558	558	558	558	558	558	559	558	558	558	557	559	557	559	558	558	558	558	558	558	558	559	558	558	559	558	559	559	559	558	559	558	558	558	558	558	558	558	558	558	558	559	559	559	558	558	559	559	559	558	558	558	558	559	558	559	558	559	559	559	559	558	559	558	559	559	558	558	558	558	559	558	558	558	558	559	558	559	559	559	559	559	559	559	559	559
1097	-467938	559	559	559	560	559	559	560	559	559	559	559	559	559	559	559	558	559	559	558	558	558	558	558	559	559	558	558	558	559	558	559	559	559	560	560	559	560	559	559	559	560	559	560	559	559	559	559	558	559	559	560	558	559	559	558	559	559	559	560	559	560	559	559	560	559	559	559	559	559	559	560	559	559	559	559	559	559	559	559	559	559	559	559	559	559	560	559	559	559	559	559	559	559	559	559	559	559	559	558	559	559	559	559	559	560	559	559	559	558	560	559	559	559	559	559	559	559	559	559	559	559	559	559	559	560	559	560	559
1098	-467446	559	559	559	559	559	560	559	560	560	560	560	560	560	560	560	559	560	560	560	560	560	559	559	559	559	560	560	559	560	559	559	560	560	560	559	560	560	560	560	560	560	560	559	560	560	560	560	559	560	560	560	559	560	560	560	560	559	560	560	560	559	559	559	560	560	559	559	559	560	559	560	560	559	559	559	560	559	559	560	560	560	559	560	560	560	560	559	559	559	560	560	559	559	560	560	560	560	560	560	560	560	560	560	559	559	559	559	560	559	559	559	559	559	560	560	560	559	559	559	560	560	560	559	559	560	560	560	559
1099	-466953	560	560	560	561	560	560	560	560	561	560	560	560	559	561	560	560	560	560	561	559	560	559	560	559	559	560	560	560	560	559	560	560	560	560	560	561	560	561	561	561	561	560	560	560	561	560	560	560	560	560	561	560	561	560	560	560	561	561	561	560	560	561	560	560	561	560	559	561	560	561	560	560	560	560	560	560	560	560	560	560	560	560	560	560	560	561	560	560	560	560	560	559	560	560	560	560	560	560	559	560	560	560	560	560	559	560	560	560	559	561	560	560	560	561	560	560	560	560	560	560	560	560	560	559	560	560	561	560
1100	-466461	560	560	560	560	560	560	560	560	560	560	560	560	559	560	561	560	560	560	560	560	560	560	560	560	560	560	560	559	560	559	560	561	560	560	560	560	560	560	560	560	561	560	561	561	560	560	559	561	560	560	561	559	560	560	560	560	560	560	560	560	561	561	561	560	561	561	560	561	561	561	561	560	561	560	561	561	560	560	560	560	560	561	560	560	560	560	560	560	562	560	561	561	560	561	561	560	561	560	560	560	560	561	560	560	560	560	561	560	560	561	560	560	560	560	561	561	561	560	560	560	560	560	560	560	560	560	560	561
1101	-465969	561	561	561	561	563	560	562	561	561	561	561	561	560	561	560	560	561	561	560	560	560	561	560	560	560	560	560	560	560	560	561	560	561	560	560	561	561	561	560	559	560	560	560	560	560	560	560	561	560	561	561	561	560	560	561	561	560	561	560	561	561	562	561	561	560	561	561	561	561	561	560	561	561	561	561	560	561	560	560	561	562	560	560	561	560	560	561	561	560	560	560	560	561	560	561	561	560	561	560	562	561	560	561	560	561	561	560	561	560	561	560	560	561	560	561	561	560	561	560	561	560	561	560	560	561	560	560	560
1102	-465476	561	561	562	561	561	561	561	561	562	561	561	561	562	561	562	562	561	562	562	562	562	561	562	562	562	562	561	562	562	561	562	562	561	561	561	561	562	561	561	561	561	562	562	562	561	561	562	562	561	561	561	561	562	560	561	561	561	562	560	561	561	562	561	560	561	562	561	562	561	561	561	561	561	561	562	561	561	561	561	561	561	562	561	561	561	561	561	561	561	560	561	561	561	561	561	561	561	561	561	561	561	561	561	561	561	562	561	561	561	562	561	561	561	561	561	560	561	560	562	561	561	560	560	561	561	561	561	561
1103	-464984	562	561	561	561	561	561	562	561	562	562	562	563	562	562	562	562	562	562	561	562	562	562	562	562	561	562	562	562	561	562	562	563	562	563	563	562	562	563	561	562	562	562	563	562	562	562	562	562	561	561	561	562	562	562	561	562	562	562	562	562	561	562	562	562	562	562	561	562	562	562	563	561	562	561	562	562	561	561	562	561	563	561	561	562	562	562	563	562	562	562	562	562	562	562	562	563	562	562	562	562	562	562	562	561	562	562	561	561	561	562	561	562	562	561	563	561	561	561	561	563	561	561	560	561	560	561	561	561
1104	-464492	563	563	563	563	562	562	563	562	563	563	563	562	562	562	562	562	562	562	562	562	563	562	562	562	562	562	562	562	562	562	562	561	562	562	562	563	561	562	562	561	562	562	562	562	561	562	562	562	562	562	562	562	562	562	562	562	562	562	562	562	562	562	563	563	562	563	563	563	563	563	563	563	563	563	562	563	563	562	563	563	563	563	563	563	563	563	563	563	562	563	562	563	563	562	563	562	562	563	562	563	562	562	562	563	562	562	562	562	562	561	562	562	562	562	562	561	562	562	561	561	561	562	562	562	562	563	562	562
1105	-463999	563	563	563	563	563	563	562	563	563	563	563	563	563	563	563	562	562	563	563	563	562	562	563	563	562	563	562	563	563	563	562	562	563	563	563	562	563	563	563	563	563	564	563	563	563	563	563	563	563	562	562	563	563	563	563	563	563	563	563	563	563	563	562	563	563	562	564	564	563	563	563	563	563	563	563	563	562	563	563	563	563	562	563	563	563	563	563	563	562	563	563	563	563	563	562	562	564	563	563	562	563	563	563	562	562	563	563	563	563	562	563	563	563	563	562	563	563	563	563	562	563	562	563	563	562	563	563	562
1106	-463507	563	563	563	563	563	563	563	564	563	563	563	563	564	563	563	564	563	563	562	562	563	562	563	563	563	563	562	563	562	563	564	562	562	563	563	563	563	563	563	563	563	563	563	563	563	562	563	563	563	563	562	563	563	562	564	564	564	564	564	563	564	564	564	564	564	563	563	563	564	564	563	563	563	563	564	563	563	563	563	563	563	563	563	563	564	563	563	563	564	564	563	563	563	563	563	563	563	563	563	563	563	563	563	563	562	563	563	563	563	563	563	563	563	564	563	563	564	563	564	563	563	563	564	563	563	563	563	563
1107	-463015	564	565	564	564	565	564	564	564	564	565	564	564	564	564	565	564	563	564	564	565	564	564	564	564	564	564	564	564	564	564	563	563	564	564	564	564	564	564	563	563	564	564	563	564	564	563	563	564	564	564	565	564	564	564	564	564	563	562	564	564	564	564	564	564	563	563	563	563	564	564	563	564	563	564	563	564	565	564	564	564	564	565	563	564	564	564	564	564	564	564	564	565	564	565	564	565	564	564	564	564	564	564	564	564	565	562	564	564	565	565	564	564	565	563	563	564	563	564	564	564	564	564	564	564	563	564	564	564
1108	-462523	564	565	565	565	565	565	565	565	564	565	564	564	564	564	564	564	564	565	564	565	565	565	565	565	566	564	564	565	565	565	565	565	564	565	565	563	565	565	564	565	565	564	564	564	565	565	564	564	564	564	564	564	564	564	565	565	564	564	564	564	563	564	564	564	564	564	565	564	565	564	564	565	564	566	564	565	565	564	565	564	564	565	565	565	564	564	564	564	565	564	564	565	562	565	565	565	564	564	565	564	564	564	565	564	564	563	564	565	565	565	564	563	565	565	564	565	564	565	564	564	564	565	565	564	564	564	564	564
1109	-462030	565	564	565	564	564	565	565	565	565	564	565	565	565	564	565	566	564	565	565	564	565	565	565	565	565	564	565	566	565	565	565	565	565	565	565	565	566	565	565	565	565	565	565	565	565	565	565	565	565	565	566	565	566	565	565	565	565	565	564	565	565	565	566	565	565	565	564	566	564	565	565	565	566	564	564	565	565	566	566	566	565	565	565	565	565	565	565	565	565	565	565	565	566	565	565	564	564	565	565	565	564	564	564	566	565	564	565	564	565	564	564	565	563	564	565	564	565	564	565	565	565	565	566	565	565	565	564	565
1110	-461538	565	565	565	565	566	565	564	565	565	565	566	565	566	566	565	565	566	566	566	566	566	566	566	566	565	565	566	565	565	565	565	565	565	565	565	565	565	566	565	565	565	565	565	565	566	565	564	566	565	565	565	565	566	565	565	565	565	566	565	565	564	565	566	566	566	566	566	566	566	566	566	566	566	566	567	566	566	566	566	567	566	566	565	566	566	565	565	565	565	566	565	566	566	565	566	566	566	566	566	566	565	565	565	565	565	565	565	565	565	565	565	565	564	566	566	565	566	564	565	565	565	565	565	566	565	565	565	565
1111	-461046	566	566	566	566	564	566	566	566	566	565	566	566	566	566	565	566	565	566	565	565	566	565	565	566	565	566	565	565	566	566	566	566	566	565	566	565	566	566	565	565	566	565	566	566	564	566	565	565	566	566	565	566	566	565	566	565	566	565	565	566	565	565	565	566	566	566	566	566	566	566	566	567	565	566	566	566	567	566	566	566	566	566	566	566	566	566	566	566	566	565	566	566	566	566	566	566	566	566	566	566	567	566	566	566	565	566	565	566	566	566	566	566	565	566	566	566	566	566	566	565	565	566	566	566	566	566	566	566
1112	-460553	566	567	566	567	566	565	567	566	566	566	565	566	566	566	566	565	566	566	566	566	565	566	566	566	567	566	566	566	566	567	566	566	566	566	566	567	566	567	566	566	567	567	567	567	567	567	566	567	567	566	567	566	566	566	566	567	566	567	567	567	566	566	566	566	565	566	566	565	565	566	566	566	566	566	566	567	566	566	566	566	566	565	567	566	566	565	566	566	566	566	565	566	565	565	566	566	566	566	565	566	566	567	567	568	567	566	567	569	567	567	567	567	566	567	567	567	567	567	566	567	567	566	567	567	567	566	566	567
1113	-460061	566	566	567	566	566	566	566	567	566	566	566	567	567	566	567	567	567	567	567	567	566	567	567	567	568	566	567	566	567	567	567	567	566	567	567	567	567	567	566	567	567	567	567	566	567	567	567	567	567	568	567	567	566	566	567	567	567	566	567	567	566	566	567	567	566	566	567	567	568	567	568	567	567	567	567	567	566	567	567	566	567	567	566	567	566	567	567	567	567	566	567	566	566	567	566	567	565	567	567	566	567	567	566	567	566	566	566	567	566	566	567	566	567	566	567	567	567	566	567	567	567	567	567	566	567	567	567	567
1114	-459569	568	567	567	567	567	567	568	567	568	568	567	567	567	567	568	567	567	567	567	567	567	567	566	567	567	567	567	567	568	567	566	567	568	567	567	567	567	567	567	568	568	567	567	567	568	568	567	567	567	567	567	568	567	567	567	567	567	568	568	568	568	568	568	568	567	567	568	567	567	567	567	568	568	568	568	567	568	567	568	568	568	567	568	568	567	568	567	568	568	567	567	568	568	568	567	567	567	568	568	567	568	567	568	568	567	568	567	567	567	567	567	567	567	567	566	567	566	567	567	567	567	567	567	567	568	567	567	567
1115	-459076	568	568	568	568	568	568	567	568	568	567	568	567	569	568	567	568	567	567	567	568	568	567	568	567	568	568	568	568	568	568	568	569	568	568	568	568	568	568	567	567	568	568	567	568	568	568	568	568	567	567	568	568	568	568	568	568	567	567	567	568	568	567	567	567	567	568	567	567	567	568	568	567	568	567	568	567	567	568	567	568	568	567	567	567	568	567	568	568	567	568	567	568	568	569	568	568	568	568	568	569	568	568	567	568	568	568	568	567	568	568	567	568	568	568	568	568	567	568	568	567	568	568	567	568	568	567	568	568
1116	-458584	569	569	569	570	569	569	569	568	568	568	568	568	569	568	568	568	567	568	568	568	568	568	568	568	569	568	568	569	568	569	568	568	568	568	568	568	568	568	567	568	567	568	568	568	568	569	568	568	568	568	568	569	569	568	568	568	568	568	568	568	568	568	568	569	568	569	568	567	568	568	568	568	568	568	568	568	568	567	567	568	568	568	567	568	567	568	567	567	568	568	568	568	568	568	568	568	568	568	567	568	568	568	568	568	569	569	568	568	568	569	569	568	568	568	568	569	568	568	568	569	568	568	569	568	568	568	568	569
1117	-458092	570	568	569	569	569	570	569	570	569	569	569	569	570	569	569	568	568	569	569	569	568	568	568	569	569	569	569	568	568	568	569	568	569	569	568	568	568	568	568	568	568	568	568	569	568	568	569	568	568	569	568	569	568	569	569	568	569	568	569	568	568	569	568	569	569	568	569	569	569	569	569	570	569	569	569	569	569	569	569	569	569	568	569	569	569	568	569	568	569	568	568	568	568	567	568	569	568	569	568	568	569	568	569	569	568	569	568	568	568	568	569	568	568	568	568	568	569	569	569	568	569	569	569	568	568	569	568	569
1118	-457599	570	570	570	569	569	569	570	570	569	570	570	569	569	569	570	570	569	569	569	569	569	569	569	568	570	569	569	568	569	569	568	569	569	569	570	569	568	569	568	569	569	569	569	569	569	569	569	569	568	569	569	569	569	569	569	570	569	569	569	569	569	569	569	569	569	569	569	569	570	569	569	569	569	569	570	569	570	569	570	569	569	569	569	569	569	569	570	569	569	569	569	570	569	569	569	569	569	570	568	569	569	569	568	569	569	569	569	569	569	569	569	569	570	569	570	569	569	570	570	570	570	570	569	570	569	570	569	569
1119	-457107	570	569	569	569	569	570	570	569	569	569	570	570	569	569	570	570	570	570	569	570	570	569	569	569	570	570	570	570	569	570	571	570	570	570	570	570	570	569	569	570	570	570	570	569	570	571	570	570	571	570	569	570	570	570	570	570	570	569	570	570	570	570	569	569	569	570	570	569	570	570	569	570	570	570	569	569	569	569	569	569	569	570	570	570	570	570	570	570	570	570	570	570	570	571	570	570	570	570	570	572	570	570	570	570	570	571	571	570	570	569	570	569	570	570	569	570	570	570	571	570	570	569	570	569	570	571	569	570
1120	-456615	570	570	570	570	570	570	570	570	569	569	570	569	570	570	569	570	569	570	569	569	570	570	570	570	569	570	570	570	570	570	570	570	570	570	570	570	569	570	570	570	570	570	571	570	569	570	570	570	570	570	570	570	571	570	570	569	570	570	571	570	570	570	570	570	570	570	570	570	569	570	570	571	570	570	570	569	570	570	570	570	570	570	570	570	572	571	571	570	570	571	570	570	570	570	570	570	570	570	570	570	570	570	570	571	570	570	571	571	571	569	571	571	570	570	570	570	570	569	571	570	571	571	571	571	571	571	571	571
1121	-456123	571	571	570	571	572	570	571	571	571	571	570	571	571	571	571	570	570	571	571	570	570	570	571	571	571	570	570	570	570	570	570	570	570	570	570	570	570	570	570	571	571	570	571	571	571	571	570	571	571	571	571	570	571	571	571	571	571	572	571	572	571	570	571	571	572	571	571	571	571	571	571	571	571	571	571	570	571	570	570	571	570	570	570	571	571	570	571	570	571	571	571	571	570	571	570	570	571	571	570	570	571	571	570	571	570	570	571	570	571	570	571	571	571	571	570	571	571	571	571	572	571	570	571	571	572	571	571	570
1122	-455630	571	571	571	571	571	570	571	571	572	573	571	571	572	572	572	572	571	571	571	571	571	571	571	571	571	571	571	572	572	571	571	571	571	571	571	571	571	571	571	571	572	572	571	571	571	571	571	572	572	571	571	571	571	571	571	571	571	571	571	571	571	571	571	571	571	571	571	572	571	571	571	573	571	571	571	571	571	571	570	572	571	571	571	571	571	571	571	572	571	571	570	571	571	572	571	571	571	571	571	570	571	571	571	571	571	571	572	571	572	573	572	571	572	571	571	572	571	571	571	571	571	571	571	572	571	571	571	571
1123	-455138	572	572	572	571	571	569	571	572	572	571	571	572	572	572	572	572	571	572	572	573	572	572	572	572	572	572	571	571	572	571	571	571	571	572	572	571	572	573	571	572	572	572	572	571	572	571	571	572	571	572	572	572	572	572	572	572	572	571	571	571	571	572	570	571	571	571	571	572	572	572	571	571	571	571	571	571	571	571	571	571	572	572	571	571	571	572	571	571	572	571	572	571	571	572	571	572	571	571	572	571	571	571	572	572	572	572	572	572	572	572	572	572	572	572	571	572	572	572	571	572	572	572	572	572	571	572	572	572
1124	-454646	572	572	572	572	572	571	572	572	572	572	572	572	572	572	572	572	571	571	572	572	572	572	572	572	573	573	572	572	572	572	572	572	574	572	572	572	572	572	572	573	572	572	573	572	573	572	572	573	571	572	572	571	573	572	572	572	572	572	572	572	572	572	572	572	572	572	572	572	572	572	572	572	572	572	571	571	572	571	572	572	571	572	572	572	571	572	573	572	572	573	572	572	573	571	571	571	572	572	572	572	572	572	572	572	572	572	572	572	571	572	572	572	572	572	572	571	572	572	572	572	571	571	572	572	572	571	572	571
1125	-454153	573	572	572	572	572	573	572	573	572	572	572	572	572	573	572	572	573	573	573	573	572	573	573	572	573	573	573	573	572	573	572	574	573	573	573	572	573	574	573	574	573	573	573	574	573	574	574	573	574	574	573	574	573	573	573	573	573	572	573	573	573	572	572	572	572	573	573	572	573	573	573	573	573	573	573	572	573	572	572	573	572	573	572	573	573	573	573	572	572	573	572	573	572	573	572	573	573	573	572	573	574	573	572	573	573	574	573	573	572	573	573	573	573	573	573	572	572	573	572	573	573	573	573	573	574	575	573	573
1126	-453661	573	572	573	573	573	574	574	572	574	574	574	574	574	574	573	573	574	574	574	574	574	573	573	574	573	574	574	573	574	573	574	573	574	574	574	573	573	574	574	573	573	572	573	572	573	573	573	572	573	573	573	572	574	573	573	574	574	574	573	573	574	573	573	573	573	573	573	573	573	573	573	573	574	573	574	573	574	574	573	573	573	574	574	575	573	573	574	573	573	573	573	574	573	574	573	573	573	573	573	573	574	574	573	574	574	574	574	574	574	574	573	574	574	574	574	573	574	573	573	573	573	572	573	573	573	574	573	573
1127	-453169	573	573	574	573	573	574	574	574	574	573	573	574	573	573	574	573	574	573	574	573	574	574	574	574	574	574	574	574	574	573	574	574	574	574	574	574	573	574	574	574	574	573	574	573	573	573	574	574	574	573	574	573	574	574	573	574	574	574	573	574	574	574	574	574	573	574	575	574	574	573	574	574	574	574	573	574	574	574	574	574	574	574	574	574	574	573	573	574	574	573	573	573	574	573	574	574	574	573	573	574	573	574	574	573	574	574	574	574	574	573	574	574	574	574	574	574	574	574	574	574	573	573	574	574	574	573	574	574
1128	-452676	574	573	573	574	573	574	574	574	574	573	574	574	574	574	574	574	574	574	574	573	575	574	574	574	575	574	574	575	574	574	573	574	574	574	574	574	574	574	574	574	574	573	575	573	574	574	574	574	574	573	574	574	574	574	572	574	573	575	574	574	574	574	574	574	574	575	574	574	575	574	574	574	575	571	574	574	575	574	574	574	573	574	574	574	575	573	575	574	574	575	574	575	575	575	574	574	575	574	574	574	574	574	574	575	575	574	574	574	574	574	574	575	574	574	574	574	574	574	575	574	574	574	575	575	574	574	574	574
1129	-452184	575	575	575	576	575	575	574	575	574	574	574	575	575	574	574	574	573	574	574	574	574	574	574	574	573	574	575	574	574	575	574	574	575	574	574	572	574	574	574	574	574	575	574	575	575	575	575	575	575	575	574	575	574	574	577	575	575	575	575	575	574	575	575	575	575	575	576	575	575	575	575	576	575	574	575	575	575	575	574	574	575	574	574	574	574	574	573	575	575	574	574	575	574	574	574	575	574	574	574	574	575	574	574	574	574	575	575	574	575	575	574	576	575	574	574	575	575	576	575	575	575	575	574	575	574	574	575	574
1130	-451692	575	574	574	575	575	575	575	576	575	574	575	575	575	574	575	575	575	574	575	575	574	575	575	575	575	574	575	575	576	575	574	575	575	575	575	575	575	575	575	575	575	576	575	576	576	575	575	574	575	576	575	575	575	574	576	575	576	575	575	575	574	575	576	576	575	575	576	576	576	576	575	576	575	576	575	576	576	575	575	575	576	576	576	576	575	574	576	575	575	575	576	575	575	576	574	576	575	575	575	576	575	576	575	575	575	575	575	575	575	575	576	574	575	576	575	576	576	575	575	576	575	576	575	576	575	575	576	576
1131	-451199	576	575	575	576	576	575	576	576	576	576	575	575	576	575	575	575	575	575	575	575	575	575	576	575	575	575	575	575	576	576	575	575	575	576	576	576	576	576	575	575	575	575	575	575	575	575	575	576	576	577	576	576	576	577	576	576	576	576	576	576	576	576	575	575	575	576	576	576	575	576	575	575	575	575	575	575	575	576	575	576	576	575	576	575	576	575	576	575	575	576	576	576	576	575	573	575	576	576	576	575	575	576	576	575	575	575	576	576	577	576	577	576	576	576	576	576	576	576	576	576	575	575	575	576	575	576	575	575
1132	-450707	576	576	576	576	576	576	576	576	575	576	576	576	576	576	575	576	576	576	575	576	576	576	576	576	576	576	576	576	576	576	576	577	576	576	576	576	576	577	576	576	576	576	577	576	577	576	576	576	577	576	576	575	576	576	576	576	577	576	576	577	576	576	577	577	577	576	576	576	576	577	576	576	576	577	577	576	576	576	576	576	576	576	576	576	576	576	576	576	576	576	577	576	576	576	576	576	576	576	576	576	577	576	576	576	576	576	576	576	576	577	576	576	576	576	576	576	576	576	576	578	576	576	576	576	576	576	576	576
1133	-450215	576	577	578	577	576	577	577	576	577	576	577	577	576	576	576	576	577	576	577	577	578	576	576	577	576	577	577	576	577	577	577	577	577	577	576	577	577	577	578	577	577	577	576	577	577	577	577	576	578	577	577	577	577	577	577	577	577	577	577	578	577	577	578	577	578	577	577	577	577	577	577	576	577	577	577	577	577	577	574	577	577	577	577	577	577	577	577	577	577	577	577	577	577	577	576	578	577	577	577	577	577	577	577	577	577	576	577	577	577	577	577	576	577	577	577	576	577	576	577	577	576	576	576	576	577	576	576	576
1134	-449723	577	577	577	578	578	577	578	577	577	578	577	577	578	578	577	577	578	578	577	577	577	577	577	576	577	577	577	577	577	577	577	577	577	579	578	577	578	577	577	578	577	577	578	577	577	577	578	577	577	578	578	578	577	577	577	577	578	577	578	577	578	578	578	577	578	578	577	577	577	577	577	577	576	577	577	577	577	577	578	577	577	577	577	578	577	578	577	576	578	577	578	577	577	577	576	577	577	578	577	576	577	577	577	577	576	577	577	577	576	577	577	577	577	577	577	578	577	577	577	578	577	577	577	576	578	577	577	577
1135	-449230	577	578	578	578	579	577	578	577	577	577	577	577	577	577	577	577	577	577	577	578	577	577	578	578	578	578	577	578	577	577	577	577	577	577	578	577	577	578	578	577	578	578	578	578	578	578	577	577	578	578	578	577	578	578	578	578	578	578	578	579	578	578	577	578	578	577	577	578	578	578	578	578	578	578	578	578	578	578	578	578	577	578	578	578	578	578	577	578	578	578	578	578	577	577	577	577	577	578	578	577	577	578	578	577	577	578	578	577	578	578	578	577	578	578	578	578	577	578	577	577	577	577	578	577	577	577	577	578
1136	-448738	578	578	578	578	578	578	578	577	577	578	578	579	579	578	578	578	578	578	578	578	577	578	578	578	578	578	578	578	578	577	579	579	578	578	578	578	578	578	579	578	579	578	579	578	578	578	578	577	578	578	578	578	578	578	577	578	578	578	578	577	579	578	578	578	577	578	578	578	577	578	578	578	579	578	578	578	577	577	578	578	578	577	577	577	579	578	578	578	578	579	577	578	578	578	579	578	578	578	577	578	578	578	579	578	579	578	578	578	578	578	578	578	577	578	579	578	578	579	578	578	578	577	578	578	578	578	578	577
1137	-448246	579	577	578	579	578	579	578	579	577	578	578	578	578	578	578	577	578	579	578	579	578	579	578	578	579	578	578	578	579	579	579	578	578	578	578	578	578	579	578	579	579	579	577	579	579	578	578	579	579	579	579	579	578	578	579	578	579	578	578	579	579	580	579	579	579	578	579	579	579	579	579	579	578	578	578	579	579	578	579	578	578	579	579	579	578	578	579	579	579	578	578	578	579	579	578	578	579	578	579	578	579	579	578	579	578	578	579	579	579	578	578	578	578	579	578	578	578	579	579	579	580	579	579	579	579	580	579	580
1138	-447753	579	579	579	579	579	579	579	579	579	579	579	579	579	579	579	579	579	579	579	578	579	579	579	579	579	578	579	579	579	579	579	579	579	579	579	579	579	579	579	579	579	580	580	579	579	579	579	579	578	579	578	580	580	579	579	579	579	580	579	579	579	579	580	579	579	579	579	579	578	579	578	579	579	579	579	579	579	579	579	578	579	580	579	579	579	579	579	579	579	579	579	580	579	579	579	579	578	579	579	579	579	579	579	579	579	579	579	579	580	580	580	579	579	580	579	579	579	579	579	579	580	579	580	580	579	580	579	580
1139	-447261	581	580	579	580	579	580	580	579	580	579	580	579	580	580	580	580	580	580	580	580	581	582	580	580	579	580	580	580	580	580	580	580	580	580	579	579	579	579	578	580	578	580	579	580	580	580	580	580	579	580	580	579	579	579	580	579	579	579	579	580	579	579	578	578	580	579	579	579	580	579	580	580	579	579	580	580	580	579	581	579	580	579	578	579	579	579	579	580	580	580	580	580	580	580	580	580	580	580	580	580	580	580	579	580	580	580	580	580	580	579	579	580	580	579	580	579	579	579	581	579	580	580	580	581	580	579	579	579
1140	-446769	580	580	579	580	580	580	580	579	580	580	579	580	580	579	580	579	581	579	581	580	580	580	580	581	580	580	580	581	580	580	580	581	580	580	580	579	579	580	580	580	579	580	580	580	581	580	580	581	580	581	581	580	581	580	579	581	581	580	581	580	580	580	581	580	580	580	580	580	580	580	580	580	580	580	580	580	580	580	579	579	580	579	580	580	579	579	579	580	579	580	579	579	579	579	579	580	580	579	580	580	579	580	580	580	579	579	580	580	580	580	580	579	579	580	579	579	579	580	579	580	580	580	580	580	580	579	580	580
1141	-446276	580	580	580	580	581	581	580	581	580	581	581	581	581	580	581	581	580	580	580	581	581	580	580	580	581	581	580	580	580	581	581	581	580	580	581	581	581	580	580	581	581	580	580	581	581	580	580	579	581	581	580	581	580	581	580	580	580	580	581	580	580	580	580	580	580	581	581	580	580	581	580	580	581	580	580	581	580	581	581	581	581	581	580	580	581	581	580	580	580	580	580	580	580	581	581	581	580	581	581	580	580	580	581	580	580	581	580	580	581	580	581	581	581	581	580	581	580	580	580	580	580	579	580	580	580	581	580	580
1142	-445784	581	580	582	581	581	581	581	581	582	582	581	581	581	581	580	581	581	581	581	581	581	581	581	581	582	581	581	581	582	582	581	581	582	582	581	582	582	582	582	581	580	581	581	581	581	581	581	581	581	581	581	581	581	581	581	581	581	581	580	581	580	581	580	581	581	580	580	581	581	581	581	581	581	580	581	581	581	581	581	581	581	581	581	581	581	581	581	581	580	581	581	581	581	582	581	582	581	581	581	581	581	581	581	582	581	581	582	581	582	581	582	581	580	581	581	582	582	581	581	581	581	582	582	581	581	581	582	581
1143	-445292	582	582	582	582	582	582	582	582	582	582	582	582	582	582	581	581	581	582	582	581	582	582	581	581	581	582	582	582	582	581	582	581	581	581	581	581	581	581	581	581	581	581	581	581	580	581	581	581	580	581	580	581	582	583	581	581	582	582	582	581	581	582	582	582	582	582	582	582	581	582	582	582	582	582	581	582	582	582	582	582	582	581	582	582	582	581	582	581	582	581	582	581	581	581	581	582	581	582	581	581	581	582	581	582	581	581	581	582	581	581	581	581	581	581	581	581	581	581	581	582	582	581	582	582	582	582	582	582
1144	-444799	581	582	582	583	582	582	583	582	583	582	583	583	582	583	582	583	582	583	583	582	582	583	583	583	582	583	582	582	582	583	582	582	583	582	581	582	582	582	583	582	583	582	583	583	583	583	582	583	582	582	582	582	583	582	583	582	582	583	582	582	582	582	583	582	583	582	582	583	582	583	582	583	582	582	583	583	583	582	582	583	582	582	582	583	582	582	582	582	582	583	583	582	582	583	582	582	582	582	583	582	582	582	582	583	582	582	582	582	582	583	582	582	581	582	582	582	582	582	582	582	581	582	582	582	582	583	582	582
1145	-444307	583	584	583	583	583	582	583	583	583	583	582	583	583	583	582	583	583	583	583	582	583	583	583	583	582	583	582	583	583	583	583	582	582	583	582	582	583	582	582	582	582	582	582	582	582	581	582	582	583	583	582	582	582	582	583	582	583	582	583	582	583	583	582	582	583	582	583	583	583	583	582	583	583	583	583	583	583	582	583	583	583	583	582	582	583	582	583	583	583	582	583	582	582	582	582	583	583	582	582	582	583	582	582	582	582	583	582	582	583	583	582	582	582	582	582	582	582	582	582	583	582	583	581	583	582	582	583	582
1146	-443815	583	583	583	583	583	583	583	583	583	583	583	583	583	582	583	583	583	583	583	583	583	583	584	582	583	583	582	583	583	583	583	583	583	583	582	583	583	583	583	583	583	583	583	583	583	582	583	583	583	583	584	583	583	582	583	583	583	583	583	583	583	583	582	583	584	583	583	583	583	583	583	583	583	582	582	583	582	583	582	583	582	583	583	582	584	583	583	584	583	583	583	583	583	583	583	584	583	583	583	583	583	583	584	583	583	583	583	584	583	584	584	584	583	583	584	583	583	583	583	583	583	583	583	583	583	584	583	583
1147	-443323	583	583	583	585	583	583	584	583	583	584	583	583	583	584	584	583	583	583	583	584	583	584	584	584	584	584	584	584	584	583	583	583	583	584	584	582	583	583	584	584	584	582	583	584	584	584	583	583	584	583	584	583	584	584	584	584	584	584	584	583	584	583	583	584	584	584	584	584	583	584	584	584	584	584	584	584	584	584	584	584	584	583	584	584	584	584	584	584	584	584	584	584	584	583	584	584	585	584	583	584	584	584	584	584	584	584	583	584	584	584	583	584	584	584	583	585	584	585	584	584	584	584	583	584	584	583	583	584
1148	-442830	584	584	584	583	584	584	584	584	584	584	584	584	584	585	584	584	583	584	584	584	584	584	584	583	584	584	583	584	583	583	584	583	584	584	584	583	584	584	584	583	583	584	584	584	584	584	584	584	584	584	583	584	584	584	584	583	584	584	585	584	584	584	584	584	584	584	584	584	584	584	584	584	584	584	584	585	585	585	584	584	584	585	584	584	584	584	584	583	584	584	584	584	584	584	584	583	583	583	584	584	583	584	584	584	584	584	585	584	583	584	584	583	583	583	585	584	584	584	584	584	584	583	583	584	584	584	583	583
1149	-442338	584	583	584	583	584	584	584	585	584	584	584	584	585	584	584	584	584	584	584	585	584	585	583	584	584	584	584	584	585	584	584	585	584	585	585	585	585	584	585	585	584	584	584	585	584	585	585	585	585	585	585	585	584	585	585	585	584	585	585	585	585	585	585	585	585	585	585	585	585	585	584	585	585	584	584	585	585	585	585	584	584	585	585	585	585	585	585	584	585	584	585	585	585	585	584	585	584	584	585	584	585	584	585	585	585	585	585	586	585	585	585	585	585	585	585	585	585	585	585	585	585	584	585	585	585	585	585	585
1150	-441846	584	584	585	585	585	585	585	585	585	585	585	585	584	584	585	585	585	584	585	585	585	585	585	585	585	585	585	585	585	584	585	585	585	584	584	585	585	585	585	584	585	585	585	585	585	586	585	587	585	585	586	585	585	585	585	586	585	586	585	585	585	584	585	586	586	585	585	585	585	585	585	585	585	585	585	585	585	585	585	585	585	585	585	585	585	585	584	584	585	585	584	585	584	583	585	585	585	584	584	584	585	584	584	584	585	584	584	584	584	584	584	584	585	584	585	584	584	584	584	584	585	583	584	584	584	585	585	584
1151	-441353	586	585	586	585	585	585	585	585	585	585	586	585	586	585	585	586	585	585	585	586	586	586	586	585	586	586	586	586	586	586	585	585	586	586	586	586	586	585	585	585	586	586	585	585	585	585	585	585	585	586	586	586	585	586	586	585	585	585	586	585	585	587	586	586	585	586	586	585	587	585	586	585	585	585	585	585	586	585	585	585	586	585	586	586	586	586	586	586	586	585	586	586	586	586	586	586	586	586	586	586	585	586	586	586	586	586	586	586	586	585	586	586	586	586	586	586	585	586	585	585	585	585	584	585	585	586	585	585
1152	-440861	586	586	586	586	586	587	586	586	586	586	586	586	586	586	585	586	586	585	586	586	586	586	586	586	586	586	586	586	586	586	586	586	587	586	586	586	585	586	586	585	585	586	586	586	585	586	587	586	586	586	586	585	586	586	586	585	586	586	585	585	585	585	586	586	586	585	586	587	586	586	587	586	586	587	586	586	586	586	586	586	586	586	586	585	586	585	586	586	585	586	586	585	586	586	586	586	586	586	586	586	586	586	586	585	586	585	586	586	586	586	585	586	586	586	587	586	586	586	585	586	587	587	585	586	585	586	586	586
1153	-440369	586	586	587	586	586	587	586	587	586	586	587	586	587	587	587	586	586	587	586	587	587	587	587	587	587	587	587	587	586	587	587	587	587	587	587	587	587	587	587	588	587	587	587	587	586	586	587	587	586	586	586	586	586	586	586	586	587	587	587	586	586	586	587	585	586	585	586	586	586	586	586	585	586	585	586	586	585	586	586	586	586	586	587	586	586	586	586	587	586	585	586	586	586	586	586	587	586	586	587	586	587	587	586	587	586	586	586	586	584	586	587	586	587	587	586	588	587	587	586	587	587	587	586	586	586	586	586	587
1154	-439876	587	586	587	587	588	587	587	587	587	588	587	588	587	587	587	587	588	587	587	587	587	588	587	587	587	587	587	587	587	587	587	587	587	587	588	587	587	587	587	588	587	587	587	587	586	587	586	587	587	587	586	586	587	588	587	586	587	586	587	587	587	587	587	587	587	588	587	587	587	587	587	587	587	587	587	587	587	588	588	588	588	587	587	587	588	588	587	587	588	588	588	587	588	587	587	588	587	587	588	587	587	587	587	587	587	587	587	587	587	587	587	587	587	587	587	587	587	587	587	586	586	587	586	586	586	586	586	587
1155	-439384	587	587	587	587	587	587	587	587	587	587	587	585	587	587	587	587	587	587	588	587	587	587	586	587	588	588	587	587	587	587	588	588	587	588	587	588	588	588	588	588	588	587	587	587	588	588	587	587	587	587	588	587	587	587	588	588	588	588	588	588	588	587	587	587	588	587	588	588	588	588	588	588	588	588	588	588	587	588	587	588	587	587	588	587	588	587	587	587	588	588	587	587	587	587	587	587	587	587	587	587	587	587	587	587	587	587	587	587	588	587	587	587	587	587	587	587	588	587	587	587	588	588	588	587	587	587	587	588
1156	-438892	588	588	588	588	588	588	588	589	588	588	588	588	588	587	587	588	588	588	588	588	588	588	588	588	588	588	588	588	588	588	588	588	587	588	588	587	587	588	588	587	587	587	587	588	588	588	588	587	588	587	588	588	588	589	588	588	588	588	589	588	588	588	588	588	589	589	588	588	588	589	588	588	589	589	588	588	587	588	588	588	588	588	588	588	588	588	587	588	587	588	587	587	588	588	587	588	587	588	588	587	587	587	588	588	587	587	588	588	588	588	587	587	588	588	588	588	588	588	588	588	588	588	588	588	588	588	588	588
1157	-438399	588	588	588	589	588	589	589	589	589	589	589	589	589	589	589	589	588	589	590	589	589	589	590	589	590	589	589	589	589	590	589	589	589	589	588	589	588	589	589	589	588	588	588	588	588	589	589	588	588	588	589	589	588	588	589	588	589	588	588	588	588	589	587	588	588	588	588	588	588	589	588	588	588	588	589	588	589	588	588	589	589	588	589	588	588	588	589	589	589	589	589	589	589	589	589	589	588	590	589	589	588	589	588	589	589	589	589	589	589	588	588	589	589	589	589	589	589	588	589	589	588	588	588	588	588	589	589	588
1158	-437907	590	590	589	590	589	589	589	590	589	589	589	589	589	588	589	589	589	588	588	590	589	589	589	589	589	589	589	588	588	589	588	588	588	588	588	588	588	588	589	589	588	589	589	589	589	589	589	588	589	589	590	590	590	590	589	590	589	589	589	589	589	589	589	589	589	590	590	589	589	589	589	589	589	590	589	589	589	589	590	590	590	590	589	590	589	589	589	589	590	589	589	589	588	589	589	589	589	589	590	589	590	589	589	589	589	589	588	589	588	588	588	588	589	588	588	588	588	589	588	590	588	588	589	589	589	589	589	589
1159	-437415	590	590	590	590	589	590	590	590	589	589	589	589	589	590	589	589	590	588	589	589	590	590	590	590	589	590	590	590	589	589	590	590	589	590	590	590	589	590	590	590	590	590	590	589	590	590	590	590	590	590	590	590	591	590	590	589	589	590	589	590	589	589	589	589	590	590	589	590	589	589	589	589	589	589	590	589	589	589	589	590	589	589	589	589	589	590	588	589	589	589	589	590	589	589	589	589	590	590	590	589	589	590	590	590	589	589	590	589	589	589	590	590	589	590	590	589	590	590	590	589	590	590	590	591	590	590	590	589
1160	-436923	590	590	590	590	590	590	590	591	591	590	590	591	590	590	590	590	590	590	591	590	590	591	591	591	591	591	592	591	591	591	590	591	590	590	590	590	590	589	589	590	590	590	589	590	590	590	589	590	589	589	590	590	590	590	590	590	589	590	590	590	589	590	589	589	590	590	590	590	590	590	590	590	591	590	590	590	590	590	590	589	590	590	590	590	590	590	590	590	590	590	589	590	591	590	590	590	590	590	590	590	590	589	590	589	590	590	590	590	590	590	589	590	589	590	590	589	590	590	589	590	589	590	589	589	589	589	589	589
1161	-436430	590	590	590	591	591	590	591	591	591	591	590	591	591	591	591	590	591	591	591	591	590	591	590	590	590	590	591	589	590	590	590	591	590	590	590	590	591	591	591	591	590	590	590	590	590	590	590	590	590	590	590	590	590	590	590	590	590	590	591	591	590	590	590	591	590	591	590	590	590	590	590	590	590	590	590	590	590	590	591	590	591	591	590	591	590	590	590	590	591	591	591	591	590	591	590	591	591	590	590	590	590	590	590	589	589	590	589	589	590	590	590	590	590	590	590	590	590	591	589	590	590	590	591	590	590	590	590	591
1162	-435938	591	591	590	591	591	591	591	591	591	591	591	591	591	591	591	590	591	590	591	591	591	591	591	591	591	591	591	591	591	591	591	591	591	591	591	591	591	591	591	591	591	591	590	592	592	591	592	591	592	591	591	592	591	592	592	591	591	591	591	591	590	591	590	591	591	591	590	590	590	591	591	590	591	591	590	589	590	590	591	590	590	590	591	591	591	591	590	591	590	591	591	590	591	590	591	590	591	591	591	591	591	590	592	591	590	591	591	591	591	591	591	591	591	591	591	591	591	591	590	591	591	591	591	592	592	590	591	590
1163	-435446	591	591	590	591	592	591	591	591	591	591	592	591	591	591	591	591	592	592	591	592	591	592	592	591	591	591	591	592	592	592	591	591	591	592	591	592	592	592	592	591	592	592	592	592	591	591	592	592	591	591	592	591	592	592	591	591	591	592	592	592	592	592	592	591	592	591	592	592	592	592	591	591	591	591	591	591	591	591	591	591	591	591	592	591	591	591	591	591	591	592	591	591	591	591	592	591	591	591	591	592	591	592	591	591	591	591	591	591	592	592	592	592	592	591	592	592	592	591	592	592	591	591	591	591	591	592	591	591
1164	-434953	591	591	591	591	592	593	592	592	592	592	593	592	592	592	592	593	592	591	592	592	592	591	592	592	592	593	592	592	592	592	592	593	592	592	592	593	592	592	591	592	592	592	592	592	592	592	592	591	592	592	592	592	592	592	593	593	593	593	592	593	591	592	592	593	592	592	592	592	592	592	592	592	592	592	592	592	592	592	592	591	592	592	592	592	591	592	592	592	592	592	592	592	591	592	592	592	591	592	592	592	592	592	592	592	592	591	592	592	592	592	592	592	592	592	592	592	592	592	592	592	592	592	592	592	592	592	591	591
1165	-434461	592	592	592	593	592	592	592	593	592	593	593	593	593	593	593	594	592	592	592	592	593	592	593	592	591	592	592	592	592	592	593	592	593	592	592	593	592	592	592	592	592	593	592	591	592	592	593	593	592	592	592	592	592	592	593	592	592	592	593	593	592	593	592	592	592	593	592	593	592	592	592	592	593	593	592	592	593	592	592	592	593	592	592	592	592	592	593	592	592	592	593	593	593	592	592	593	592	593	593	593	592	592	592	592	593	592	593	592	592	592	592	593	592	594	593	593	593	593	593	593	593	592	592	593	592	593	592	592
1166	-433969	593	593	593	593	593	593	594	593	593	593	593	593	593	593	593	593	593	592	592	593	592	593	593	592	593	593	593	593	594	593	593	593	594	593	593	593	593	592	593	593	594	593	593	593	593	593	593	593	593	592	593	594	593	593	593	594	593	593	594	593	593	593	594	593	593	593	593	593	594	593	593	594	593	594	593	594	594	594	593	593	593	593	593	593	593	593	593	593	593	592	593	593	593	592	593	593	592	593	593	594	593	592	593	592	593	592	592	592	592	592	593	592	593	592	592	593	592	594	593	593	593	593	593	593	593	592	593	593
1167	-433476	594	594	594	593	594	594	594	594	594	595	594	594	593	593	594	594	594	591	593	594	594	593	594	594	594	594	594	593	593	594	593	594	593	594	593	593	595	593	593	593	593	594	593	594	593	594	593	593	594	593	594	593	594	593	593	593	593	593	593	593	593	593	593	593	593	593	593	593	594	593	593	593	593	593	594	593	593	593	593	593	593	593	593	594	593	593	592	594	593	593	594	594	593	595	594	593	593	594	593	593	593	593	593	593	593	594	593	593	593	593	593	593	594	594	593	594	593	593	594	593	593	593	593	593	594	594	593	594
1168	-432984	594	594	594	594	593	593	593	593	593	593	593	593	593	594	594	594	594	594	594	594	594	594	594	593	594	594	594	594	594	593	593	594	594	594	593	594	593	593	594	594	593	593	593	594	594	594	594	594	593	594	594	593	594	593	594	593	594	594	594	594	593	593	593	593	594	594	594	593	594	594	594	594	593	594	593	594	594	594	595	594	595	594	594	594	594	595	595	594	594	593	594	594	594	594	593	594	594	594	594	594	595	594	594	595	594	594	594	594	594	594	594	595	595	594	594	594	595	594	594	594	594	593	595	594	595	594	594	593
1169	-432492	594	594	595	595	594	594	594	594	594	594	594	594	595	594	594	595	595	595	594	595	595	594	595	595	594	595	595	595	594	595	595	594	594	594	594	594	593	594	594	594	594	594	595	593	594	594	594	595	594	594	594	593	593	594	594	596	593	593	593	594	594	594	594	593	594	594	594	595	594	594	594	595	594	595	595	594	594	594	595	595	594	595	594	594	594	594	595	595	595	595	595	595	595	595	595	595	595	595	595	596	594	595	595	595	595	594	595	595	595	595	595	595	595	596	594	594	594	593	595	595	595	595	594	595	595	594	594	595
1170	-431999	595	595	595	595	595	595	595	595	595	596	595	595	595	594	595	595	595	595	594	594	595	594	594	594	595	595	595	595	595	595	596	595	595	595	594	596	595	595	595	594	594	594	595	595	594	594	594	594	595	595	595	595	595	595	595	595	596	596	595	595	595	595	595	595	595	595	595	595	594	595	595	595	595	595	595	595	595	595	595	595	595	595	596	595	595	595	595	595	595	595	595	595	595	595	595	595	595	595	594	595	595	595	595	595	595	595	595	594	594	594	595	595	595	595	595	595	595	595	595	594	594	594	594	595	593	594	595	594
1171	-431507	596	596	595	596	596	596	596	596	596	595	596	596	596	595	596	595	596	595	595	595	595	596	595	595	595	596	595	595	596	595	595	595	595	595	595	596	595	595	595	595	595	596	595	596	595	595	596	596	595	595	595	595	595	596	596	595	595	595	595	595	596	595	596	595	595	596	595	595	595	596	595	596	596	596	595	596	596	596	595	595	596	595	596	595	595	595	596	596	595	595	595	595	595	595	596	595	595	596	596	595	595	595	595	595	595	594	595	595	594	595	595	594	595	595	595	595	595	594	595	595	595	595	595	595	595	595	596	596
1172	-431015	596	597	596	595	595	596	596	595	596	595	596	596	596	596	595	595	596	596	595	595	595	596	596	596	596	596	597	596	597	596	596	596	596	596	595	596	596	596	596	596	596	596	596	596	596	596	596	596	596	595	595	597	595	595	596	595	596	596	596	595	596	596	596	597	596	596	596	596	595	596	594	595	595	596	595	595	595	595	596	596	595	596	595	595	596	596	595	596	596	596	597	595	595	595	595	596	595	595	595	595	597	596	597	596	597	596	596	596	597	596	596	597	597	596	596	596	596	597	595	597	596	596	596	596	596	595	596	595
1173	-430523	596	597	597	596	597	597	596	597	596	597	596	597	597	596	597	596	596	596	596	597	597	596	596	596	596	595	597	597	596	596	597	597	596	597	596	597	596	597	596	596	596	596	597	597	597	597	597	597	597	596	597	597	597	597	596	597	596	597	597	597	596	597	597	598	597	597	597	597	596	597	597	596	597	596	596	596	596	597	596	596	596	596	597	596	597	597	596	596	596	597	597	596	596	596	596	596	595	596	596	596	595	596	597	596	597	596	596	597	596	597	597	596	596	596	596	596	596	596	596	596	597	596	596	596	596	597	596	596
1174	-430030	597	597	597	597	596	596	597	596	597	597	597	597	597	597	598	597	597	597	597	597	597	597	597	597	597	596	597	598	597	597	598	596	598	597	597	597	597	597	597	598	597	597	598	597	597	597	597	597	597	597	597	596	597	597	597	597	596	597	596	596	597	597	597	597	597	597	598	597	597	597	597	597	597	597	597	597	597	597	596	597	597	597	597	597	597	597	598	597	597	597	597	598	597	597	597	597	597	597	597	598	597	597	597	597	597	597	597	597	597	595	596	598	597	596	596	597	597	597	596	596	597	596	596	596	596	596	596	596
1175	-429538	598	597	598	597	597	597	597	597	597	596	597	597	597	598	597	598	598	597	597	597	598	598	597	598	597	598	598	597	597	597	598	598	598	598	598	598	598	597	598	597	598	598	597	597	597	598	598	598	598	597	598	597	597	597	597	598	597	598	597	598	598	598	599	598	598	598	598	598	597	598	598	597	597	597	598	598	597	598	597	598	597	598	597	598	597	597	597	598	598	598	597	597	598	597	598	597	598	597	597	597	597	597	598	597	598	597	598	597	597	598	597	597	597	598	597	597	596	596	597	597	597	597	596	598	597	597	596	597
1176	-429046	597	597	597	597	598	598	598	597	598	597	598	598	598	597	598	597	597	597	598	599	597	597	597	597	598	597	598	598	598	598	598	598	598	598	598	598	599	599	597	598	598	598	598	598	598	598	599	598	598	599	599	598	599	598	598	598	598	597	598	598	598	598	598	598	598	598	598	598	598	598	599	598	597	597	598	598	600	598	597	598	598	598	598	598	597	598	597	597	597	598	598	598	598	598	598	596	599	598	597	598	597	598	597	598	598	597	598	598	598	599	598	599	599	599	598	599	598	598	598	599	598	599	599	599	598	599	599	599
1177	-428553	598	598	597	598	598	597	598	598	598	598	598	598	598	598	599	599	599	599	599	599	599	599	599	600	599	598	599	598	598	599	598	598	598	598	599	600	599	599	599	598	599	599	599	598	598	599	598	598	599	599	598	598	598	599	596	599	598	598	598	598	599	599	598	598	598	599	599	598	598	597	598	598	598	599	598	598	598	599	599	599	598	598	598	599	598	599	598	598	599	598	597	599	598	600	598	598	598	598	598	599	599	599	599	599	599	599	599	599	599	599	599	598	599	599	599	599	598	599	599	600	599	599	599	599	600	599	599	599
1178	-428061	599	599	599	599	599	599	599	600	599	600	599	599	599	599	599	598	599	599	598	599	599	599	599	599	599	598	599	599	600	599	599	599	599	599	599	598	599	598	598	599	599	598	599	599	599	599	598	598	599	599	599	600	598	600	599	599	599	598	599	599	598	599	599	599	599	599	598	599	599	599	599	599	598	599	599	599	599	599	600	600	599	599	599	599	599	599	598	599	599	599	599	599	599	599	599	599	599	599	600	599	598	599	599	599	599	599	598	598	598	598	600	599	599	599	599	599	599	599	598	599	598	598	599	599	599	599	598	598
1179	-427569	599	599	599	599	600	600	600	600	599	599	599	600	600	600	600	599	599	600	599	600	599	600	599	600	600	599	599	599	600	599	599	599	599	599	600	600	599	599	599	599	599	599	599	600	599	599	599	599	600	599	599	598	599	600	598	599	598	599	599	599	600	599	599	599	600	600	600	600	599	599	599	599	599	598	600	599	599	599	599	600	600	600	600	600	599	600	600	600	600	600	599	599	601	600	599	599	599	600	599	599	599	599	600	600	599	600	600	600	599	599	600	600	600	600	599	599	599	599	599	599	599	600	599	600	599	599	599	599
1180	-427076	600	600	600	598	599	600	600	600	599	600	601	600	600	600	600	600	600	600	600	600	600	600	600	600	600	600	600	600	599	599	600	600	600	600	600	600	600	600	600	600	600	600	600	600	601	600	600	601	599	601	599	600	600	600	601	600	601	599	600	600	600	600	599	600	600	600	600	602	600	600	600	600	600	600	600	601	600	599	600	600	600	600	600	600	600	600	600	599	600	599	600	600	599	599	600	600	599	600	599	600	601	600	600	599	600	599	600	600	600	599	600	600	600	600	600	600	600	600	599	600	600	600	600	600	600	600	600	600
1181	-426584	600	601	600	600	600	600	599	600	599	600	599	599	600	600	600	599	600	600	600	600	600	599	601	600	600	600	600	600	600	600	600	600	601	600	601	600	600	600	600	600	600	600	600	601	601	601	600	600	601	600	601	600	600	602	601	600	600	600	600	600	600	600	601	600	600	600	601	600	600	601	600	601	598	600	600	600	600	600	600	600	600	600	599	600	599	600	600	600	600	600	600	600	599	600	600	600	600	600	600	599	600	600	601	600	600	601	600	600	600	600	600	600	601	600	600	600	600	600	600	600	601	600	600	600	600	601	600	600
1182	-426092	600	601	601	601	601	600	601	601	601	601	600	601	601	600	601	601	601	601	600	601	600	600	601	601	601	600	601	601	601	601	601	600	600	601	601	600	600	600	600	600	600	600	600	601	601	601	601	601	601	601	601	601	601	602	600	601	600	600	601	601	600	600	600	601	600	600	601	601	601	600	601	600	601	601	601	601	601	601	601	601	601	600	601	602	601	601	601	601	601	600	600	601	601	600	600	600	600	601	601	601	601	600	601	601	601	601	601	601	601	600	601	601	601	601	601	601	601	601	600	601	601	601	601	601	601	601	600	601
1183	-425599	602	601	601	601	601	601	601	602	601	602	601	602	601	601	602	601	601	601	601	601	601	601	601	601	601	601	603	602	603	601	601	601	602	602	602	602	602	601	602	602	601	602	602	602	601	602	602	602	601	601	602	602	602	602	601	601	602	602	602	601	602	602	602	601	601	602	601	602	601	601	601	601	602	601	601	601	601	601	601	602	601	601	601	601	601	601	601	601	602	601	601	601	602	601	601	600	601	601	602	601	601	602	601	601	603	601	601	602	601	601	601	602	602	601	601	601	601	601	601	602	601	601	602	601	601	601	601	601
1184	-425107	602	601	602	602	602	602	602	602	603	603	602	603	602	603	602	602	601	602	603	602	602	603	603	603	602	602	602	602	602	602	602	602	602	602	602	602	602	601	602	602	602	602	603	601	601	601	601	602	601	601	601	601	602	601	603	602	601	602	601	601	601	602	602	602	601	601	601	601	601	601	601	601	602	599	601	602	601	601	602	602	601	602	602	602	602	601	602	602	602	602	601	602	602	602	602	602	602	602	602	602	602	602	602	602	602	602	603	602	602	603	602	603	602	602	602	602	602	603	602	603	601	602	602	601	602	602	602	601
1185	-424615	602	603	602	602	603	602	603	603	603	603	602	603	602	603	603	602	603	602	602	602	603	602	602	602	603	603	603	602	602	602	602	603	602	603	603	603	603	602	602	602	603	602	602	603	602	603	602	602	603	602	602	603	603	602	602	603	602	603	603	603	603	603	603	602	602	603	603	602	602	603	603	602	603	602	603	603	603	603	603	603	602	603	603	602	603	603	602	603	603	602	603	602	602	602	603	601	603	602	602	602	602	603	603	602	602	602	603	602	602	603	601	601	602	602	602	602	604	602	602	603	602	602	602	602	602	602	603	602
1186	-424123	602	603	604	602	602	603	602	603	603	602	603	602	603	603	603	603	603	602	603	603	603	602	602	603	602	602	602	602	602	602	602	601	602	602	603	603	603	602	603	602	603	602	602	602	603	603	602	602	602	603	602	602	603	602	603	603	603	603	603	603	604	602	603	603	603	603	603	603	602	604	603	602	603	603	602	603	603	604	603	603	603	603	603	603	603	603	603	602	600	603	603	603	604	603	602	602	603	603	603	603	602	603	603	603	602	602	603	603	603	603	602	603	603	603	602	602	603	602	603	602	603	603	602	603	603	603	603	602
1187	-423630	603	604	603	604	603	604	604	603	604	603	603	603	603	603	603	603	604	603	604	604	604	604	604	604	604	604	604	604	604	604	603	604	604	604	603	603	603	604	604	604	603	603	603	602	603	603	603	603	603	603	604	602	604	603	603	603	603	603	603	603	603	603	602	603	603	603	603	603	603	603	603	603	603	603	603	603	604	603	604	604	604	604	604	603	604	604	604	603	602	603	603	603	603	603	603	603	604	604	603	604	603	604	603	603	604	603	602	603	603	604	603	604	604	603	604	603	603	603	603	603	603	604	603	603	603	603	604	602
1188	-423138	604	603	603	602	604	604	604	605	604	604	604	604	604	604	603	602	603	603	604	603	604	603	603	603	604	604	604	604	604	604	603	604	604	603	604	603	603	603	603	604	603	603	603	603	604	603	604	603	603	604	604	604	603	604	604	604	604	604	603	604	603	604	604	604	604	604	604	604	604	603	604	604	602	604	604	604	604	604	604	604	604	604	604	605	603	604	604	604	603	603	604	605	603	603	603	604	603	604	603	603	604	603	603	604	604	604	604	603	603	604	603	603	604	603	603	603	603	603	603	603	603	604	603	603	604	604	604	604
1189	-422646	605	605	604	604	604	604	604	604	604	604	604	604	605	605	604	605	605	604	604	604	605	604	605	605	604	604	605	605	604	605	604	605	605	605	604	604	605	605	605	604	605	605	605	604	605	605	605	605	605	605	604	605	605	605	605	604	605	605	605	605	604	605	605	604	604	605	604	604	604	604	604	604	604	604	605	604	604	604	604	604	604	604	604	604	604	603	604	603	604	604	603	603	604	603	604	604	604	604	604	604	604	604	604	605	604	604	604	603	604	604	604	604	602	604	603	604	604	604	605	604	604	605	604	605	605	604	604	604
1190	-422153	605	604	605	605	604	605	605	605	605	605	605	605	605	605	605	604	604	605	605	605	605	605	605	605	605	606	605	606	605	605	605	606	606	605	606	605	605	605	605	605	606	605	605	605	605	605	606	606	605	606	607	606	605	606	605	604	605	605	604	604	605	604	604	604	605	605	605	605	604	604	605	604	604	604	605	605	604	605	605	606	605	605	604	605	605	605	605	605	605	605	606	604	606	605	606	605	606	605	605	605	605	605	605	605	605	606	605	605	604	605	605	606	605	604	605	604	604	604	605	604	604	604	605	605	605	604	604	604
1191	-421661	605	606	605	604	605	605	605	605	605	605	604	605	605	605	605	606	605	606	606	606	606	605	605	605	605	606	605	605	605	606	606	605	606	607	605	605	605	605	606	606	606	606	606	605	606	606	606	606	606	605	605	605	605	606	606	605	605	604	606	606	605	605	605	605	605	605	605	604	605	605	605	605	605	606	606	606	605	606	605	606	606	605	605	606	605	606	605	606	606	605	606	605	607	606	605	606	604	606	605	606	605	605	606	605	606	605	605	606	605	606	605	605	605	605	604	605	605	605	605	605	605	605	605	605	606	605	605	605
1192	-421169	606	606	606	606	606	606	606	605	605	606	607	606	606	606	606	606	606	606	606	606	606	606	606	606	606	606	606	605	605	604	606	605	605	606	605	606	606	606	606	607	606	606	606	606	606	606	605	605	607	606	606	606	605	605	605	606	606	607	606	606	606	606	607	606	606	606	607	606	606	606	606	606	606	606	606	606	605	606	606	606	605	605	606	606	605	605	605	606	606	607	606	605	606	605	605	605	606	606	606	606	605	606	606	606	605	607	605	605	606	606	605	605	605	605	605	605	605	606	605	605	605	604	605	605	603	605	605	605
1193	-420676	606	607	607	607	607	606	607	607	607	606	606	606	606	607	606	606	606	606	607	607	606	607	606	606	607	606	606	606	607	607	606	606	607	606	607	607	607	606	607	606	606	606	606	606	606	606	606	607	606	606	606	606	607	606	606	606	606	606	605	606	606	606	606	605	606	606	606	606	606	606	606	606	606	607	606	607	606	606	606	606	606	606	606	606	605	606	606	606	606	605	606	606	606	607	606	606	607	606	606	606	606	606	606	607	606	606	605	606	606	606	605	605	606	605	605	606	606	607	606	606	606	606	606	606	607	606	607	606
1194	-420184	606	607	607	606	606	606	606	606	606	607	607	606	607	607	607	607	607	606	607	606	607	608	606	607	607	606	607	606	607	606	606	606	607	607	607	607	607	607	606	606	607	606	606	606	607	607	608	606	607	607	607	606	606	606	606	606	606	607	606	606	607	606	606	606	606	607	606	607	606	607	606	607	606	606	606	606	606	606	606	606	606	607	607	606	606	606	606	606	607	606	606	607	606	607	607	607	607	606	608	607	607	606	607	607	607	606	607	607	607	607	607	606	606	606	607	607	607	606	607	607	606	607	607	607	607	607	607	607
1195	-419692	608	608	608	608	608	607	607	608	608	607	607	608	607	605	607	607	607	608	608	608	608	608	608	607	608	608	608	607	607	607	607	608	607	607	608	607	607	607	607	607	607	607	606	606	608	607	607	607	607	608	607	605	607	606	607	607	607	607	607	607	607	607	607	608	607	608	608	607	608	607	606	607	607	607	607	607	608	607	608	608	608	608	608	608	608	608	608	608	608	608	608	608	608	608	608	608	608	608	608	607	608	608	608	608	607	608	608	608	607	608	608	608	608	608	607	607	607	608	608	608	608	608	608	608	608	608	608	608
1196	-419199	608	608	608	608	608	608	608	608	607	608	608	608	608	608	608	608	608	608	608	608	608	608	608	608	608	608	608	608	608	607	608	608	608	607	607	608	608	607	607	607	608	608	608	608	608	607	608	608	608	608	608	608	607	607	607	607	609	607	607	607	608	608	608	608	608	608	608	608	608	608	607	608	607	608	608	608	608	608	608	608	607	608	608	608	608	608	607	607	608	608	608	608	608	608	607	608	608	607	607	607	608	608	607	607	607	608	608	608	606	606	607	607	607	607	608	607	607	608	608	608	608	608	608	607	608	607	608	608
1197	-418707	609	608	609	608	608	608	608	608	609	608	609	608	608	608	608	609	608	608	608	608	608	608	608	608	608	608	608	608	608	608	608	608	608	608	608	608	608	608	608	608	607	607	608	608	608	607	608	608	608	608	608	608	609	609	608	608	608	608	608	608	608	608	610	608	608	608	609	608	609	608	608	608	609	609	608	608	608	608	608	609	608	608	608	608	608	608	608	608	608	608	608	608	609	607	608	608	608	608	608	608	608	608	609	608	609	608	608	608	608	608	608	608	608	608	608	609	609	608	609	608	608	608	608	608	607	608	608	608
1198	-418215	609	609	609	609	608	609	609	609	609	609	609	608	608	609	608	609	609	609	609	609	609	609	609	609	608	608	609	609	609	609	609	608	609	608	609	609	609	608	608	608	609	609	609	609	608	609	609	609	609	609	608	609	608	608	609	608	608	608	608	609	609	608	609	609	609	609	608	609	609	608	608	608	609	608	609	608	608	608	608	609	610	609	608	609	608	609	609	609	609	608	608	609	609	608	608	608	609	608	608	608	609	608	609	608	608	608	608	609	609	608	608	608	609	609	609	608	608	609	608	608	608	609	608	608	609	609	609	609
1199	-417723	610	610	610	609	610	610	609	609	609	609	609	609	609	609	609	609	608	609	609	609	609	609	609	609	609	609	609	610	609	610	609	609	609	609	609	608	609	608	609	608	608	609	609	609	609	608	609	609	609	609	609	609	609	609	609	609	610	610	609	609	609	609	609	609	609	608	609	609	608	609	610	609	609	610	610	610	610	609	610	609	609	609	609	609	609	609	610	610	610	609	610	610	609	610	610	610	609	609	609	608	610	609	608	609	609	609	610	609	609	609	610	609	609	609	609	610	608	609	609	610	610	609	609	608	609	609	609	609
1200	-417230	610	609	610	609	609	610	609	609	610	609	610	610	609	611	610	610	610	610	610	610	610	610	609	609	610	610	610	610	609	610	610	611	610	610	610	610	610	609	610	609	609	609	609	609	609	609	609	609	608	610	609	610	609	608	609	609	609	609	609	609	609	609	608	609	610	609	609	610	609	610	610	610	611	610	610	610	610	609	610	610	610	611	610	610	610	610	610	609	610	610	609	610	610	610	609	609	610	610	609	610	609	610	609	610	609	609	609	608	609	610	609	609	609	609	609	609	609	610	610	609	609	609	609	610	609	609	608	609
1201	-416738	610	613	610	610	610	610	609	610	609	610	610	610	610	610	611	610	611	610	611	611	610	611	610	610	610	610	610	611	611	611	610	611	610	610	610	611	610	611	610	610	610	610	611	610	610	610	611	610	610	610	610	611	610	610	610	610	610	610	610	609	609	610	610	610	610	610	609	610	610	610	610	609	610	610	611	609	610	610	610	610	610	610	609	610	610	610	610	610	610	609	611	610	610	610	610	611	610	611	611	610	611	610	611	610	610	610	610	610	611	611	610	610	610	610	611	610	610	610	610	610	611	610	610	609	610	610	610	610
1202	-416246	609	609	609	610	610	610	611	611	610	611	611	611	611	611	610	611	611	611	611	611	610	611	610	611	611	611	611	611	611	611	611	611	613	611	610	611	611	611	611	611	611	611	611	611	611	611	611	611	611	611	610	610	611	610	610	611	611	611	610	611	611	610	611	611	610	610	610	610	611	611	611	611	610	611	611	611	610	610	611	611	611	611	611	612	612	611	611	611	611	612	611	612	611	611	611	611	611	611	611	611	611	611	611	611	611	611	611	611	611	611	610	611	611	610	611	611	611	611	611	611	611	611	611	610	610	610	611	611
1203	-415753	610	610	611	611	611	611	610	610	610	610	611	610	611	610	609	610	610	610	611	610	610	611	611	611	611	611	611	611	612	612	611	611	611	612	612	611	612	611	612	611	610	612	611	612	612	612	611	612	612	612	611	612	612	611	612	611	611	612	612	612	611	612	612	612	611	612	611	611	611	611	611	611	611	611	611	611	611	611	611	611	611	611	611	611	611	611	611	611	611	611	611	611	610	611	611	611	611	611	611	611	610	611	610	611	611	611	611	611	611	613	612	612	611	612	612	612	612	611	611	612	612	611	612	611	612	611	611	611
1204	-415261	611	611	612	611	612	612	611	611	611	612	611	612	612	611	611	611	612	611	611	612	611	612	611	612	611	611	612	611	611	611	611	612	612	611	612	612	613	612	612	612	612	613	612	613	612	611	612	611	612	612	611	611	611	612	611	611	611	611	612	611	612	611	611	612	612	612	612	611	612	612	612	611	611	612	612	612	611	612	611	612	612	611	612	611	612	612	611	611	612	612	612	612	612	612	613	612	612	612	612	611	612	611	612	612	611	612	611	612	612	612	612	611	612	612	611	612	611	611	611	611	611	611	611	611	611	611	611	611
1205	-414769	612	612	612	612	612	612	612	612	611	612	612	613	613	613	612	612	612	612	612	612	613	612	612	612	612	613	613	612	613	612	612	612	611	613	612	612	613	613	612	612	612	613	612	612	613	613	613	613	612	612	611	613	612	612	613	613	612	613	612	612	613	612	612	612	612	612	612	612	611	612	613	612	612	613	612	612	612	612	612	612	612	612	612	612	612	611	612	612	612	610	612	612	611	612	612	612	612	612	612	612	612	612	611	612	612	612	612	612	615	612	612	612	613	613	612	612	612	612	613	612	613	612	612	612	612	612	612	612
1206	-414276	613	612	613	613	613	613	613	613	613	613	612	613	613	613	613	613	613	613	613	614	612	614	613	613	613	613	613	613	613	613	613	613	613	613	613	613	613	612	612	613	613	613	613	613	613	613	612	613	614	613	613	612	613	612	612	613	612	613	612	612	613	612	613	612	612	612	612	613	613	613	613	612	613	613	613	613	612	612	613	612	612	613	612	612	612	612	613	612	613	613	612	612	612	613	613	611	612	612	613	613	612	612	612	612	612	613	613	612	612	613	612	613	613	613	615	612	613	612	613	613	613	613	612	613	613	612	612	613
1207	-413784	613	612	613	613	614	613	613	613	613	613	614	613	613	613	614	613	612	613	613	613	613	613	612	613	612	613	612	613	613	613	613	612	613	613	612	613	613	611	613	613	613	613	613	613	613	612	612	613	612	613	613	613	612	612	613	613	613	614	613	613	613	613	614	613	613	612	613	613	612	613	613	612	613	612	613	613	613	613	613	613	613	614	613	613	613	613	614	613	613	613	613	613	613	613	613	612	613	613	613	612	613	613	613	613	614	613	613	614	614	613	613	613	614	614	613	613	612	613	612	614	612	612	613	613	613	613	612	613
1208	-413292	614	615	614	614	615	614	614	613	614	613	614	613	613	614	614	614	614	614	614	614	614	614	614	614	613	614	614	614	613	612	614	614	612	613	612	614	613	614	614	613	614	614	614	613	614	614	613	614	614	615	614	614	614	613	614	615	613	614	613	613	614	613	614	614	613	614	614	614	614	614	613	614	614	613	614	614	613	614	614	613	613	614	613	614	613	613	614	614	613	613	613	613	614	613	614	613	613	614	613	613	613	612	613	613	613	613	613	613	613	613	613	614	614	614	613	612	613	613	613	613	615	614	613	613	614	614	613	613
1209	-412799	614	614	614	614	613	613	614	614	614	614	614	614	614	614	614	614	614	614	614	613	614	614	614	614	614	614	614	614	614	613	613	614	614	614	613	614	614	614	614	614	614	614	614	614	615	614	615	615	614	613	614	614	614	614	614	614	614	614	615	614	615	614	614	614	614	615	614	614	614	615	614	614	614	614	614	614	614	614	614	614	614	614	614	614	615	614	613	614	614	614	614	614	614	614	614	614	614	615	614	614	614	614	614	615	614	615	614	615	615	614	614	614	614	614	614	615	614	615	615	614	615	615	615	615	614	615	614	614
1210	-412307	615	614	614	614	615	614	615	615	615	615	615	615	615	615	615	614	615	614	614	614	615	615	614	614	615	615	615	615	615	615	615	615	615	616	615	616	615	615	615	615	615	615	615	614	615	615	615	615	616	615	614	614	615	615	614	615	615	615	615	615	615	615	614	615	615	614	614	615	614	614	614	615	615	614	615	614	615	615	614	614	614	615	614	614	615	613	614	614	615	614	614	614	614	615	615	614	615	615	615	614	614	614	614	615	614	614	615	615	615	615	614	614	614	614	614	615	614	614	615	615	615	614	615	615	615	615	615	615
1211	-411815	616	615	616	616	615	615	615	615	616	615	615	615	615	615	615	615	615	615	615	615	614	615	615	615	615	615	615	615	615	614	615	615	614	614	614	615	615	614	615	616	615	615	616	616	615	616	615	616	616	615	616	616	616	615	616	616	615	615	614	616	616	616	615	615	616	616	615	615	615	615	615	615	615	615	615	615	614	615	615	615	615	615	614	615	615	615	615	615	615	615	615	615	615	615	615	615	616	615	615	615	615	615	614	614	614	615	615	615	615	615	616	615	616	615	615	613	616	615	615	616	616	615	615	615	615	615	615	615
1212	-411323	615	615	615	615	615	615	615	615	616	615	616	615	615	615	616	615	616	616	616	616	616	616	616	616	616	616	616	616	616	615	616	615	615	616	615	616	615	616	616	616	616	616	616	615	616	616	615	615	615	616	616	616	615	615	616	616	616	615	615	615	616	616	615	616	615	615	616	616	614	616	615	615	615	615	615	615	615	615	615	615	616	616	615	615	615	616	615	615	615	615	615	616	615	615	615	616	616	615	616	615	616	616	617	616	615	617	616	616	616	616	616	616	615	616	615	615	615	616	615	616	616	616	616	616	616	615	616	616
1213	-410830	616	616	616	616	616	616	616	615	616	615	616	616	616	616	615	616	615	615	616	615	617	615	616	616	615	616	616	616	616	616	617	616	616	616	616	615	617	617	616	616	616	616	616	616	617	616	616	617	616	616	617	617	617	616	616	616	616	616	616	616	616	616	616	616	616	615	616	616	615	615	616	616	615	615	615	615	616	615	616	615	615	616	616	615	616	615	616	615	615	615	615	615	615	615	616	615	616	616	616	616	615	616	616	617	616	616	616	617	616	616	616	616	616	616	616	616	616	617	617	616	617	616	616	617	616	616	617	616
1214	-410338	616	616	616	616	617	617	617	616	616	616	617	617	617	616	616	617	617	617	617	617	616	617	616	617	616	616	616	617	616	617	617	617	616	616	616	617	617	617	617	617	616	616	617	617	617	617	617	616	617	617	617	616	616	617	616	616	617	617	617	617	616	617	616	617	617	617	617	617	617	618	617	616	616	617	616	617	617	616	617	616	616	616	617	616	616	617	616	616	616	617	617	616	617	617	617	617	616	617	616	617	617	617	617	617	617	618	617	617	617	617	617	617	617	617	617	617	617	617	617	617	617	616	617	617	616	616	617	617
1215	-409846	617	617	617	617	617	617	617	617	616	616	617	616	617	617	616	616	616	616	616	617	617	616	616	616	617	617	616	617	617	617	617	617	617	617	617	617	618	617	617	617	617	617	617	617	617	617	617	617	618	617	618	618	617	617	618	618	617	617	617	618	617	617	617	617	617	617	616	617	617	618	617	617	616	617	617	617	617	617	617	617	617	617	616	617	617	616	617	617	617	617	616	617	617	617	617	617	617	617	617	617	617	617	618	617	617	617	617	617	617	617	617	617	617	617	616	617	617	617	618	616	617	617	617	617	617	617	617	618
1216	-409353	618	617	618	617	618	618	618	618	617	618	618	619	618	618	618	618	619	619	618	619	618	618	618	617	618	618	618	618	618	617	617	618	617	618	618	618	619	617	617	618	618	619	618	618	617	617	618	617	618	617	617	618	617	618	618	617	617	617	618	618	617	618	618	618	617	618	618	618	618	618	618	617	618	618	618	618	618	618	618	618	618	617	618	618	618	618	618	618	618	617	617	618	617	617	618	616	617	617	618	618	617	617	618	617	617	618	617	617	617	617	618	617	618	617	617	617	617	617	617	617	617	616	617	617	617	617	617	617
1217	-408861	618	618	618	618	618	618	617	617	618	617	618	617	617	617	617	618	618	618	618	618	617	618	618	618	617	618	618	618	618	618	618	618	617	617	619	618	618	619	617	618	617	618	618	618	618	617	618	618	618	618	618	617	619	618	617	618	617	617	617	617	618	618	618	617	617	618	618	618	618	618	617	618	617	618	618	617	618	618	618	618	618	618	617	618	618	618	618	617	618	618	618	619	618	618	618	618	619	618	619	619	618	619	618	618	618	617	619	618	619	619	619	619	619	619	618	618	618	618	619	619	618	618	619	618	619	618	618	618
1218	-408369	618	618	619	619	618	618	618	619	619	618	618	618	619	619	618	619	618	618	619	618	618	618	618	618	618	618	618	619	618	618	618	619	618	618	619	618	618	618	618	618	618	618	618	618	618	618	619	618	619	618	619	619	619	619	619	619	619	618	618	619	619	619	619	619	619	618	618	619	618	618	618	619	619	619	618	618	618	618	619	619	618	619	618	618	618	618	619	618	618	618	619	619	619	618	618	618	619	618	618	618	619	619	618	619	620	619	619	618	619	619	619	619	618	619	619	618	620	619	619	618	619	619	619	619	620	618	618	619
1219	-407876	619	619	620	619	619	619	618	620	619	619	619	618	619	619	619	619	619	619	619	620	620	619	619	619	619	619	620	619	619	619	619	620	619	620	619	619	619	620	619	619	619	619	619	618	619	619	617	619	619	619	619	619	618	619	619	619	619	620	619	619	619	619	620	619	619	618	619	620	619	619	619	618	619	619	619	619	619	619	619	619	619	620	620	620	619	620	620	619	619	618	619	619	619	618	619	619	619	619	619	620	619	619	619	619	619	619	619	618	619	619	618	619	618	618	618	619	619	619	619	618	619	619	620	619	620	619	619	619
1220	-407384	620	619	619	619	619	619	619	619	619	618	619	619	619	619	619	619	619	619	619	618	619	619	619	619	619	619	619	619	620	618	619	619	619	620	620	620	619	620	620	620	621	619	620	620	620	620	620	620	619	619	620	619	621	620	619	619	620	619	620	620	620	619	620	620	620	620	619	619	619	619	620	619	619	619	619	620	620	619	619	619	620	619	620	619	620	620	619	620	620	620	620	620	620	619	620	620	620	620	620	619	620	620	619	619	619	620	620	620	620	620	619	620	620	619	620	620	620	620	620	620	620	620	620	620	619	619	619	619
1221	-406892	620	620	620	621	621	620	620	620	620	620	620	621	620	620	621	620	621	621	620	621	620	620	620	621	621	620	620	620	620	620	620	620	620	620	619	620	619	620	620	620	620	620	620	620	620	620	619	620	620	620	620	620	620	620	620	620	620	620	620	619	620	620	620	620	621	621	621	620	620	621	620	621	620	620	620	620	620	620	620	620	620	620	620	620	621	620	620	621	620	620	621	620	619	620	620	620	620	620	620	620	619	620	619	620	620	620	620	620	620	620	620	620	620	619	620	619	619	620	620	620	620	620	619	620	620	620	620	620
1222	-406399	621	620	620	621	620	620	620	620	621	621	621	620	620	620	619	620	620	621	620	620	620	620	620	620	620	620	620	621	620	621	621	621	621	621	622	621	621	621	620	620	621	621	621	620	620	621	621	620	621	621	621	622	621	621	622	622	621	621	620	621	621	621	621	620	621	620	622	621	621	621	621	621	621	620	621	621	620	620	621	620	620	621	621	620	620	619	620	620	620	621	620	620	620	621	621	621	620	620	620	621	621	620	620	620	621	620	621	621	621	621	621	621	620	621	621	620	621	620	621	621	620	620	620	622	620	621	621	620
1223	-405907	621	621	621	621	621	620	621	622	621	621	621	622	621	621	622	621	622	621	622	621	621	622	621	621	622	621	622	621	623	621	621	621	621	622	621	621	621	621	622	621	621	622	621	621	621	621	621	620	620	620	621	620	620	620	620	621	620	620	621	620	621	620	621	621	620	621	620	620	621	620	620	620	620	620	620	620	620	621	620	620	620	621	621	620	621	621	621	621	620	621	622	622	621	620	620	620	621	621	620	621	621	621	622	622	621	620	620	620	620	620	620	620	621	620	621	620	621	621	620	621	621	621	621	621	621	621	620	620
1224	-405415	622	622	622	622	622	622	622	622	621	621	621	622	621	621	621	621	621	621	621	621	622	621	621	621	621	621	621	620	621	621	620	622	621	621	620	620	621	621	621	621	621	621	621	622	622	620	622	621	621	621	621	622	621	621	621	621	621	621	621	622	621	622	622	622	622	622	622	622	622	621	621	622	621	622	622	621	622	622	622	621	622	622	622	621	621	622	621	621	622	620	622	622	622	622	621	622	622	621	621	620	621	621	621	621	621	622	622	622	622	621	622	621	621	621	621	622	621	622	621	621	621	622	622	622	622	622	622	622
1225	-404923	622	622	622	623	622	622	622	623	622	623	622	622	622	621	622	622	622	622	621	622	622	622	622	621	621	621	621	621	620	622	621	621	621	621	622	621	621	622	620	622	621	622	622	622	622	623	622	622	622	622	622	622	622	622	621	622	622	621	621	621	622	622	622	622	622	622	623	622	622	622	622	622	622	622	622	622	622	622	622	622	622	622	622	622	622	621	623	621	622	622	622	622	622	622	622	622	622	622	622	622	622	622	621	622	623	622	621	622	622	621	622	622	622	622	622	622	622	622	622	622	622	621	622	621	622	622	621	622
1226	-404430	623	622	623	622	622	623	623	623	623	623	622	622	622	622	622	622	622	623	623	623	623	622	622	622	623	622	622	623	623	621	623	622	622	623	622	624	622	622	623	623	623	623	623	622	622	622	623	623	622	622	623	622	622	623	623	623	622	623	622	623	623	623	623	623	622	622	623	622	622	623	622	622	623	623	623	622	622	622	622	621	622	623	622	622	622	622	623	623	623	623	623	623	623	623	623	623	623	623	623	622	623	622	623	623	622	623	622	623	623	623	622	623	623	623	623	623	623	623	623	622	624	622	622	622	623	622	623	622
1227	-403938	624	623	623	623	622	623	623	623	623	623	623	623	623	623	623	623	622	623	623	623	623	624	623	622	622	623	623	623	623	623	623	623	623	624	624	623	623	622	623	623	623	624	623	623	624	623	623	623	623	623	623	623	623	623	623	623	623	623	623	624	623	623	623	623	623	623	624	623	623	624	624	624	624	624	623	624	623	623	623	623	623	622	623	623	622	623	623	623	622	622	623	622	623	623	622	623	623	623	622	622	623	622	622	623	623	623	623	622	623	622	623	623	623	623	622	622	623	623	624	623	623	623	624	624	623	623	623	623
1228	-403446	623	624	624	623	624	624	624	623	623	623	623	624	624	623	624	625	624	624	623	623	623	623	623	624	623	623	623	624	624	624	623	624	623	624	622	623	623	623	623	622	623	623	623	623	622	623	623	623	623	623	623	623	623	623	623	624	623	623	623	623	623	623	623	623	623	623	623	623	624	623	624	623	625	623	624	623	623	624	623	623	624	623	623	623	623	623	623	623	623	623	624	623	624	624	624	623	624	624	624	624	625	624	625	624	624	624	624	624	624	624	623	624	624	623	623	623	624	623	623	624	623	623	624	623	624	623	623	623
1229	-402953	624	624	624	624	624	624	624	624	624	624	624	624	625	624	624	624	624	624	624	624	624	623	624	623	624	624	624	623	623	624	624	624	624	624	625	624	624	624	624	625	624	624	624	625	624	623	624	624	624	624	623	623	624	624	624	624	624	624	624	624	624	624	623	624	624	624	624	624	624	624	624	624	624	624	624	624	624	624	624	623	624	624	624	624	624	624	624	624	624	624	624	623	624	625	624	624	624	624	625	624	624	624	625	625	624	625	624	623	624	624	624	624	625	624	624	624	624	624	624	624	624	624	624	624	623	624	624	624
1230	-402461	624	624	625	624	624	624	625	624	625	625	625	625	624	625	624	624	625	625	625	625	624	624	625	625	625	625	625	625	625	625	625	625	625	624	625	624	625	624	625	624	624	625	624	624	625	624	624	624	624	624	625	624	625	624	625	625	624	624	624	624	623	624	624	624	624	624	624	624	624	624	624	624	624	624	625	625	624	624	624	624	625	624	624	624	624	624	624	624	624	624	624	624	624	624	625	625	626	624	624	625	625	625	625	624	625	625	624	625	625	625	626	625	625	625	626	624	624	625	624	625	625	624	624	624	625	624	625	624
1231	-401969	624	624	624	624	624	623	624	624	625	625	625	625	625	625	625	625	625	625	625	624	624	625	624	624	625	625	624	625	625	625	625	625	625	625	626	626	626	626	626	625	626	626	626	626	626	626	625	625	625	625	625	624	624	625	625	625	624	625	625	625	625	625	625	625	624	624	625	625	624	625	625	624	624	624	624	624	624	625	624	624	624	625	625	625	625	625	624	625	626	625	625	625	625	624	625	625	624	625	624	625	625	625	625	625	626	625	626	624	625	626	625	625	626	625	626	625	625	625	625	624	625	625	625	625	625	624	625	625
1232	-401476	626	626	625	626	625	626	625	626	625	626	626	625	626	626	625	626	626	626	625	626	624	625	626	626	626	626	626	625	625	625	625	625	625	625	625	624	625	625	625	626	624	625	625	625	626	625	626	626	625	626	625	625	625	625	625	625	625	625	625	625	625	625	625	625	625	625	625	625	625	625	625	625	625	625	626	625	626	625	625	626	624	625	624	625	625	624	625	624	625	625	625	624	625	625	625	626	626	625	625	626	625	625	625	626	624	625	625	624	625	626	624	625	624	626	625	626	625	625	626	626	626	625	626	626	625	625	626	625
1233	-400984	626	626	627	626	627	627	626	627	626	626	626	627	627	626	626	626	626	626	626	625	626	626	626	626	626	626	626	626	626	626	626	626	626	625	626	626	626	626	626	626	625	626	626	626	626	626	626	625	626	626	626	626	625	626	626	625	626	626	626	626	625	626	626	626	625	626	626	626	625	626	626	626	625	626	625	626	625	626	626	626	626	625	626	626	626	626	625	626	626	626	626	625	626	626	625	626	626	626	625	625	626	626	626	626	626	626	626	626	626	626	626	626	626	626	626	626	626	625	625	626	626	626	626	625	625	625	626	626
1234	-400492	627	626	626	627	626	627	627	626	626	626	627	627	626	626	626	626	626	626	626	626	627	626	627	626	627	627	627	626	627	626	626	626	627	626	626	626	626	626	626	627	626	626	626	626	627	626	626	626	625	627	626	625	626	627	626	626	626	627	627	627	627	626	626	627	626	627	626	627	627	626	627	626	627	627	626	627	626	627	626	627	627	627	627	627	626	627	627	627	627	627	626	627	626	626	627	626	626	627	626	626	626	626	626	627	627	627	626	626	626	627	627	626	627	626	626	626	626	627	626	627	626	626	626	626	626	626	626	627
1235	-399999	627	627	626	627	627	626	627	626	627	627	626	627	626	627	627	627	626	627	627	627	627	627	627	626	626	627	626	627	627	627	627	627	628	627	628	628	627	627	626	627	628	627	627	627	627	627	627	627	626	626	627	627	627	627	627	627	627	627	627	627	626	627	627	626	627	627	626	627	627	627	626	627	627	627	627	626	627	627	627	626	628	627	627	627	627	627	628	628	628	627	627	627	628	627	628	627	627	627	627	627	626	627	627	626	627	626	627	627	627	627	627	627	626	627	627	626	627	626	626	627	626	627	627	627	627	627	627	627
1236	-399507	627	627	627	627	628	628	628	628	627	627	628	628	628	627	627	627	627	628	627	628	627	627	627	627	627	627	627	627	627	627	626	627	627	627	627	627	627	628	627	627	627	627	627	628	627	627	627	627	626	627	627	627	627	627	627	627	627	628	628	627	627	627	627	627	627	627	628	627	628	628	627	628	627	628	628	627	628	627	627	628	627	628	627	628	627	627	628	627	627	627	627	627	628	628	627	627	627	627	628	627	628	627	627	627	626	628	627	627	627	627	627	627	628	628	627	627	627	628	627	627	627	627	627	627	627	627	627	627
1237	-399015	628	628	628	627	628	628	628	628	629	627	628	628	628	628	628	628	628	628	628	628	628	628	628	628	627	628	628	628	627	628	628	628	628	629	628	628	628	628	628	627	628	627	628	628	628	628	628	627	628	628	628	628	628	628	628	628	628	628	628	628	627	628	627	627	628	627	628	627	627	627	627	627	627	628	628	627	628	628	627	627	627	628	628	628	628	628	627	628	628	628	629	627	628	628	628	628	628	628	628	628	628	628	629	628	628	628	628	628	628	628	628	628	628	628	628	628	628	627	627	628	628	628	627	628	627	628	628	628
1238	-398523	628	628	629	628	628	628	629	628	628	627	627	628	628	628	628	628	628	628	628	628	628	629	629	629	629	629	629	629	629	629	628	628	628	629	628	628	628	627	628	628	629	628	628	628	629	628	628	629	628	628	628	627	629	628	629	628	628	629	628	628	628	627	628	628	628	629	629	628	628	629	629	628	629	628	629	628	628	629	627	628	629	629	628	628	628	628	628	628	629	628	629	628	629	629	629	629	629	630	628	628	628	628	628	628	628	628	628	628	628	628	628	628	628	628	628	628	628	629	628	628	628	628	629	628	629	628	628	628
1239	-398030	630	630	630	629	629	629	628	628	629	628	628	629	629	628	628	628	629	628	629	629	629	628	628	629	629	629	629	629	629	629	628	629	629	628	628	628	628	629	629	629	628	628	628	629	629	629	629	629	629	630	629	629	628	629	629	629	628	629	629	629	629	629	629	629	628	629	629	629	629	628	628	629	629	629	629	629	629	629	629	628	629	629	628	628	628	629	629	628	628	628	629	628	628	628	628	629	629	628	629	629	629	629	630	629	629	629	629	629	629	628	628	629	628	628	628	628	629	630	628	629	629	629	629	629	629	629	629	629
1240	-397538	630	629	630	629	629	630	630	631	630	630	630	629	630	630	629	630	630	630	629	629	630	629	630	629	629	629	627	629	629	631	630	630	630	630	630	630	630	630	630	630	630	630	630	629	630	630	630	629	629	629	629	629	629	629	629	629	630	630	630	629	629	629	630	629	629	629	629	629	630	629	629	629	629	630	629	630	630	629	630	629	630	630	630	627	629	629	629	629	629	629	629	630	629	629	628	629	629	630	630	629	629	629	629	628	629	630	631	629	629	629	629	629	629	629	629	629	629	629	629	629	629	629	629	629	629	629	629	629
1241	-397046	629	630	629	630	630	630	630	630	629	630	630	630	630	630	631	629	630	630	630	629	629	630	630	630	629	630	629	629	630	630	629	629	629	630	629	629	630	630	629	630	629	629	629	628	628	629	629	629	629	629	629	629	629	629	629	630	630	630	629	629	630	630	630	629	630	630	630	629	629	630	629	629	629	629	629	630	630	630	630	629	630	630	632	629	630	630	630	630	630	629	631	630	629	629	629	630	629	629	630	629	630	628	630	630	629	629	630	629	630	630	629	629	630	629	630	629	629	629	629	629	629	630	630	629	629	629	629	630
1242	-396553	630	630	630	630	630	630	630	630	630	631	630	630	630	630	630	631	630	631	631	629	630	630	630	631	630	630	631	631	630	630	630	630	630	630	630	630	632	630	631	630	631	632	631	631	630	631	631	631	630	630	630	631	631	630	630	630	630	630	630	631	630	631	630	630	631	630	631	631	630	630	630	630	631	630	630	630	628	630	630	631	630	630	630	630	630	631	630	630	630	630	630	630	630	630	630	630	630	630	630	630	630	630	629	630	630	629	630	629	630	630	630	630	630	630	632	630	630	630	630	630	630	631	630	631	631	631	631	631
1243	-396061	630	630	630	630	631	630	631	630	631	631	630	631	631	631	631	631	631	631	631	631	630	631	630	631	630	631	630	630	631	630	631	631	631	631	630	630	630	631	631	631	631	631	631	631	631	631	631	631	631	631	631	631	631	631	631	631	631	631	631	632	632	631	631	631	631	631	630	631	631	631	631	630	631	631	631	631	631	631	630	630	631	632	630	631	631	631	631	631	631	631	631	631	631	630	631	630	631	630	631	631	632	630	631	631	631	632	631	631	630	631	631	631	630	631	631	631	631	631	631	631	632	631	631	631	630	631	631	631
1244	-395569	632	631	631	631	631	631	631	631	631	631	631	631	631	631	632	632	632	632	632	632	632	632	632	631	631	632	632	631	631	632	631	631	632	631	631	632	631	632	631	632	632	631	632	633	631	632	631	632	631	632	631	631	631	631	632	631	632	631	631	632	631	632	632	631	631	632	631	631	631	631	631	631	631	632	631	630	631	631	631	631	631	632	630	631	631	631	631	631	632	631	631	631	631	631	631	631	631	631	631	631	631	631	631	631	631	631	632	632	632	631	631	631	632	631	631	631	631	631	631	631	631	631	631	631	630	631	631	632
1245	-395076	632	632	633	632	631	632	632	632	633	632	632	632	631	632	632	632	632	631	632	631	632	632	632	632	631	632	632	632	632	632	632	632	632	632	632	632	632	632	632	632	632	632	632	631	631	632	631	632	631	632	631	632	632	630	631	632	632	632	631	632	632	632	632	632	632	631	632	632	632	632	632	632	632	632	633	632	631	632	632	632	631	631	632	632	631	632	632	632	632	632	631	632	632	632	630	632	631	631	631	632	632	631	631	632	632	632	632	631	632	631	632	631	631	632	632	632	632	632	632	631	631	632	631	632	631	631	631	631
1246	-394584	632	632	633	632	632	633	632	632	632	633	633	633	632	632	632	632	632	632	633	632	632	633	632	632	632	631	632	632	632	632	633	632	633	632	632	633	632	633	632	632	632	632	633	632	632	633	632	632	632	632	632	632	633	632	632	633	633	632	632	633	633	632	633	633	632	632	632	632	632	633	632	632	632	632	632	632	632	632	632	632	632	632	632	632	632	632	632	632	632	632	632	631	632	632	632	632	631	632	631	633	633	632	632	632	632	633	632	633	633	632	633	632	633	633	633	633	632	632	631	632	632	632	632	631	632	632	633	632
1247	-394092	633	634	633	633	633	632	633	633	632	633	632	633	633	632	633	632	632	632	633	633	633	633	633	632	633	632	633	632	633	633	633	633	632	632	633	633	633	632	632	633	633	633	633	633	633	633	633	633	633	632	632	633	632	633	632	633	632	632	633	633	632	633	633	633	632	633	632	633	632	632	632	632	632	632	632	632	632	632	633	632	633	632	632	632	632	632	632	632	632	633	632	632	633	632	632	632	631	632	632	632	632	633	633	632	632	633	633	633	633	633	633	633	633	633	632	632	632	632	633	633	633	633	633	633	633	632	633	634
1248	-393599	633	632	633	634	633	633	633	633	633	633	634	634	634	633	634	633	634	634	633	633	633	633	633	632	633	633	633	632	632	633	633	633	633	633	633	633	633	632	633	632	633	633	633	633	633	633	633	632	633	633	633	633	633	633	633	633	633	633	633	634	633	633	633	633	633	633	632	634	632	633	633	632	633	633	633	633	633	633	633	634	634	633	633	633	631	633	633	634	634	634	633	633	634	633	633	633	634	633	633	633	634	633	633	633	633	633	633	633	632	633	632	632	632	633	634	633	633	633	633	633	633	633	633	633	633	634	633	633
1249	-393107	634	633	633	634	634	634	634	635	634	634	633	634	633	633	634	633	634	634	634	634	633	633	634	634	634	634	632	634	635	634	634	635	634	634	634	635	634	634	635	635	635	634	634	634	633	634	634	634	634	634	634	634	634	634	634	634	634	634	634	633	633	633	633	633	633	633	634	633	634	633	634	634	634	635	634	634	634	634	634	634	634	634	633	632	633	633	634	633	633	633	633	634	634	634	634	633	634	634	634	634	635	634	634	634	634	634	634	634	635	634	634	634	634	634	634	634	634	634	634	634	634	633	634	634	634	634	634	635
1250	-392615	634	634	634	634	634	634	634	634	635	635	634	635	634	634	635	634	635	634	634	634	634	634	634	634	634	635	635	635	634	635	634	634	634	635	635	635	635	634	635	635	634	634	634	634	634	634	634	634	635	634	635	634	636	634	635	635	635	635	635	635	635	634	634	634	634	634	634	634	635	634	634	635	634	634	634	635	634	634	634	635	633	634	635	634	634	634	634	634	634	634	634	634	634	634	634	633	633	635	634	634	634	632	634	634	635	635	634	634	635	634	635	635	634	634	635	635	634	634	635	635	634	634	634	634	634	634	634	634
1251	-392123	635	635	635	635	635	635	635	634	634	634	634	635	634	633	634	634	634	634	634	635	634	634	635	634	634	634	635	634	634	634	634	634	634	634	635	634	634	633	634	635	635	635	634	634	635	635	635	635	636	635	635	635	635	635	635	635	635	634	635	635	635	635	634	634	635	635	635	634	635	634	635	635	635	635	635	635	635	635	636	635	635	635	635	635	635	635	635	634	634	634	634	635	634	635	634	635	635	635	635	634	635	635	635	634	635	634	634	635	635	635	634	634	635	635	635	635	635	635	634	636	635	635	636	635	636	635	635	635
1252	-391630	635	635	634	635	635	635	635	635	635	635	635	635	636	635	636	636	636	636	635	635	636	635	636	634	635	636	635	635	635	635	635	635	635	635	636	635	635	636	635	636	635	636	635	635	635	635	636	635	634	634	635	635	635	635	635	634	635	635	636	635	635	635	635	635	635	636	636	636	635	636	636	635	635	636	635	635	635	635	635	635	635	634	636	635	635	635	635	635	635	635	635	635	636	635	635	635	635	636	635	635	635	634	636	636	635	636	635	635	636	635	635	636	635	635	635	635	635	634	636	635	634	634	635	635	635	635	636	636
1253	-391138	636	636	636	636	635	636	636	635	635	635	636	636	635	635	635	636	636	635	636	634	636	635	635	636	635	636	634	635	635	635	635	635	635	635	635	634	635	635	635	635	635	635	636	635	635	635	636	636	636	636	636	635	635	635	636	636	635	636	635	636	636	636	636	635	636	636	636	635	636	636	636	636	636	636	637	635	635	635	636	636	636	635	636	636	636	636	636	635	636	636	636	636	635	636	636	636	636	635	634	636	636	636	635	636	635	635	636	635	636	635	635	636	636	635	636	636	636	635	635	636	636	636	635	636	635	636	636	635
1254	-390646	636	636	636	636	637	637	636	636	636	636	636	636	636	636	636	635	636	636	636	636	636	636	636	637	636	636	637	636	636	636	636	637	636	636	636	636	636	636	636	636	636	636	635	636	636	636	636	636	636	636	636	636	636	636	636	636	636	636	636	636	636	635	636	636	635	636	636	637	636	637	636	636	636	636	636	636	636	636	636	635	637	637	636	636	636	636	636	635	636	636	635	635	636	636	636	636	637	636	636	636	636	636	636	637	636	636	637	636	636	636	636	637	637	637	636	635	636	636	636	637	636	636	636	636	637	636	637	636
1255	-390153	637	637	637	636	636	637	637	637	636	636	636	637	636	637	636	636	636	636	637	637	636	636	636	636	637	637	637	637	637	637	636	637	636	637	636	636	637	636	636	636	636	636	636	637	636	638	637	637	637	637	637	637	637	636	636	637	637	636	636	636	637	636	637	636	637	636	636	636	636	637	636	637	636	636	637	636	637	637	636	637	636	637	637	637	636	636	637	637	637	637	637	636	637	636	637	637	637	637	636	637	637	637	637	637	636	636	636	636	637	635	637	636	636	637	637	637	636	637	637	636	637	636	637	636	636	636	636	636
1256	-389661	637	637	637	637	637	637	637	636	637	637	637	637	636	638	637	637	637	637	638	637	637	637	638	637	637	637	637	637	637	637	638	637	637	638	637	638	638	638	637	637	637	637	638	636	637	637	637	637	637	637	637	637	637	637	636	637	636	637	637	637	637	636	637	637	637	637	637	637	637	637	637	637	637	637	638	636	637	637	636	637	637	637	637	637	636	637	637	637	636	637	637	638	638	637	638	637	638	638	637	637	637	638	638	637	637	636	638	638	638	637	637	638	638	638	637	637	638	638	637	637	637	638	637	638	637	637	638	637
1257	-389169	638	638	638	638	638	637	638	638	637	638	638	638	638	638	638	637	637	637	637	638	637	637	638	638	637	637	637	637	637	639	638	637	638	638	637	638	637	637	638	637	638	637	637	637	637	638	638	638	639	638	638	638	638	638	638	638	638	639	638	638	638	638	638	638	637	638	637	637	638	638	638	638	637	638	638	640	638	637	637	638	637	639	639	637	638	638	638	639	638	638	638	638	637	637	638	638	637	638	637	638	638	638	637	637	638	638	637	638	638	638	637	638	638	638	638	638	637	638	638	638	638	637	638	637	637	638	638	638
1258	-388676	638	639	640	639	639	639	639	638	638	638	638	639	638	637	638	638	638	639	639	638	638	638	638	638	638	638	638	638	638	639	638	638	638	638	638	638	637	638	638	638	637	638	638	638	638	638	638	638	639	638	638	638	639	638	638	639	638	638	638	638	638	638	637	639	638	638	638	638	638	638	638	638	638	638	638	638	638	638	638	638	638	638	638	637	638	638	638	638	638	638	639	639	639	639	639	638	639	638	638	639	638	638	638	637	638	638	638	638	638	639	639	638	638	637	638	638	638	638	638	638	638	638	638	638	638	638	638	637
1259	-388184	640	638	638	640	640	640	639	639	639	639	639	639	639	639	639	638	639	639	640	639	639	640	640	639	639	639	639	638	639	639	639	640	639	638	639	639	638	639	639	638	639	638	639	639	638	639	638	639	638	639	639	638	639	639	639	639	638	639	639	638	639	638	640	639	638	639	639	640	639	640	640	639	640	639	639	639	639	640	639	640	639	639	640	639	640	638	639	639	640	640	638	640	640	639	640	639	639	640	639	639	639	640	638	639	639	639	640	639	639	639	638	639	639	640	639	638	639	639	638	639	640	639	639	638	639	638	639	639
1260	-387692	640	639	639	638	638	639	639	639	639	640	639	639	640	639	639	639	639	641	639	639	640	639	639	638	639	639	640	639	639	639	639	640	639	639	640	640	638	640	640	640	640	640	640	639	640	639	639	640	639	638	639	639	639	639	639	639	639	640	639	640	640	639	639	639	639	639	639	638	639	639	640	639	640	639	639	639	638	639	639	639	639	639	638	640	639	640	639	639	640	639	639	639	638	639	639	638	639	638	639	639	639	639	639	639	640	640	640	639	640	640	640	640	639	640	639	639	640	639	639	639	640	638	639	639	639	639	638	639
1261	-387199	640	639	640	638	639	640	640	640	640	640	640	639	639	640	639	639	639	639	639	641	640	640	639	639	640	640	639	640	640	640	640	640	640	640	640	640	640	640	640	640	640	640	640	640	640	640	640	640	640	640	640	640	641	640	640	641	640	640	640	640	641	640	640	640	640	640	639	640	639	640	639	640	640	640	640	639	640	640	640	639	640	640	640	639	640	640	638	639	639	639	639	639	640	639	639	639	640	639	639	640	639	639	639	640	639	640	639	640	639	640	640	639	640	640	639	639	639	639	640	640	640	640	640	640	641	640	640	640
1262	-386707	640	641	641	641	641	641	640	640	641	640	640	640	640	640	641	640	640	640	641	640	640	640	640	640	640	639	640	640	640	640	640	640	640	640	639	640	640	640	640	640	640	640	640	640	641	640	640	641	640	640	640	640	640	640	640	640	640	640	640	640	640	640	641	640	640	640	640	641	640	640	640	640	640	640	640	640	640	641	640	640	641	640	640	641	641	640	640	640	641	640	640	640	640	640	641	640	640	640	640	640	640	640	640	639	640	640	640	640	640	640	639	640	640	640	640	640	640	640	639	640	641	640	640	640	640	640	640	640
1263	-386215	640	641	641	640	641	640	640	640	640	641	640	640	639	640	640	641	641	640	641	641	641	641	641	641	641	641	641	640	640	641	640	640	640	640	640	640	640	640	641	640	640	640	640	640	640	640	641	640	641	641	640	641	640	641	641	642	640	640	641	640	641	640	640	640	640	641	641	641	640	641	641	640	641	640	641	640	640	640	640	641	641	640	641	640	641	641	640	641	640	640	641	641	641	641	640	640	640	641	641	641	641	641	641	641	641	641	641	641	641	641	641	641	641	640	641	640	640	641	641	641	640	641	641	641	641	641	641	640
1264	-385723	640	641	641	641	641	641	642	641	641	641	642	641	641	641	641	641	642	641	642	641	641	642	641	642	642	642	642	641	642	642	642	641	641	641	642	641	641	641	642	641	641	641	641	641	641	641	641	641	641	640	641	641	642	642	641	641	640	642	641	640	641	642	640	641	642	641	641	641	642	641	641	641	641	641	642	641	641	641	641	641	641	642	641	642	641	642	641	641	641	641	641	641	641	642	641	642	641	641	642	641	641	641	641	641	642	641	641	641	640	641	642	641	641	641	641	642	642	641	640	641	641	641	641	641	641	641	641	640
1265	-385230	641	642	641	641	641	641	641	641	641	642	641	642	641	641	642	642	641	641	641	641	641	641	641	641	641	641	642	641	642	641	642	641	642	642	642	643	642	642	642	642	643	642	641	641	642	642	642	642	642	642	642	641	642	642	643	642	642	642	642	642	642	642	642	642	642	643	642	642	641	641	641	641	641	641	642	641	641	641	642	642	642	642	642	642	641	642	642	641	642	641	641	642	642	642	642	641	641	642	642	641	641	641	641	641	641	641	641	642	641	642	641	642	642	641	642	641	641	642	641	641	641	641	642	641	642	641	641	642
1266	-384738	643	643	643	643	643	643	643	643	640	642	642	642	642	642	642	642	642	642	642	642	642	642	642	642	642	642	641	641	642	642	642	642	642	642	642	641	642	641	642	641	642	641	641	642	642	642	641	642	641	641	642	641	642	642	642	643	642	642	643	641	642	642	642	642	642	642	642	643	642	642	643	642	642	642	642	643	643	643	643	643	643	643	642	643	643	643	643	643	643	643	643	643	642	643	643	643	643	642	642	643	642	642	642	642	643	642	642	642	643	643	643	643	642	643	643	641	642	642	642	642	642	642	643	642	642	641	641	642
1267	-384246	642	643	642	642	642	643	643	643	642	643	641	642	643	643	643	643	642	643	642	642	643	643	644	643	643	643	643	643	643	644	643	643	643	643	644	644	643	643	642	643	642	642	643	642	642	642	642	642	643	642	643	643	643	642	643	643	642	643	643	643	642	642	643	642	642	641	642	640	643	643	642	642	642	642	643	642	642	642	642	643	643	644	643	643	643	643	643	642	643	643	643	643	642	642	644	643	642	642	643	643	642	643	643	643	643	644	643	642	643	643	642	643	642	643	643	642	643	643	642	642	643	642	642	642	642	643	642	643
1268	-383753	643	643	644	643	644	643	643	644	643	643	643	643	644	643	643	643	643	643	643	644	643	643	644	643	644	643	644	643	644	644	643	643	644	643	643	644	643	643	643	643	643	643	643	643	643	643	643	644	643	643	644	643	643	643	643	643	643	643	643	643	643	644	643	643	643	643	644	643	643	644	644	644	643	642	643	643	643	643	643	642	643	643	643	643	643	642	643	643	643	642	643	643	645	643	643	642	642	643	643	642	643	642	642	643	643	643	642	643	643	643	643	642	643	643	642	644	643	644	643	643	643	643	644	644	644	644	643	644
1269	-383261	643	644	643	644	644	643	643	643	644	643	644	644	643	644	644	643	644	643	644	644	643	644	643	645	644	644	643	643	644	643	643	643	643	644	644	643	643	643	644	643	644	643	644	644	643	644	643	644	644	643	644	644	643	644	643	644	643	644	644	644	644	644	644	643	644	643	643	644	644	643	644	644	644	644	644	644	644	644	644	644	644	644	644	644	644	644	644	644	643	644	644	644	643	644	644	644	644	644	644	644	644	644	644	643	644	644	644	644	643	644	643	643	643	643	644	643	644	644	643	644	643	645	644	644	644	644	645	644
1270	-382769	645	644	645	644	645	644	644	644	644	644	644	645	645	645	644	644	645	645	644	645	644	645	645	644	645	645	644	644	644	644	644	644	644	644	644	644	644	644	643	644	644	644	644	644	645	644	644	644	644	644	643	644	644	644	644	644	644	644	644	644	643	644	644	644	645	644	644	644	644	645	644	644	644	644	644	644	644	644	644	644	644	644	643	644	645	645	644	644	645	644	645	644	644	644	644	644	644	644	644	644	644	644	644	643	644	645	644	645	644	644	644	644	645	643	644	645	644	644	644	644	644	644	644	643	644	644	643	644
1271	-382276	645	645	644	644	643	644	644	645	645	644	644	643	644	645	644	645	644	644	645	645	644	644	644	644	644	645	644	645	645	644	644	645	645	644	644	644	644	645	645	644	645	645	644	645	644	644	644	645	644	645	644	643	645	644	645	644	644	645	645	645	644	644	643	644	645	644	644	645	644	645	644	645	645	644	645	644	645	645	644	645	645	645	645	645	645	645	645	645	644	644	645	645	645	645	645	645	645	646	646	646	647	645	645	645	644	644	644	644	644	644	644	645	644	645	645	645	645	645	645	643	645	645	644	645	645	644	644	644
1272	-381784	644	645	645	646	645	645	646	646	646	645	645	645	645	645	645	646	645	645	646	644	645	646	645	645	645	645	645	646	645	645	645	645	646	645	645	646	645	646	646	644	645	645	645	644	644	645	644	645	645	646	645	645	646	645	646	645	645	645	645	646	645	645	646	645	646	644	645	645	646	646	645	645	645	646	646	645	645	645	646	646	646	646	645	645	646	645	646	645	645	645	645	645	644	645	645	646	645	645	646	646	646	645	645	645	645	645	645	645	645	645	645	645	645	644	643	645	646	645	645	644	644	645	645	645	644	645	645	644
1273	-381292	646	646	646	646	645	646	646	646	645	646	646	646	646	645	646	646	646	646	646	646	646	645	646	646	646	648	646	646	646	646	646	646	645	645	646	645	646	645	645	646	646	646	646	646	645	646	646	646	645	645	645	645	646	646	645	646	646	645	646	646	645	646	645	645	646	645	646	645	646	646	646	645	646	646	645	646	646	646	646	646	646	646	648	646	646	646	645	646	646	645	646	646	646	646	646	646	645	647	646	645	645	646	646	646	646	646	646	646	645	646	646	646	646	646	645	646	645	646	645	646	646	646	646	645	645	645	646	645
1274	-380799	646	646	646	646	646	647	646	647	646	646	647	646	646	647	647	646	646	647	646	647	646	647	646	646	647	647	647	647	645	646	646	646	647	646	646	646	646	646	646	646	646	646	645	646	646	646	646	646	646	647	646	646	646	646	646	646	646	645	646	645	645	645	645	646	645	645	645	645	646	646	646	645	645	646	646	646	646	647	647	647	647	646	646	646	646	647	646	646	646	645	645	646	646	646	647	646	645	646	646	647	646	645	646	646	647	647	647	646	646	647	646	646	647	646	646	646	646	646	646	646	646	646	646	646	646	646	646	646
1275	-380307	647	647	646	646	647	646	647	647	647	647	646	647	647	646	647	647	646	646	646	647	646	647	647	646	646	647	647	646	647	647	646	647	647	647	647	647	647	647	647	646	648	647	646	647	647	647	647	647	648	646	647	647	647	647	647	647	647	647	647	647	647	647	647	647	646	648	647	647	647	647	648	647	647	647	647	647	647	647	647	647	647	647	646	646	647	646	647	647	647	646	646	647	646	646	647	646	647	646	646	646	646	645	646	646	646	646	645	646	646	646	646	646	646	646	647	647	647	647	646	646	647	647	647	646	646	647	646	647
1276	-379815	646	647	647	648	647	647	647	647	647	647	647	647	647	647	647	647	647	647	647	648	647	647	647	647	647	647	647	647	647	647	647	647	646	647	648	647	647	647	648	647	647	647	647	647	647	647	647	647	647	647	647	646	647	647	647	647	647	647	647	647	647	646	646	647	647	647	647	647	647	648	647	647	648	647	647	647	647	648	647	647	647	647	647	647	647	647	647	647	647	647	647	647	647	647	646	647	647	647	647	647	647	646	647	646	646	646	647	647	647	647	647	647	646	647	647	646	647	646	647	647	647	648	647	647	647	647	647	647
1277	-379323	648	647	648	647	647	648	647	648	647	648	647	647	648	647	648	647	648	647	648	648	648	647	648	647	648	647	647	647	647	647	647	648	647	647	648	647	648	647	648	648	648	647	647	647	647	648	647	647	648	648	647	648	648	648	647	648	648	647	647	647	648	647	647	647	647	648	648	648	648	648	648	649	648	649	648	648	648	648	648	648	648	648	648	648	648	647	648	648	648	647	647	647	648	647	647	647	647	647	647	647	647	647	646	647	647	647	647	647	647	647	647	646	648	647	647	648	647	647	647	647	647	646	647	647	647	647	647	648
1278	-378830	648	648	648	648	648	648	648	648	648	648	648	648	648	648	648	648	648	648	648	648	648	648	648	648	648	647	648	648	648	648	648	648	648	648	648	648	648	648	648	649	648	648	648	648	648	648	648	649	649	649	648	649	647	648	648	648	648	648	648	647	647	648	648	648	648	648	647	648	649	648	647	648	648	648	647	648	647	648	648	647	648	648	648	648	648	647	647	648	648	648	648	647	648	648	648	648	647	648	648	648	647	648	648	648	648	648	648	648	648	647	648	648	648	648	648	648	648	648	648	648	648	648	648	648	648	648	648	648
1279	-378338	648	649	648	649	648	649	648	648	648	649	648	648	648	648	648	649	649	648	649	648	649	648	648	649	648	648	648	649	649	648	649	648	649	649	648	648	648	649	648	648	649	649	648	648	648	649	648	649	649	649	649	649	649	649	649	649	647	649	649	649	649	648	649	649	649	649	648	649	648	649	648	649	648	649	649	649	649	649	649	649	649	649	649	648	649	648	649	648	648	649	648	648	648	648	650	648	649	648	648	649	649	649	648	649	648	648	649	648	648	649	648	648	648	647	649	648	649	648	649	649	649	648	648	648	648	648	649	648
1280	-377846	649	649	649	649	650	648	649	649	649	649	649	649	650	649	649	649	649	650	649	649	649	649	648	649	649	649	649	649	649	648	649	649	649	648	648	648	648	649	648	649	648	648	649	650	649	649	649	649	649	648	648	649	649	649	648	648	649	649	648	648	649	649	649	649	649	649	649	649	649	650	649	649	649	648	649	649	648	648	649	648	649	649	649	650	650	649	649	648	649	649	649	649	649	649	649	648	649	649	648	648	649	649	649	648	649	649	649	648	649	649	650	649	649	649	649	650	649	649	649	649	649	649	649	649	649	649	650	649
1281	-377353	649	649	649	650	649	649	650	649	650	649	649	649	650	649	649	649	649	649	649	649	649	649	649	648	648	649	649	649	648	649	650	650	649	649	650	650	649	649	650	649	650	650	649	649	650	649	650	650	650	649	650	649	650	649	650	650	650	651	650	650	649	650	650	650	649	650	649	649	649	649	649	649	649	649	649	649	649	649	649	649	649	649	650	650	650	649	649	648	649	649	648	649	649	649	650	649	649	649	649	650	649	649	649	649	650	649	650	649	650	650	650	650	649	650	650	650	650	648	649	649	650	650	649	650	649	650	650	650
1282	-376861	650	650	650	651	650	649	650	650	651	650	651	651	650	650	650	651	649	650	650	650	650	650	651	651	650	651	650	651	650	651	651	651	651	650	650	651	651	651	650	651	651	650	651	650	651	650	650	651	650	650	650	650	650	650	650	650	650	650	650	650	650	650	650	650	650	649	650	650	650	649	650	650	649	649	650	650	650	650	649	650	649	650	650	650	649	650	650	650	650	650	649	650	651	649	650	650	650	650	650	650	650	650	650	650	650	650	651	650	651	650	650	650	651	651	650	650	651	651	650	650	651	651	650	649	649	650	650	649
1283	-376369	650	650	649	651	650	651	650	650	650	650	651	651	651	650	650	650	651	651	651	651	651	651	651	651	651	651	650	651	651	651	651	650	651	651	651	651	651	651	650	651	651	651	651	650	651	650	650	650	651	650	650	650	650	650	650	649	650	650	650	650	650	651	651	651	651	650	651	650	651	650	650	650	650	650	652	650	650	650	651	651	651	651	651	651	651	651	651	651	650	650	650	651	650	651	650	650	651	651	650	650	650	650	650	650	650	651	651	650	650	650	651	651	650	650	650	650	651	650	650	650	650	650	650	650	650	651	650	650
1284	-375876	651	651	651	651	652	652	652	652	651	651	651	651	651	651	651	651	651	651	651	651	651	651	652	651	652	651	651	651	652	652	652	652	652	652	651	651	651	652	651	651	651	650	651	651	651	651	651	651	651	650	651	651	650	651	650	651	651	652	653	651	651	651	651	651	651	651	651	651	651	651	651	651	651	651	650	651	651	651	651	651	651	651	651	651	651	651	651	650	650	651	651	651	650	650	651	651	651	650	651	651	651	651	651	651	650	651	650	651	650	651	650	650	651	650	650	650	651	651	651	651	651	651	652	651	652	651	652	651
1285	-375384	651	651	651	650	651	651	651	651	650	651	651	651	651	651	651	651	651	651	650	652	651	651	652	650	652	651	651	651	651	650	651	652	651	652	650	651	651	651	652	652	651	653	651	652	651	652	652	651	652	651	651	651	651	651	650	652	651	652	652	651	651	651	651	652	651	651	652	651	651	651	651	651	651	651	651	651	651	651	651	651	650	651	652	652	651	652	651	651	652	652	652	651	652	651	651	652	652	652	651	651	652	651	651	651	652	651	651	652	652	652	652	651	653	652	652	652	652	652	651	652	652	651	652	652	652	651	651	651
1286	-374892	651	652	652	652	651	652	652	652	652	651	651	652	652	652	651	652	651	652	652	652	652	652	652	652	652	653	653	652	652	652	652	652	652	652	651	652	652	653	653	652	652	652	652	652	653	653	653	653	652	652	653	652	652	652	652	652	652	652	652	652	652	652	652	652	652	652	652	652	652	652	653	652	651	651	652	652	652	652	652	652	652	652	652	652	652	653	652	652	652	652	652	652	652	652	652	652	653	652	652	652	652	652	652	652	653	652	653	652	652	653	653	654	652	653	652	652	653	652	652	652	652	652	651	652	652	652	652	652
1287	-374399	652	652	652	652	652	652	652	652	651	652	652	652	652	651	652	653	652	652	652	652	653	653	653	653	652	653	652	653	652	653	652	652	653	652	652	653	653	653	652	653	652	653	653	653	653	653	653	653	654	653	652	652	653	652	653	652	652	652	652	652	652	652	652	652	652	652	652	651	652	653	653	652	652	652	652	652	652	652	653	652	652	652	652	652	652	652	653	652	653	652	652	652	652	652	653	652	652	652	653	653	652	652	653	653	653	654	653	652	654	653	653	653	653	652	652	654	652	653	653	653	653	652	653	653	653	653	653	653
1288	-373907	653	653	652	653	653	653	653	653	653	653	653	654	653	653	653	653	653	653	653	654	653	651	654	653	654	653	653	653	653	653	653	653	653	653	653	654	652	653	653	652	653	653	653	653	653	653	653	653	653	653	654	653	652	653	652	653	653	652	652	652	652	653	653	652	652	652	652	652	653	653	652	653	652	652	653	652	652	653	652	652	653	652	653	652	652	652	653	653	653	653	652	653	653	652	653	653	654	652	652	653	653	654	653	653	653	652	653	653	653	653	652	653	653	653	652	653	653	653	653	653	653	653	652	652	653	653	653	652
1289	-373415	654	652	653	653	653	653	653	653	654	653	654	654	654	655	653	654	654	654	654	654	653	653	654	654	653	653	653	653	654	654	654	654	651	653	654	654	654	654	653	653	654	654	654	653	654	653	653	653	653	654	653	653	653	653	654	653	652	654	654	654	654	654	654	653	654	654	654	653	653	653	654	654	652	653	653	654	654	654	654	654	654	654	654	654	654	654	654	654	654	654	654	653	654	654	653	654	654	654	654	653	654	654	654	654	654	654	654	654	654	653	655	653	653	653	653	653	653	654	654	653	654	654	655	653	653	654	653	654
1290	-372923	654	653	654	653	653	654	654	654	653	654	654	654	654	654	655	655	655	655	654	654	654	654	655	654	654	655	655	655	654	654	654	654	655	654	655	654	654	654	653	654	654	654	654	654	654	654	654	655	654	654	654	654	654	654	653	653	654	653	653	653	653	654	654	654	654	653	654	654	654	654	654	655	654	654	654	654	654	654	654	654	654	654	654	654	654	654	654	653	654	654	653	654	654	655	653	654	655	655	654	654	654	654	654	654	654	654	654	653	654	653	654	654	654	654	654	654	654	655	654	654	654	654	654	654	654	654	654	654
1291	-372430	654	654	654	654	654	655	655	653	654	654	654	655	654	654	654	654	654	653	654	655	655	654	654	653	655	655	656	655	655	655	655	655	655	655	654	655	655	655	655	655	656	655	655	655	655	655	655	655	655	655	655	655	655	655	655	656	655	655	655	655	655	654	655	654	654	655	654	654	655	654	655	655	655	655	655	655	654	656	655	655	655	655	655	655	655	654	654	654	654	654	654	654	654	654	655	654	654	655	655	655	655	655	655	655	655	655	655	655	655	654	654	655	655	654	654	655	655	655	655	654	655	655	655	655	655	655	655	655
1292	-371938	655	654	655	655	655	656	655	656	655	655	655	655	655	655	655	655	655	655	655	655	655	655	655	655	655	655	655	655	655	655	655	655	655	655	655	655	655	655	655	655	655	655	655	655	656	655	655	655	654	655	655	655	655	654	655	655	655	655	654	655	655	655	655	655	655	654	655	655	655	655	655	655	655	655	656	655	655	655	655	656	655	656	656	655	655	655	655	655	656	655	655	655	655	656	655	655	656	655	656	655	656	655	654	655	654	655	654	655	655	654	655	654	655	655	655	654	655	655	656	655	655	655	655	655	655	655	655	656
1293	-371446	656	656	656	655	656	656	656	657	656	657	657	657	657	656	657	657	657	657	656	657	656	656	657	656	656	656	656	656	655	656	655	656	656	655	655	655	656	656	655	656	655	655	655	655	656	655	655	655	655	655	656	656	655	655	655	655	655	655	655	656	655	655	654	655	655	655	655	655	655	655	655	656	656	655	655	655	655	656	656	656	655	655	656	655	655	655	654	655	655	655	654	655	655	655	655	656	656	655	655	656	656	655	655	655	654	656	655	655	656	655	655	655	655	656	655	655	655	656	655	655	655	655	655	655	656	655	655	655
1294	-370953	656	656	656	656	656	657	657	657	656	657	657	657	657	656	656	657	656	657	657	656	656	656	656	656	656	656	656	656	656	656	657	656	656	656	656	656	656	656	656	656	655	656	655	656	656	656	656	656	656	656	656	656	656	656	656	656	656	656	656	656	656	657	657	657	656	657	656	656	657	656	656	656	656	657	656	657	656	657	656	656	657	656	657	657	657	656	656	656	657	656	656	656	656	656	656	656	656	657	656	656	656	657	656	656	655	655	655	656	656	655	656	655	655	656	656	657	656	656	655	656	656	656	656	656	656	656	656	656
1295	-370461	656	657	657	657	657	656	656	657	657	656	656	657	657	657	656	657	656	656	656	657	657	656	656	657	656	656	656	656	656	656	656	656	656	656	657	656	656	656	654	656	656	656	656	656	656	656	656	656	657	657	656	657	655	656	656	656	657	656	656	656	656	657	656	656	656	656	656	656	657	656	657	657	656	657	657	657	656	657	656	656	656	656	656	656	656	656	656	656	656	656	656	655	656	656	656	656	656	656	656	656	656	655	656	656	656	656	655	656	655	656	656	655	656	656	657	656	656	656	656	656	656	656	656	656	657	656	656	656
1296	-369969	658	657	656	656	657	657	656	657	657	657	657	657	657	656	658	657	657	657	656	657	657	657	657	657	656	657	657	657	657	657	657	657	657	656	657	657	658	656	657	657	657	657	656	657	657	657	657	656	656	656	656	657	656	657	658	657	658	658	658	657	658	657	658	657	657	658	657	657	658	657	657	657	658	658	658	658	657	657	657	658	658	657	657	657	658	657	657	657	657	657	657	657	656	656	657	656	656	656	657	656	656	656	656	656	657	656	656	656	656	657	656	656	657	656	656	657	657	657	657	657	657	657	657	657	657	657	657	657
1297	-369476	657	658	657	657	657	658	658	658	658	657	658	658	658	658	658	657	657	656	657	657	657	657	657	657	657	657	657	657	657	657	657	657	658	657	656	657	657	657	657	657	657	657	657	657	657	656	658	657	657	657	658	658	657	658	658	658	657	658	658	659	659	658	658	658	658	657	658	658	658	657	658	658	659	657	658	658	657	657	657	657	658	657	658	657	658	657	657	658	657	657	658	657	657	657	657	657	657	657	657	657	657	657	656	657	657	657	657	657	658	657	657	658	657	657	658	657	657	656	657	657	657	656	656	657	657	657	657	657
1298	-368984	658	658	658	658	658	658	658	658	659	658	658	658	658	658	658	658	658	658	659	657	658	657	657	658	657	658	658	657	657	658	658	658	658	658	658	658	659	658	657	658	658	658	658	658	658	658	657	658	658	658	657	658	658	657	658	658	659	658	658	658	658	659	659	659	658	659	659	659	659	658	658	659	658	659	658	659	658	658	658	658	659	658	659	659	658	659	658	659	658	658	658	657	659	658	659	659	657	658	658	658	659	658	658	658	658	658	658	657	658	657	658	657	658	658	658	658	658	658	658	658	657	658	657	658	658	658	658	658
1299	-368492	658	658	659	658	659	658	658	660	658	658	658	658	659	659	658	658	658	658	658	658	658	658	658	657	658	658	656	659	658	658	657	658	658	658	658	658	658	659	658	659	658	659	659	659	658	658	659	658	659	658	658	658	658	659	658	658	659	659	658	660	658	659	658	658	659	658	659	658	658	658	658	658	659	658	658	659	658	658	658	659	658	659	659	657	659	658	658	658	658	658	658	657	658	658	658	658	658	658	658	657	658	658	659	658	658	658	659	658	658	658	659	658	659	659	658	659	658	659	659	659	659	659	658	659	659	659	659	658
1300	-367999	659	658	659	659	659	659	660	659	659	659	659	660	659	659	659	659	659	659	659	659	659	660	659	660	660	660	660	659	659	660	659	660	659	660	660	660	660	659	659	659	659	659	659	658	659	659	659	659	659	659	660	659	659	658	659	659	658	659	659	658	658	659	659	659	659	659	659	658	659	659	660	659	659	659	659	659	660	659	659	659	659	659	659	659	658	660	659	659	659	659	660	659	659	659	658	659	660	660	659	659	659	659	659	658	658	659	658	659	659	659	659	659	659	658	657	659	659	659	658	659	658	658	658	658	659	658	659	658
1301	-367507	660	659	659	659	659	660	660	659	659	660	660	659	660	659	659	660	660	660	661	659	660	660	660	660	661	660	660	661	660	660	659	660	660	659	659	659	660	659	659	659	659	659	660	660	660	659	660	659	660	660	660	660	659	660	660	659	659	660	659	659	660	659	659	659	659	659	659	658	660	660	659	659	659	660	660	660	659	659	660	659	659	659	659	659	659	659	659	659	659	659	659	660	660	660	659	659	659	659	660	660	659	660	660	659	660	659	660	660	660	660	660	660	659	659	660	660	659	660	660	660	660	659	659	660	659	659	660	660
1302	-367015	660	660	661	661	660	661	661	660	661	660	661	660	660	660	660	660	660	660	659	660	660	660	661	660	660	660	660	660	661	660	661	660	661	660	661	660	660	660	660	660	660	660	660	660	660	660	661	661	660	661	659	661	660	661	660	660	659	660	660	660	660	660	661	660	660	661	659	660	661	660	661	661	660	660	660	661	660	660	660	660	660	659	660	660	659	660	660	660	660	660	660	660	660	660	660	660	660	660	661	660	659	660	660	658	660	659	660	660	660	660	659	661	660	660	660	660	660	660	661	659	660	661	660	660	660	659	660	659
1303	-366523	660	659	661	661	660	660	660	661	660	661	660	660	660	662	660	660	660	661	660	660	660	660	660	660	661	661	660	660	661	661	661	660	660	660	661	661	660	660	660	660	660	660	660	660	660	659	660	660	660	660	660	660	660	660	661	660	661	659	660	661	660	660	660	660	661	660	660	660	660	660	662	660	661	660	661	661	661	661	661	661	661	661	661	661	661	661	661	660	660	660	661	661	660	661	661	661	661	661	661	661	661	661	660	660	660	661	660	661	661	661	659	660	660	661	660	660	660	660	661	660	660	660	660	661	661	660	660	662
1304	-366030	661	662	661	662	661	661	662	661	661	661	661	661	661	661	660	661	661	661	661	661	661	661	661	660	661	662	660	661	661	661	660	660	661	660	660	661	660	661	660	660	660	660	661	660	661	660	661	661	661	661	661	661	661	660	662	660	661	661	661	661	661	662	661	661	661	661	661	660	661	661	661	660	661	661	661	661	661	661	662	661	662	661	661	661	661	661	660	661	661	660	661	661	660	661	660	660	661	661	661	660	661	661	661	661	661	662	661	661	660	661	662	661	661	660	661	662	661	660	661	662	661	661	661	661	661	661	661	661
1305	-365538	661	661	661	661	661	661	661	661	662	661	661	661	661	661	661	661	661	661	662	661	662	661	661	662	662	661	661	662	661	661	661	661	661	662	661	661	661	662	661	661	661	661	661	662	662	662	661	662	662	662	662	662	662	662	662	662	662	662	662	662	661	661	661	661	661	662	661	661	660	662	661	662	661	661	662	662	661	661	661	661	660	661	661	660	662	661	661	661	660	660	660	660	661	661	660	661	662	661	661	661	661	661	661	660	661	661	661	660	661	661	660	661	661	661	661	661	661	661	662	661	660	661	662	662	661	661	661	661
1306	-365046	662	662	662	662	662	663	663	661	662	662	663	662	662	661	662	663	662	662	661	662	662	663	662	662	662	662	662	662	662	662	662	663	662	662	662	662	663	662	662	662	661	662	661	661	662	661	662	661	661	662	662	661	662	661	662	661	662	661	662	661	661	661	661	661	661	661	661	661	661	661	661	662	661	662	662	661	662	661	662	662	662	662	661	661	662	662	663	661	662	662	662	662	662	662	662	664	662	662	662	662	662	662	662	662	661	661	662	662	662	661	662	661	662	662	662	661	661	662	662	661	662	662	662	662	662	662	662	662
1307	-364553	663	662	662	663	663	663	662	662	663	662	662	662	662	662	662	662	662	662	662	663	662	663	662	663	663	662	663	662	662	663	662	663	662	662	662	662	663	662	662	662	663	663	663	662	663	663	663	663	663	663	663	663	663	662	662	662	662	662	662	662	662	663	663	663	662	663	663	663	663	662	662	662	662	662	662	662	662	662	662	662	662	662	663	663	662	662	662	663	663	662	662	662	662	663	663	663	662	663	662	662	662	662	663	662	662	663	663	663	663	662	663	663	663	664	663	663	662	662	662	663	662	662	662	662	662	663	662	662
1308	-364061	663	663	663	663	663	663	663	663	663	664	663	663	663	663	663	663	663	663	662	662	663	663	663	663	663	663	663	662	662	663	662	663	662	663	663	662	662	662	662	663	662	662	662	662	663	663	662	663	663	663	663	663	663	663	663	663	663	662	662	663	663	663	663	663	663	663	663	663	663	663	663	663	663	662	663	663	663	663	663	663	663	664	663	663	662	663	663	663	662	663	663	663	662	663	662	663	663	662	662	662	663	663	663	662	663	662	662	663	663	663	663	663	663	663	663	663	663	663	663	663	663	663	664	663	663	663	664	664
1309	-363569	663	664	663	663	663	663	663	663	663	663	663	663	663	664	664	663	663	664	664	664	664	664	664	664	663	664	664	663	663	663	663	664	663	664	663	664	664	664	664	664	664	664	663	664	664	663	663	664	664	663	663	664	663	664	664	664	663	663	663	664	663	664	664	663	664	664	663	663	663	664	663	663	664	663	663	664	663	664	663	663	663	663	663	663	663	664	664	664	664	663	664	663	663	664	663	663	663	663	664	663	664	664	664	664	663	663	663	664	664	663	664	664	664	664	664	663	664	664	664	665	663	664	664	663	664	663	664	664
1310	-363076	664	664	664	663	663	664	663	664	663	663	663	663	664	664	663	664	664	663	663	663	664	663	664	664	663	663	664	663	663	663	663	664	663	663	663	664	664	663	664	664	663	664	663	664	663	664	664	664	664	664	664	664	664	664	664	665	664	664	664	664	664	665	664	664	664	664	664	665	664	664	664	664	664	664	664	664	664	665	664	664	664	664	664	663	663	664	664	663	664	663	663	663	663	664	664	663	663	663	664	664	663	663	663	663	663	663	663	663	663	663	664	664	663	663	663	663	663	663	664	664	664	664	664	663	664	664	663	663
1311	-362584	664	665	665	664	664	664	664	665	665	664	664	664	665	665	665	664	664	664	664	665	665	665	665	664	664	664	665	664	664	664	664	665	664	664	664	665	664	664	664	664	664	665	664	664	665	665	665	664	664	664	664	665	664	664	664	664	664	664	664	664	664	664	664	664	664	665	664	664	665	664	664	664	664	663	664	664	664	663	664	664	664	664	664	664	663	664	664	664	664	664	664	664	665	664	664	664	664	664	664	664	664	664	664	664	664	664	664	664	664	663	664	664	664	664	664	665	664	664	664	664	664	664	664	664	664	665	664	664
1312	-362092	665	665	665	665	664	664	665	665	664	665	664	665	664	665	665	665	665	665	666	665	665	666	665	665	665	665	665	665	666	665	664	665	665	666	665	666	665	666	666	665	666	665	665	665	664	666	665	664	665	665	665	665	666	666	665	665	664	665	665	665	665	665	664	664	665	665	665	665	665	665	664	665	664	664	665	665	664	664	664	665	665	664	665	664	664	665	664	665	664	665	665	664	665	666	665	665	665	665	664	665	665	665	665	665	665	665	665	664	665	666	665	665	665	665	666	665	665	664	664	664	664	664	664	664	664	665	665	664
1313	-361599	665	666	665	666	664	665	666	665	665	664	665	665	665	666	665	665	666	665	665	665	665	665	665	665	665	665	665	666	665	665	665	665	664	665	665	664	663	665	665	665	665	665	666	665	665	665	665	666	665	665	665	665	666	665	665	665	665	665	666	666	666	665	665	665	666	665	665	666	665	665	665	666	666	666	666	665	665	665	666	665	665	666	665	665	665	665	665	665	665	665	664	664	665	665	664	665	665	664	665	665	665	665	665	665	665	665	665	665	665	665	665	665	664	665	665	665	664	666	666	665	665	666	665	665	665	665	665	664
1314	-361107	667	666	666	666	666	666	668	666	666	665	666	666	665	666	665	666	666	666	666	667	666	666	666	665	665	666	666	665	666	665	666	666	666	666	665	666	666	666	665	665	666	666	665	665	665	666	664	666	667	665	665	666	666	665	666	665	666	665	666	665	665	666	666	665	666	665	666	666	666	666	666	666	665	665	665	665	667	665	665	666	666	666	666	666	665	665	665	665	666	664	665	665	665	666	666	664	665	665	665	666	666	666	666	666	665	666	666	666	666	666	667	666	665	666	666	666	666	666	666	667	667	667	666	666	667	666	667	666
1315	-360615	666	665	666	667	666	666	666	666	667	667	666	666	667	666	667	666	666	667	666	667	667	666	667	667	666	666	666	666	665	665	666	666	665	665	665	665	666	666	665	665	665	666	665	666	665	665	665	665	667	665	667	666	666	665	665	666	665	665	665	665	666	665	666	666	666	666	666	666	666	666	666	665	666	666	666	666	665	666	666	666	666	666	666	665	666	666	666	666	666	666	666	666	666	666	667	667	666	666	666	666	666	666	666	666	665	668	666	665	667	665	666	665	666	665	665	666	666	666	666	666	666	666	666	666	665	666	665	665
1316	-360123	667	667	667	666	667	667	667	667	667	667	667	667	667	666	665	667	667	667	667	666	666	668	667	667	667	667	667	667	667	667	667	667	667	667	664	667	666	666	667	667	667	667	666	667	666	666	667	667	667	667	667	667	668	667	667	667	667	667	667	667	667	667	667	666	667	667	667	667	666	667	667	666	667	667	667	667	667	667	666	667	666	667	667	666	666	666	666	667	667	667	666	667	667	667	667	667	666	667	666	667	667	667	666	666	666	667	667	667	668	667	667	667	667	667	667	667	667	666	667	667	666	667	667	666	667	666	666	665
1317	-359630	667	668	667	667	666	667	668	668	667	667	667	668	667	668	667	668	667	667	667	667	668	668	668	669	668	668	668	668	668	668	668	668	668	668	668	668	668	668	668	667	668	668	668	667	668	667	668	668	668	667	667	667	668	667	667	667	667	667	667	668	667	667	667	667	667	667	668	667	667	667	667	667	667	667	667	667	667	667	668	667	669	668	667	668	667	667	668	667	668	668	667	668	667	667	667	667	667	667	668	668	667	667	667	668	667	667	667	667	668	667	667	667	667	667	667	668	667	667	667	667	667	667	667	667	666	667	666	667
1318	-359138	668	668	668	668	668	668	668	668	668	668	668	669	667	668	668	668	668	668	667	668	667	668	668	667	668	668	668	668	668	668	668	668	668	668	668	668	668	668	668	667	667	667	667	667	667	667	667	668	667	667	668	667	667	667	667	668	667	667	668	667	668	667	668	667	667	667	667	668	667	667	667	668	667	667	668	667	667	667	667	668	667	668	668	668	668	668	669	668	669	669	668	669	668	668	668	668	667	668	668	668	668	668	668	668	668	668	668	668	667	668	668	668	668	668	668	669	668	668	668	668	668	667	667	668	667	668	667	668
1319	-358646	668	668	668	668	668	668	669	669	668	668	668	668	668	669	668	668	668	668	669	669	668	669	669	669	668	669	668	669	668	668	669	669	669	669	668	669	670	669	669	669	669	668	668	668	668	668	668	668	668	668	668	668	668	668	669	668	668	669	668	668	668	669	669	668	668	668	669	668	668	668	668	668	668	668	668	668	669	669	669	669	669	669	669	669	668	669	668	669	669	668	668	669	668	669	669	668	668	668	668	669	668	668	668	668	667	668	668	668	667	668	668	668	668	669	668	668	668	668	668	669	667	668	668	668	669	668	668	668
1320	-358153	669	669	669	668	669	669	668	669	669	669	669	669	669	668	668	669	668	669	668	668	669	668	667	669	669	668	668	668	669	669	669	668	668	669	668	668	668	668	670	668	668	670	668	669	669	669	669	669	668	669	669	670	669	670	670	668	669	668	669	668	668	668	668	668	668	669	668	669	668	669	669	669	669	669	669	669	668	669	669	669	669	668	670	668	670	669	669	668	668	669	669	668	669	668	669	668	669	669	668	669	668	668	668	668	669	668	668	668	668	668	668	668	668	668	669	668	668	667	669	668	668	669	667	669	668	668	668	668
1321	-357661	669	670	669	669	670	669	669	669	669	669	669	669	669	669	669	669	669	668	669	669	669	669	669	669	669	669	670	669	669	669	671	669	669	670	669	669	670	669	670	669	669	669	669	669	670	669	669	669	670	670	670	671	668	670	670	670	669	670	670	669	670	669	669	670	670	670	670	670	669	669	670	668	669	669	669	669	668	669	669	669	669	669	669	669	669	669	669	669	669	669	670	669	669	668	669	669	669	669	669	669	669	668	669	669	668	669	669	670	669	668	669	669	670	670	669	669	670	669	669	669	669	670	669	670	669	669	669	669
1322	-357169	670	670	670	669	670	669	670	669	669	669	670	669	670	670	670	669	670	670	670	670	669	670	670	670	670	669	670	669	670	669	670	670	669	670	669	670	670	669	670	670	669	670	670	670	670	670	670	670	669	670	669	669	669	669	669	669	669	670	669	669	670	670	670	669	669	670	670	670	670	669	670	670	670	670	670	670	670	669	670	670	670	669	670	670	670	670	670	670	670	670	670	670	670	670	669	670	670	670	670	670	670	670	670	670	670	669	670	670	670	669	669	670	669	670	670	670	669	669	670	670	670	670	670	670	670	670	670	669
1323	-356676	671	670	670	670	670	671	670	671	671	671	671	670	671	670	670	671	670	671	670	670	671	670	671	670	670	671	671	670	671	671	670	670	670	670	671	670	670	670	670	670	670	670	670	670	670	669	670	670	670	670	670	671	670	670	670	670	670	670	670	670	671	670	670	670	670	671	671	671	670	671	670	670	670	670	670	670	670	670	670	670	670	670	671	670	670	671	670	670	670	671	671	671	670	670	670	670	670	671	670	670	670	670	670	671	670	670	671	670	671	670	670	671	670	671	671	671	670	670	671	670	670	670	671	670	670	670	670	670
1324	-356184	671	671	671	671	671	671	671	671	671	671	671	671	671	671	671	672	671	671	671	669	671	670	671	671	670	671	670	670	671	671	671	671	671	672	671	671	671	671	671	672	671	671	671	671	670	671	671	671	671	671	671	671	671	672	672	671	671	671	671	671	671	671	671	671	671	670	671	671	671	671	671	671	671	670	671	671	670	670	671	670	670	671	671	670	669	670	671	671	670	670	671	670	670	671	670	671	670	670	670	670	671	671	671	670	670	671	671	671	671	671	671	670	671	671	671	670	671	672	670	670	671	670	671	670	670	671	671	671
1325	-355692	671	672	671	672	671	672	671	671	672	671	671	671	672	671	671	672	671	672	671	672	672	671	672	672	671	671	671	672	671	671	671	671	671	671	671	670	670	671	671	671	672	671	672	671	672	671	671	671	671	671	670	672	671	670	671	670	671	671	671	671	670	672	671	671	671	670	672	671	671	671	671	671	673	671	672	671	671	671	671	671	671	671	671	671	671	671	671	672	672	671	671	670	672	672	671	671	671	671	671	671	671	671	672	671	671	671	671	671	671	671	672	670	671	672	671	671	671	671	672	671	672	671	671	671	671	671	671	671
1326	-355199	672	672	672	672	671	672	672	671	672	672	672	672	672	672	671	672	672	672	672	671	672	672	672	672	672	672	672	671	672	672	672	672	672	672	672	672	672	672	671	672	671	672	672	671	671	671	672	671	671	671	672	672	672	672	672	672	672	672	672	672	672	672	672	672	671	672	672	672	672	671	672	672	672	672	672	673	672	671	672	671	672	671	671	672	671	672	672	672	671	671	672	672	672	672	672	671	671	671	671	671	671	672	671	672	671	671	672	671	671	672	671	671	671	672	671	671	671	671	672	671	671	671	671	671	671	671	670	670
1327	-354707	672	671	671	672	672	672	672	672	672	673	672	672	672	672	673	672	673	672	672	673	672	673	672	672	673	672	673	672	672	672	672	672	672	672	672	672	672	672	673	672	672	672	673	672	672	672	672	672	673	672	672	672	672	672	672	672	672	672	672	673	672	672	672	672	671	672	672	672	672	673	672	672	672	672	673	672	672	672	672	672	672	673	672	672	673	672	673	672	672	672	673	673	672	672	672	673	673	672	673	673	673	672	673	673	672	673	672	672	672	672	673	672	672	672	672	672	672	672	672	672	672	672	672	673	672	672	671	672
1328	-354215	673	674	672	673	673	674	673	673	672	672	673	673	673	673	672	673	672	673	673	673	674	673	673	672	673	673	673	673	673	673	673	673	674	673	674	674	674	673	673	673	673	673	673	673	673	673	672	673	673	673	673	673	673	673	674	673	674	672	673	673	672	673	672	673	673	672	672	672	673	673	672	673	673	673	673	673	673	673	673	673	673	672	672	673	672	672	672	672	673	672	672	672	672	672	673	673	672	673	673	673	673	672	673	673	673	673	672	673	672	673	673	673	672	673	672	672	672	672	672	672	672	672	672	672	673	673	673	673
1329	-353723	673	673	673	672	673	673	673	674	673	673	673	673	674	673	673	673	673	673	673	673	673	673	673	673	673	673	673	673	672	673	672	672	673	673	673	674	672	672	673	673	673	672	673	673	673	673	673	673	673	674	674	674	673	674	674	673	674	673	673	674	673	673	673	673	673	673	673	672	673	673	673	673	673	673	673	673	672	673	673	673	673	672	673	673	673	673	673	673	673	673	673	673	672	673	672	673	673	673	673	672	673	673	673	673	672	672	673	672	673	673	673	673	673	673	674	674	674	673	674	673	674	673	673	674	673	674	673	674
1330	-353230	675	673	674	674	674	674	674	674	674	674	674	673	674	673	674	674	674	674	673	675	673	673	674	673	673	674	673	674	674	674	674	673	674	673	673	673	673	673	673	673	672	673	674	673	674	674	673	674	673	673	674	674	674	674	673	673	673	673	674	673	673	673	673	673	673	673	674	673	673	673	673	674	674	674	673	673	674	673	674	674	673	674	673	674	674	673	674	674	673	673	674	674	674	673	673	671	674	674	673	673	673	674	674	673	674	674	674	673	674	674	674	674	674	673	673	674	673	674	674	673	673	673	674	674	673	673	674	673
1331	-352738	673	674	673	673	674	673	674	674	674	674	674	674	674	674	674	674	674	674	674	674	674	675	676	675	674	674	674	674	675	674	674	674	674	674	674	674	675	674	674	674	674	674	673	674	674	674	674	673	674	673	674	674	674	674	674	674	674	673	674	674	675	674	674	673	674	674	674	674	674	675	674	674	674	674	674	674	674	675	674	675	675	675	675	674	675	674	674	675	674	674	674	674	675	674	675	674	675	674	675	675	675	674	674	674	673	674	675	675	674	674	675	674	674	674	674	673	674	674	673	674	674	674	673	674	674	674	675	674
1332	-352246	675	674	675	675	675	675	675	675	675	675	675	675	675	675	675	674	675	674	674	675	674	674	674	674	675	674	674	674	673	674	674	674	674	674	674	674	675	674	674	675	674	674	675	674	674	674	675	674	674	675	674	675	675	674	675	675	675	675	675	675	675	676	675	676	675	675	675	675	674	675	675	675	675	675	675	676	675	675	675	674	676	675	675	676	675	676	676	675	676	675	675	674	675	675	675	675	674	674	674	674	674	674	674	675	675	674	673	675	675	674	675	674	674	674	674	674	675	675	674	675	674	675	675	674	675	674	674	674
1333	-351753	675	675	675	674	675	675	675	675	675	675	675	674	673	675	675	675	674	674	675	675	675	675	675	675	674	675	674	675	675	674	674	674	675	675	675	675	674	675	675	675	675	674	675	675	674	675	675	675	675	675	676	675	676	675	675	675	674	675	675	675	675	674	675	674	675	675	675	676	674	673	675	675	675	675	675	675	675	675	674	675	675	675	675	675	675	675	675	675	675	675	675	675	675	675	675	675	675	675	674	674	675	674	674	675	675	675	675	675	674	675	676	676	675	675	675	676	675	675	675	674	675	675	675	675	675	675	676	675
1334	-351261	675	675	674	675	675	675	675	675	675	675	675	676	675	676	675	675	675	675	676	675	676	676	675	676	676	676	674	676	676	675	675	676	676	676	675	675	676	675	675	676	676	676	676	676	675	676	676	675	675	676	676	676	676	675	676	675	675	676	675	675	676	675	676	675	675	675	675	676	675	676	675	675	675	676	676	676	675	676	675	675	675	675	676	675	675	676	676	676	676	676	676	676	676	676	677	676	676	676	676	676	676	676	676	676	676	675	676	675	676	676	676	676	676	676	676	676	676	676	676	676	676	677	676	676	676	676	676	675
1335	-350769	676	676	677	676	676	676	677	677	677	677	677	676	677	676	676	676	676	675	677	676	675	675	675	675	676	676	676	676	675	676	675	676	675	675	676	675	676	675	676	676	676	676	675	675	675	676	676	676	676	676	676	675	676	677	676	677	677	677	677	676	676	677	676	676	676	676	676	676	677	676	677	676	677	677	676	677	677	676	677	677	677	676	677	677	676	676	676	676	677	676	676	675	675	676	676	676	675	676	676	676	676	676	676	676	676	676	676	676	675	675	676	676	676	676	676	676	676	675	676	676	676	676	676	676	676	677	676	676
1336	-350276	677	676	677	677	676	677	677	676	677	676	676	676	677	677	676	677	676	677	677	676	676	676	677	676	676	677	676	677	677	676	677	677	677	677	677	677	676	677	676	677	676	676	676	676	676	677	676	677	677	677	677	676	677	677	677	677	677	676	677	676	676	677	677	677	677	677	677	677	677	677	677	677	677	677	676	677	677	677	677	677	677	677	676	677	676	676	677	676	676	676	677	677	676	677	676	676	677	676	676	676	676	676	676	676	676	677	676	676	676	677	676	677	676	676	676	676	676	676	676	676	676	676	676	676	677	676	677	676
1337	-349784	677	676	677	676	677	677	678	677	677	677	678	677	678	677	678	677	677	678	677	677	678	678	677	677	678	677	677	677	677	677	678	677	677	677	677	678	677	677	677	677	677	677	677	677	678	677	677	677	677	677	677	677	676	678	677	677	677	677	677	677	677	677	677	677	678	677	677	677	677	678	677	677	677	677	678	678	678	677	677	677	677	677	678	678	677	678	678	677	677	678	678	677	677	678	678	677	677	678	678	678	677	677	677	678	677	677	677	677	677	677	678	677	677	678	678	676	677	677	677	677	677	677	677	677	677	677	677	677
1338	-349292	678	678	678	678	677	677	678	678	677	677	677	678	678	678	678	678	678	678	678	678	678	678	678	678	678	678	678	679	678	678	678	677	678	678	678	677	677	678	677	677	677	677	678	678	677	677	677	678	678	678	677	677	677	678	678	677	678	677	678	678	677	678	677	677	677	676	677	678	677	678	677	678	678	678	678	678	678	678	679	678	677	678	678	678	679	678	677	677	678	678	678	678	678	678	678	678	679	678	678	679	678	678	678	679	678	678	678	678	677	678	678	677	677	677	678	678	678	678	678	677	677	678	678	678	678	679	677	677
1339	-348799	678	678	677	678	678	678	679	678	678	678	678	678	679	679	678	678	679	678	678	679	678	678	678	679	678	678	679	678	678	677	678	678	678	679	679	679	679	678	679	678	678	678	678	679	678	679	678	678	679	679	679	678	677	679	678	679	679	678	679	678	678	679	678	678	678	679	678	679	678	678	678	678	678	678	679	678	678	678	678	678	678	677	678	677	677	678	677	677	678	677	678	678	678	678	678	678	677	678	678	678	678	678	678	678	678	678	679	678	678	678	678	677	679	678	678	678	678	679	678	679	677	678	678	678	678	678	678	679
1340	-348307	678	678	679	679	677	678	678	678	678	679	679	678	679	678	678	679	679	679	679	678	678	679	679	679	678	678	678	678	679	678	679	678	679	678	678	678	679	679	678	679	679	679	679	679	678	678	678	679	678	678	678	679	678	677	679	679	679	679	678	679	679	679	679	678	678	679	679	679	678	679	678	678	679	678	679	678	679	678	678	679	678	678	678	678	679	679	678	678	678	679	678	678	679	678	679	678	678	678	679	679	678	679	678	678	679	678	679	678	678	678	679	679	679	679	679	679	678	678	679	679	679	679	678	679	679	679	679	678
1341	-347815	678	680	679	679	679	679	679	679	679	677	679	679	679	679	679	679	679	679	679	679	679	678	678	679	679	678	679	679	679	679	679	679	679	679	679	679	678	679	680	679	679	679	679	679	679	679	679	679	680	680	679	679	680	679	679	679	679	679	679	679	679	678	679	678	679	679	679	678	679	679	679	679	678	679	679	679	678	679	679	679	679	679	679	679	679	680	679	679	679	679	679	679	679	679	678	679	679	679	678	680	679	679	679	679	680	679	679	679	679	679	679	679	680	679	679	679	679	679	679	679	679	679	679	678	679	679	679	679
1342	-347323	679	679	680	679	679	679	679	679	679	680	680	679	679	679	680	680	680	680	680	681	680	680	680	680	679	680	679	679	680	679	679	679	679	679	679	679	679	679	679	679	680	679	679	680	679	680	679	680	679	679	680	678	679	679	679	679	679	679	680	680	679	680	681	680	680	680	680	681	680	680	680	680	680	680	680	680	680	680	679	680	680	680	680	679	680	680	680	679	680	680	680	679	680	680	679	680	679	680	680	679	680	680	680	680	680	680	680	680	680	680	680	680	679	680	679	680	679	680	680	680	680	680	680	679	680	680	680	680
1343	-346830	680	680	679	680	680	680	679	680	680	680	680	679	680	680	680	680	679	680	680	680	680	680	680	680	680	680	680	681	681	681	680	680	680	680	680	680	680	680	680	680	680	680	680	680	680	680	680	680	679	680	680	681	680	680	681	680	680	679	680	680	680	680	679	680	680	679	680	680	680	680	679	679	680	680	680	680	680	680	680	680	680	680	680	679	679	679	680	680	679	680	680	680	680	679	680	679	680	679	679	680	679	680	679	680	680	680	680	680	679	680	680	680	680	680	680	680	680	680	680	679	680	680	680	679	679	680	680	680
1344	-346338	681	681	680	680	681	680	681	680	681	681	681	681	681	680	681	681	681	681	681	681	681	680	680	681	681	680	681	680	681	680	681	681	680	681	680	681	680	680	680	680	680	680	681	681	680	681	680	679	680	680	680	680	680	680	681	680	681	680	680	680	680	681	681	680	680	680	682	680	680	681	680	681	681	680	681	680	680	680	680	680	680	680	680	681	681	681	681	681	681	681	680	680	680	680	680	680	680	680	680	681	681	680	681	681	681	681	680	681	681	681	681	680	681	681	680	680	681	680	681	680	680	680	680	680	681	681	681	680
1345	-345846	681	681	681	681	680	680	681	680	681	681	680	681	681	681	681	681	681	681	681	681	681	681	681	680	680	680	680	680	680	680	680	680	681	681	681	681	681	681	681	681	681	682	681	680	681	680	681	681	680	680	681	681	680	681	681	681	681	681	681	681	681	681	681	681	681	681	681	681	681	681	681	681	681	681	682	682	681	681	681	681	682	681	681	681	681	681	681	681	682	681	681	681	681	681	681	682	681	682	681	681	681	681	680	680	681	680	681	681	681	681	681	680	680	681	681	680	681	680	680	681	680	681	681	681	680	681	680	680
1346	-345353	681	682	681	681	682	681	682	681	681	681	681	681	681	682	681	682	682	681	681	681	682	682	681	682	682	681	680	681	682	681	681	681	682	681	681	682	681	682	681	681	682	681	682	682	682	681	681	682	681	682	681	681	682	680	681	682	682	682	681	681	681	682	682	682	682	682	682	681	682	681	681	681	681	681	681	681	682	681	682	681	681	682	682	682	682	682	682	681	681	682	682	682	681	680	681	680	682	682	681	681	681	682	681	681	681	681	682	681	681	682	681	681	682	680	681	681	681	681	681	681	681	681	681	682	681	681	681	681
1347	-344861	682	682	682	682	683	683	681	682	682	681	682	682	681	681	682	681	682	682	682	682	681	681	682	681	682	682	682	682	682	681	682	682	682	682	681	682	682	682	682	682	682	681	681	682	682	682	682	682	682	683	682	682	681	682	682	682	682	682	681	682	682	683	682	682	682	681	682	682	682	682	682	682	682	682	682	682	683	682	682	682	681	683	682	683	682	683	683	682	683	682	682	683	683	683	682	682	683	682	683	681	681	681	682	681	682	682	682	682	681	682	682	682	682	682	681	681	682	682	682	682	681	681	682	682	682	682	681	682
1348	-344369	682	683	683	682	683	682	682	682	682	682	682	682	682	682	683	682	683	682	682	682	682	682	682	682	681	682	682	682	682	681	682	682	681	682	682	681	682	682	682	681	682	682	682	683	682	683	683	682	682	681	682	682	682	683	682	682	683	683	683	683	683	682	683	683	682	683	682	683	682	683	683	683	683	683	683	683	682	683	682	683	683	682	683	682	683	683	681	682	682	682	682	682	683	683	683	683	682	683	683	683	682	682	683	683	682	682	682	682	683	683	682	682	683	682	683	682	683	682	682	682	682	683	682	683	682	682	682	683
1349	-343876	684	684	683	683	683	683	684	682	684	683	683	683	683	683	683	683	683	683	682	683	683	683	683	683	682	682	682	683	682	683	683	683	683	683	683	683	684	683	683	683	683	684	683	683	683	684	684	683	683	683	683	684	683	684	683	683	683	683	683	684	683	684	683	683	682	683	683	683	683	683	683	683	683	683	683	683	683	683	683	682	683	683	683	683	682	684	683	683	683	683	684	683	684	683	683	683	683	683	683	683	683	682	683	683	683	683	683	683	683	683	683	683	683	683	683	683	683	684	683	683	683	682	683	683	683	683	683	682
1350	-343384	684	684	684	684	683	684	683	683	683	684	683	683	684	684	683	683	683	684	684	684	684	683	684	683	684	683	683	684	684	683	684	683	684	684	684	683	683	683	683	683	683	683	684	684	684	684	684	684	684	684	684	684	685	684	683	683	683	684	684	684	683	684	683	683	684	683	683	683	683	683	684	683	683	683	684	683	684	683	683	683	683	684	683	684	684	684	684	684	684	684	684	684	684	684	684	684	684	683	683	683	684	683	683	683	683	683	684	683	684	684	684	684	683	683	683	684	684	683	683	683	683	683	683	683	683	684	683	683
1351	-342892	684	684	684	683	684	683	684	684	684	683	684	684	684	684	684	684	684	684	684	684	684	684	684	684	684	684	684	684	684	685	685	685	685	685	685	685	685	684	685	684	685	684	685	684	685	684	684	684	685	684	684	685	684	684	684	684	684	684	684	683	683	684	683	684	684	683	683	683	684	684	684	683	684	684	683	684	683	683	684	683	683	683	683	683	683	683	683	683	683	684	684	684	684	684	684	685	684	685	684	684	684	684	685	685	685	684	684	686	684	684	684	684	684	684	684	684	684	684	684	684	684	684	685	684	684	684	684	684
1352	-342399	684	685	683	684	684	684	683	684	684	684	684	683	684	684	684	685	684	684	684	684	684	685	686	685	685	684	685	685	685	685	685	685	685	684	685	684	686	685	685	684	685	685	685	685	685	685	685	686	685	686	685	686	685	685	685	685	685	685	685	684	685	684	685	684	684	684	684	685	685	685	685	685	684	685	685	685	684	685	684	684	684	684	684	684	684	684	684	684	684	685	684	684	684	684	685	684	684	685	684	685	684	685	685	685	684	684	684	685	685	685	684	684	684	685	684	686	684	684	685	684	685	685	684	684	684	685	684	684
1353	-341907	683	685	684	685	684	684	684	684	684	684	684	684	685	684	685	685	684	685	684	684	686	685	684	684	684	685	685	685	685	684	685	685	685	685	685	686	685	685	686	685	685	685	685	685	685	685	684	686	684	684	685	685	685	685	685	685	685	682	684	685	685	685	684	684	685	685	685	685	685	685	685	685	685	685	685	685	685	685	685	684	684	684	684	685	685	685	685	685	685	685	685	685	685	685	686	686	685	686	686	686	686	685	686	686	686	685	685	686	686	686	686	686	686	686	686	685	686	685	685	685	685	686	685	686	685	685	685	686
1354	-341415	685	685	686	685	686	686	685	685	685	686	686	685	686	685	686	686	686	686	685	686	686	686	686	685	687	686	686	686	686	686	686	686	685	685	686	686	686	686	686	686	686	686	686	686	686	686	687	685	686	686	686	686	685	686	685	685	685	685	686	685	686	685	685	686	685	685	685	685	686	686	686	685	686	686	686	686	685	685	685	685	686	685	685	685	685	685	685	686	686	687	686	685	686	686	686	686	686	685	686	687	686	685	686	686	686	686	686	686	686	685	685	685	685	685	685	686	685	686	685	686	686	685	685	685	685	685	685	685
1355	-340923	686	686	686	685	685	686	686	685	686	685	686	686	686	686	685	686	685	685	686	686	686	686	686	686	686	686	685	686	686	686	685	685	685	686	686	685	686	685	685	686	685	686	686	686	686	686	686	686	685	685	686	686	686	686	686	686	686	686	686	686	686	686	686	686	686	686	686	686	686	686	686	687	686	686	686	686	686	685	686	686	686	686	685	686	685	686	686	685	686	685	686	686	685	686	686	686	685	686	686	686	686	686	685	686	686	686	685	686	686	686	686	686	686	686	686	686	687	686	686	687	686	687	687	687	687	687	687	686
1356	-340430	687	686	686	686	687	687	686	686	686	686	686	686	687	686	687	686	687	686	686	688	686	687	687	686	687	686	687	687	686	686	686	687	687	688	687	687	686	687	686	687	686	687	686	686	687	687	687	686	686	687	687	687	687	687	687	688	687	686	688	687	687	687	686	687	687	687	687	686	686	686	686	687	687	687	686	686	688	687	687	687	687	687	687	687	687	686	687	687	686	686	686	687	686	687	687	686	686	686	686	686	686	686	686	686	686	687	686	686	687	686	686	686	686	687	685	686	686	686	687	686	686	686	685	687	687	686	687	687
1357	-339938	686	686	687	686	686	686	686	687	687	687	687	687	687	688	687	687	687	687	687	688	686	687	687	687	687	687	687	687	687	687	687	688	687	687	687	687	687	687	687	687	686	687	687	687	687	687	685	687	687	687	687	687	687	687	686	687	688	688	687	687	687	688	687	688	687	687	686	688	687	687	687	687	687	687	687	687	688	688	687	687	687	687	688	687	687	687	687	688	688	688	687	687	687	688	687	687	687	687	688	687	687	687	687	687	687	687	687	687	688	687	687	687	687	686	687	687	687	687	688	686	686	687	686	686	686	686	686	686
1358	-339446	688	688	688	687	688	687	687	687	687	687	688	688	688	688	688	687	688	688	688	687	687	687	687	688	688	687	688	687	687	687	687	687	687	688	687	688	687	687	687	687	687	688	687	687	687	687	687	687	688	687	687	688	688	688	688	688	688	687	687	687	688	687	687	688	687	688	688	688	688	687	688	688	688	688	688	688	688	687	688	688	687	687	687	686	687	687	687	687	687	687	687	687	687	687	687	687	687	688	687	687	687	687	687	687	688	687	688	688	687	687	687	687	688	687	687	687	687	687	687	687	687	687	687	687	687	687	687	687
1359	-338953	688	688	688	688	688	688	688	689	688	688	687	687	688	688	688	688	688	688	688	688	688	689	689	688	688	688	689	689	688	688	688	688	688	687	688	688	688	688	688	688	688	689	688	689	688	688	688	688	688	688	689	688	689	688	688	688	689	688	688	687	688	688	688	688	688	688	688	688	688	687	688	689	688	688	687	688	688	688	688	688	688	688	688	688	688	688	688	687	687	688	688	688	688	688	688	688	688	688	688	688	688	688	689	688	688	688	689	689	689	689	688	688	688	688	687	688	688	688	688	688	688	688	689	689	688	688	688	688
1360	-338461	688	688	689	689	689	689	688	689	689	689	689	689	689	689	688	689	689	689	689	689	689	689	688	688	688	689	688	688	689	688	688	688	688	688	688	688	688	688	688	689	688	688	688	689	688	689	688	688	689	688	689	688	688	688	688	689	688	688	688	688	689	688	689	689	689	689	688	688	688	689	689	689	688	688	688	689	689	688	688	688	688	688	689	689	688	688	688	689	689	688	688	688	689	688	688	689	689	688	688	688	688	688	688	688	688	688	688	688	688	689	688	688	688	688	689	688	687	688	688	688	688	688	688	688	689	689	688	689
1361	-337969	689	689	689	689	688	689	689	689	689	689	689	689	689	689	690	690	689	689	689	689	689	690	689	689	688	688	689	689	689	689	688	689	689	689	688	688	689	689	689	689	689	689	689	689	689	689	689	689	689	689	689	688	689	689	689	689	689	688	689	689	689	689	689	689	688	688	689	689	689	689	688	689	689	689	689	688	689	689	689	688	688	688	689	689	688	689	688	688	689	690	689	689	689	689	688	689	689	689	689	689	689	688	689	689	689	689	689	688	688	689	689	689	688	689	689	688	689	689	688	689	689	689	688	688	689	689	689	689
1362	-337476	689	690	690	690	690	689	689	689	689	689	689	689	690	689	689	689	690	689	689	689	689	689	690	690	689	689	690	689	690	690	690	690	690	689	689	690	690	690	690	689	690	689	689	690	689	689	689	689	689	689	689	689	690	689	689	689	689	689	689	688	690	689	689	689	689	689	689	689	689	689	689	689	689	689	690	689	690	689	689	689	689	690	689	689	689	688	689	689	689	689	689	689	688	689	690	689	689	690	690	689	690	689	689	689	689	690	689	689	689	689	690	690	689	690	689	690	688	689	690	690	690	690	689	690	689	690	689	689
1363	-336984	690	691	690	691	690	690	690	690	690	690	690	690	690	690	690	690	691	690	690	689	690	689	690	689	689	689	689	688	689	690	689	690	689	690	690	689	689	690	690	690	689	690	689	689	689	689	690	689	690	689	689	690	690	690	690	690	690	690	691	690	691	691	690	691	690	690	691	690	690	690	690	690	690	690	690	690	690	690	691	690	690	690	690	690	688	690	690	690	690	690	690	690	690	690	690	690	689	689	689	690	689	689	689	689	690	690	690	689	690	689	689	690	689	689	691	689	690	690	690	689	689	689	689	689	690	689	689	689
1364	-336492	690	690	690	690	691	690	691	690	691	691	691	691	691	691	690	690	691	690	690	690	691	690	690	690	690	690	691	689	690	691	691	691	691	691	690	691	691	690	690	690	690	691	691	691	690	690	690	690	690	690	690	690	690	690	690	690	690	690	690	690	690	690	690	690	690	690	690	691	690	690	690	690	690	691	690	690	690	690	690	690	690	689	690	690	690	690	690	691	690	690	690	690	691	690	690	690	690	690	689	690	689	690	690	690	691	690	690	690	690	690	690	691	691	690	689	689	690	690	690	691	689	690	691	690	691	690	690	691
1365	-335999	691	690	691	691	691	691	691	690	689	691	691	690	691	691	691	691	691	691	691	691	691	692	692	691	691	691	691	692	691	691	691	691	691	691	691	691	691	691	690	691	691	691	691	690	691	691	691	691	692	691	691	690	691	691	691	691	690	691	690	691	690	691	691	690	691	689	690	691	690	690	691	691	690	691	691	690	691	690	690	690	690	690	690	690	691	690	690	690	690	690	690	691	691	691	691	690	691	691	691	691	689	691	690	690	691	691	691	691	691	691	692	692	691	692	691	692	692	692	693	692	692	692	691	692	691	692	691	691
1366	-335507	691	691	691	691	691	691	691	691	691	691	691	690	692	691	691	691	691	691	691	691	692	691	691	691	691	691	690	691	691	691	691	691	692	691	691	693	692	692	691	692	692	692	692	691	692	691	692	692	691	691	690	692	691	691	691	691	691	692	692	692	690	692	691	692	691	691	692	692	692	691	691	692	692	692	691	691	692	692	691	691	692	691	692	692	692	692	691	691	692	691	691	691	692	692	691	691	691	691	692	691	691	692	692	693	692	692	692	692	692	692	692	692	692	692	690	691	691	691	692	691	691	691	692	692	691	692	692	693
1367	-335015	692	693	692	692	691	692	692	692	691	692	692	692	692	692	692	693	692	692	692	692	692	692	692	692	692	692	692	692	692	692	692	692	691	691	692	692	692	692	692	692	692	693	692	692	693	692	692	692	691	692	692	692	691	691	691	692	691	692	691	691	691	692	692	692	692	692	692	691	692	692	692	693	691	692	692	692	692	692	692	692	692	692	692	692	692	692	692	692	692	692	693	691	692	692	692	692	692	692	692	692	692	692	692	692	692	692	691	692	692	692	693	692	692	692	692	693	692	692	692	692	692	692	692	692	693	692	692	692
1368	-334523	693	692	693	692	692	692	692	693	692	693	693	692	692	692	693	693	692	693	692	692	693	692	693	692	692	692	692	692	691	691	692	692	692	692	691	692	692	692	692	691	692	692	692	693	692	692	691	692	691	692	693	692	692	691	692	692	692	692	692	691	692	692	693	691	692	692	692	692	692	693	693	693	693	693	693	692	693	692	692	693	692	693	693	692	692	692	693	693	693	692	691	692	692	693	693	692	692	692	693	693	693	693	692	693	692	692	692	692	692	691	692	692	692	693	691	692	692	692	693	692	692	692	692	692	692	692	692	692
1369	-334030	693	693	692	692	692	693	693	692	692	693	692	692	693	692	692	692	692	692	693	692	692	693	693	692	692	692	693	692	692	693	693	692	692	692	692	692	692	693	693	692	693	693	692	692	692	693	692	692	693	692	692	692	693	693	692	692	693	693	693	693	691	692	693	692	693	693	692	693	693	693	693	693	693	692	693	692	693	693	693	693	692	693	693	693	693	692	693	693	692	692	693	693	692	693	693	693	693	693	693	692	693	693	693	693	693	693	693	693	693	693	693	692	692	693	692	692	692	691	692	693	693	692	693	692	693	692	693	694
1370	-333538	693	694	693	694	694	694	694	693	694	694	694	694	695	694	694	694	694	696	694	694	694	694	694	693	693	693	693	693	693	693	693	694	694	693	694	693	691	693	693	694	693	692	693	693	694	693	693	694	694	693	694	692	693	693	693	693	693	693	694	693	694	693	693	694	693	693	693	693	694	693	693	693	693	695	696	694	694	694	694	693	693	694	694	694	694	694	693	694	694	694	694	694	694	693	693	694	693	694	693	694	693	693	693	693	693	693	693	693	693	693	693	693	693	694	693	693	692	693	693	693	693	693	693	693	693	693	693	693
1371	-333046	695	694	695	694	695	695	694	693	694	695	694	695	694	694	694	694	694	694	694	694	694	694	693	694	694	694	694	694	694	694	694	694	694	694	693	693	693	694	693	694	693	693	693	693	694	694	694	694	693	694	694	694	693	694	694	694	694	693	694	694	693	693	693	693	694	693	694	694	694	694	694	694	694	694	694	694	693	694	693	693	694	694	694	694	694	694	694	694	694	693	694	693	693	694	693	693	693	694	693	693	695	694	694	694	693	695	694	694	694	694	694	693	694	694	694	694	693	693	693	694	693	694	694	693	693	693	692	694
1372	-332553	695	695	695	694	695	695	696	695	695	694	695	695	695	695	695	695	695	695	694	694	694	694	694	695	695	695	694	695	695	696	694	694	695	694	695	694	694	695	695	695	693	694	695	694	694	695	694	694	695	695	695	695	695	695	696	695	695	695	695	695	695	695	694	695	695	694	695	695	694	695	695	695	694	695	695	695	694	694	695	694	694	695	694	695	694	694	694	694	694	694	695	694	694	694	694	694	694	694	694	694	693	694	693	694	693	694	694	694	694	694	694	694	695	694	695	695	694	695	694	694	694	694	695	694	695	694	695	695
1373	-332061	695	694	695	695	695	696	695	694	694	695	694	694	694	695	695	695	694	695	695	695	695	695	695	695	693	694	695	694	695	694	695	695	695	695	695	695	695	695	695	695	695	694	695	696	696	696	695	695	695	695	695	696	695	695	695	695	695	696	696	695	696	695	694	695	695	695	695	695	695	695	695	695	695	695	695	694	695	695	696	696	695	693	694	695	695	696	695	695	695	694	695	694	694	695	694	694	695	695	695	695	695	694	695	695	693	695	695	696	695	695	696	695	695	696	695	695	694	695	695	694	695	695	696	695	695	695	696	696
1374	-331569	696	695	696	696	696	696	696	695	696	696	696	695	696	695	695	695	695	696	695	695	696	695	695	695	695	696	696	696	696	695	695	695	695	696	696	695	695	696	696	695	695	695	695	695	695	695	695	695	696	695	696	696	696	696	695	696	696	696	695	696	696	695	695	695	696	696	695	695	695	696	695	696	696	696	695	695	695	695	695	695	695	695	695	696	696	695	695	696	696	695	695	696	696	696	695	696	696	696	696	696	695	695	695	696	695	695	696	696	695	695	695	695	696	695	696	696	696	696	696	695	695	695	695	695	695	696	695	695
1375	-331076	695	696	695	696	696	696	696	696	696	696	695	697	696	695	696	695	696	696	696	696	696	697	696	696	697	697	697	696	696	696	696	697	696	697	695	696	696	696	696	696	695	695	696	696	695	695	696	695	696	695	696	696	696	696	695	696	696	696	696	695	696	696	696	696	695	696	696	696	695	695	696	696	696	695	695	696	696	696	696	696	696	696	696	696	696	696	696	696	696	696	696	696	696	696	696	695	696	696	695	696	695	696	696	695	696	696	696	695	695	696	695	695	696	696	696	695	696	696	696	696	695	696	696	695	695	696	696	695
1376	-330584	697	696	697	696	696	696	696	696	696	696	696	697	696	696	696	696	696	695	696	696	696	696	696	697	696	696	697	697	696	696	695	696	696	696	696	696	696	696	696	696	696	696	697	696	696	696	696	696	695	696	696	696	696	696	696	696	696	697	696	696	696	696	696	696	696	696	696	696	696	695	696	697	696	696	696	696	696	696	697	696	697	696	696	698	697	697	696	697	696	695	697	696	695	696	696	696	696	696	696	696	697	696	697	697	696	697	696	696	697	696	697	696	696	696	696	697	696	696	696	696	696	696	697	696	697	696	696	696
1377	-330092	697	698	697	697	697	697	698	697	697	697	697	697	698	698	697	697	697	697	697	698	697	696	698	697	697	697	696	697	697	697	695	696	697	697	697	696	696	697	697	697	696	696	697	696	697	696	696	696	696	697	696	697	696	697	696	696	696	697	697	696	696	696	697	697	697	697	697	697	698	696	696	697	696	697	697	696	697	697	698	696	697	697	697	696	696	697	697	694	696	696	697	697	696	697	696	697	697	697	697	696	697	697	697	697	696	697	696	697	697	697	697	697	697	697	697	697	697	696	697	696	697	697	698	696	696	697	697	697
1378	-329599	697	697	697	697	697	697	697	697	697	697	697	697	697	698	697	697	697	697	697	696	697	696	697	697	697	697	697	697	697	697	697	696	697	697	697	697	697	696	697	696	698	697	697	697	697	697	697	697	697	697	697	697	697	697	697	697	697	697	697	698	697	697	697	697	697	697	698	698	697	697	698	698	697	697	697	698	697	697	697	697	697	697	697	697	697	697	697	697	697	697	697	697	697	697	698	698	697	698	698	697	697	698	697	697	697	698	698	697	697	698	698	697	697	698	697	697	698	697	698	698	697	698	697	698	698	697	698	697
1379	-329107	698	698	698	698	699	698	698	697	697	698	697	698	698	697	698	697	697	697	697	698	697	697	698	697	698	698	698	697	697	698	697	698	697	697	697	698	698	698	698	698	698	698	698	697	698	698	697	698	697	697	698	698	698	698	697	698	698	698	698	697	698	698	698	699	698	698	698	698	698	698	699	698	698	698	697	697	698	697	698	698	698	698	699	698	699	699	698	698	698	698	698	698	698	698	699	698	698	698	698	698	698	698	698	697	698	697	697	698	697	698	697	698	697	698	697	698	698	697	697	697	698	698	697	697	697	697	697	697
1380	-328615	698	699	699	699	698	698	699	698	698	698	698	698	698	699	699	698	698	698	698	699	698	698	698	699	698	699	698	699	698	698	698	698	698	698	698	698	698	698	698	698	698	699	699	698	698	699	699	698	698	698	698	698	698	698	698	699	698	698	698	699	698	699	698	699	698	698	699	698	699	698	699	699	699	699	698	699	699	699	699	698	699	699	698	699	698	699	699	699	699	698	699	698	699	698	699	699	698	698	699	699	699	698	698	699	698	699	699	699	698	699	698	699	699	698	698	697	698	699	698	698	698	698	699	697	698	698	698	698
1381	-328123	699	699	698	699	699	699	699	699	699	698	699	699	698	699	698	698	698	698	699	699	699	698	698	699	699	699	698	698	699	699	699	699	698	699	699	698	699	698	699	699	698	699	699	699	699	699	699	699	699	699	699	699	699	699	699	699	699	699	699	699	699	699	699	699	700	701	700	700	700	700	699	699	699	700	699	700	699	699	700	699	699	699	699	698	699	698	699	698	698	698	699	698	699	699	698	699	699	700	698	698	698	699	699	699	699	699	699	699	699	698	698	699	698	699	699	698	699	698	699	699	699	699	699	699	699	699	699	700
1382	-327630	699	699	699	699	699	699	699	698	699	699	698	699	699	699	700	700	699	699	699	700	700	700	699	699	699	699	700	699	699	700	700	700	699	699	700	699	699	700	699	699	699	699	699	700	700	699	699	699	699	699	699	699	699	699	699	700	699	699	700	700	699	699	700	700	699	699	699	699	699	699	699	699	699	699	699	698	699	698	700	700	698	699	699	699	699	699	699	699	699	699	700	699	699	699	699	699	699	699	700	700	699	699	699	699	699	699	699	699	699	699	699	699	699	700	699	699	699	699	700	700	699	699	699	699	699	699	699	700
1383	-327138	700	699	699	700	699	700	699	699	699	700	700	699	700	699	700	700	700	700	699	700	699	699	699	699	700	700	700	700	699	699	700	700	700	699	699	700	699	700	700	700	700	700	700	700	700	699	699	699	699	699	700	700	701	699	700	700	700	701	700	700	700	700	700	700	700	701	701	700	700	700	699	700	700	699	700	700	699	700	700	700	700	700	700	700	700	700	700	699	699	700	699	700	699	699	699	699	700	699	699	699	699	699	700	700	698	699	699	699	699	699	699	700	700	699	699	699	700	699	699	699	699	700	699	700	699	699	699	700
1384	-326646	701	701	700	699	701	700	701	701	700	700	701	701	700	700	700	700	701	701	701	700	701	700	701	700	700	701	699	700	699	700	700	700	700	700	700	700	700	700	700	700	700	699	700	700	700	700	699	700	700	700	700	700	700	700	699	700	700	700	700	700	698	700	700	701	700	700	700	700	700	700	700	700	700	700	700	700	700	700	701	700	700	700	700	700	700	700	700	700	701	700	700	700	700	700	700	699	700	700	699	699	700	699	700	700	700	699	699	699	700	699	700	700	700	700	700	701	701	700	700	701	700	700	700	700	701	700	700	700
1385	-326153	701	701	701	701	701	700	701	701	701	701	700	701	700	700	701	700	700	702	701	701	701	701	701	701	702	701	701	701	701	701	701	701	701	700	701	702	701	701	702	701	701	701	701	701	700	701	701	701	701	700	700	702	701	701	699	701	700	701	700	700	700	700	700	701	700	701	700	700	700	700	701	700	700	699	700	699	700	700	700	701	700	700	701	700	701	700	700	700	700	701	700	700	701	700	701	700	701	701	700	701	700	701	700	700	701	701	700	701	701	702	701	701	701	701	701	701	700	701	701	701	700	701	701	701	702	701	701	701
1386	-325661	701	700	700	701	701	700	700	701	701	701	701	700	701	701	701	700	701	701	701	702	701	702	701	702	702	702	701	701	701	701	701	701	701	702	702	701	701	702	703	702	702	702	701	702	702	702	702	701	702	702	702	702	702	702	702	702	702	702	701	702	701	702	702	701	702	702	702	702	702	702	702	701	701	701	701	701	701	701	701	701	702	700	701	702	701	702	701	701	701	701	701	701	701	701	700	701	701	702	701	701	701	701	701	700	701	701	700	701	701	701	702	700	701	701	701	701	701	701	701	701	701	701	701	701	702	701	701	702
1387	-325169	702	701	701	701	701	702	701	701	701	701	702	702	702	702	702	702	702	701	702	702	702	702	702	702	701	702	701	703	702	702	702	702	702	702	702	702	702	702	702	702	702	701	702	702	702	702	702	702	702	702	702	702	702	702	702	701	702	701	702	702	702	702	701	702	702	702	702	702	701	702	702	702	701	701	702	702	701	701	701	702	701	701	701	701	701	702	702	701	702	702	702	702	702	702	702	702	702	701	702	702	701	702	701	702	702	702	701	702	701	702	702	702	703	702	703	702	702	702	702	702	702	702	702	702	703	702	702	701
1388	-324676	702	702	703	702	703	702	702	702	702	703	702	703	702	702	703	702	702	702	702	702	701	702	701	702	701	701	702	701	702	701	702	702	701	702	702	701	702	701	702	701	702	702	702	702	702	702	702	703	702	702	702	701	703	702	702	702	701	702	702	702	702	702	702	702	702	702	702	703	703	702	703	703	704	703	703	703	703	702	702	703	702	702	702	702	702	702	702	702	702	702	702	702	702	702	702	701	703	702	702	702	702	701	702	702	702	702	701	702	702	702	703	701	702	702	702	702	703	703	702	703	702	703	703	703	702	702	702	702
1389	-324184	702	702	702	703	703	703	703	704	703	703	704	702	703	703	703	703	703	704	703	704	704	703	704	703	704	703	703	702	703	703	703	703	704	703	703	704	703	703	703	704	703	704	704	704	703	703	704	703	703	703	703	704	703	703	703	703	704	703	703	703	703	703	703	703	703	703	703	703	703	703	703	703	703	703	702	703	703	703	702	703	703	703	702	703	702	703	702	703	704	702	702	702	702	703	702	703	703	703	703	703	703	703	703	703	702	703	702	703	703	703	703	702	703	703	703	703	703	703	703	703	702	703	703	702	702	702	703	703
1390	-323692	703	702	703	703	703	703	704	704	703	703	703	703	703	703	703	703	703	704	703	703	703	704	704	704	704	704	704	704	704	704	704	704	704	704	703	703	704	704	704	704	704	704	704	703	704	703	703	703	703	704	703	704	703	703	703	703	704	703	703	703	703	703	703	703	703	703	703	704	703	703	703	703	703	703	703	703	703	703	703	703	703	703	702	704	703	704	704	703	703	703	704	704	703	703	702	704	704	703	704	704	704	704	703	704	703	704	703	703	703	704	704	704	703	704	703	703	703	704	703	704	704	703	703	703	703	704	703	704
1391	-323199	704	704	703	703	703	703	704	704	704	703	702	704	703	703	703	704	704	704	703	703	703	704	703	704	703	703	703	704	704	703	704	704	704	704	704	704	703	704	704	704	704	704	704	704	703	704	703	704	704	704	704	703	704	704	703	703	704	704	704	703	703	704	704	704	703	704	704	703	703	704	704	704	704	703	704	704	704	704	703	703	703	703	704	703	703	704	703	703	703	703	703	704	704	703	704	703	704	704	703	703	703	703	703	703	703	704	702	703	703	703	704	704	704	704	704	704	704	705	704	704	704	704	704	704	704	703	704	704
1392	-322707	704	704	704	704	704	704	704	704	704	704	704	704	704	704	704	704	704	704	704	704	704	704	704	705	704	704	703	704	704	704	704	704	704	704	704	705	704	704	704	704	704	704	704	704	704	704	703	705	704	705	704	704	704	704	705	705	704	704	704	705	704	704	704	704	704	705	705	705	704	704	704	704	704	704	704	704	704	704	704	704	704	704	704	704	703	704	705	704	704	704	704	704	704	704	704	703	704	704	704	704	704	704	704	704	704	704	704	704	704	704	704	704	704	704	704	704	704	704	704	705	704	704	704	704	705	704	704	704
1393	-322215	705	705	705	704	704	704	704	704	704	704	704	705	704	705	704	704	705	704	705	705	704	704	704	704	705	705	705	704	705	705	705	704	705	705	704	705	705	704	705	705	704	705	705	705	704	705	704	705	705	704	705	705	704	704	705	704	705	705	705	705	705	705	705	705	705	705	705	704	705	706	705	705	705	705	705	705	705	704	705	705	705	705	705	704	704	704	705	704	705	704	704	705	705	705	705	705	705	706	705	706	706	705	706	705	705	705	705	706	705	705	705	704	705	705	705	705	705	705	705	705	705	705	705	705	705	705	704	705
1394	-321723	705	705	705	705	704	705	705	705	705	704	705	705	705	705	705	705	705	705	705	704	705	705	705	705	705	706	705	705	705	705	705	705	705	705	705	706	705	705	705	705	705	705	706	706	705	705	705	705	704	705	705	706	705	705	705	705	705	705	706	705	706	705	706	705	706	706	705	705	704	705	705	705	706	704	706	705	705	704	704	706	705	705	705	705	705	705	706	705	705	705	706	706	705	706	705	705	705	705	705	705	705	705	705	705	706	706	705	705	705	705	705	706	704	705	705	706	705	705	706	705	705	705	705	705	705	705	706	705
1395	-321230	705	705	705	705	705	705	705	705	705	705	705	706	705	705	705	705	706	706	706	705	705	706	705	705	705	704	705	705	705	706	707	705	705	705	706	705	705	705	705	706	705	705	706	705	706	705	706	706	706	704	706	706	705	706	706	706	706	706	705	706	706	706	706	706	706	706	706	705	706	705	706	706	706	706	706	706	706	705	706	706	706	706	706	705	706	705	706	705	705	705	705	706	705	705	706	706	705	705	705	705	705	705	705	705	704	705	704	705	705	705	705	705	705	706	705	705	706	706	705	706	705	706	706	706	706	708	706	706
1396	-320738	706	706	706	706	706	706	705	706	706	705	706	706	706	706	705	706	707	706	705	706	706	705	706	706	706	706	705	707	706	706	706	705	706	706	706	706	706	707	706	706	706	707	707	707	707	706	706	706	706	705	706	706	707	706	706	706	704	706	706	706	705	706	706	706	706	707	707	706	706	707	706	707	706	707	705	706	706	706	706	706	706	706	705	705	705	706	706	705	706	706	706	706	706	706	706	707	707	706	707	706	707	706	706	706	705	706	705	706	706	705	705	706	706	706	706	707	706	706	706	706	706	706	706	706	705	706	706	706
1397	-320246	707	706	706	707	706	706	706	706	706	706	706	706	707	706	706	706	706	707	707	706	706	706	706	707	706	706	706	706	707	707	706	707	708	706	706	706	707	707	706	706	706	706	707	707	707	706	708	707	707	707	706	707	706	706	707	706	706	707	707	707	706	707	707	707	706	706	707	706	707	707	706	707	707	707	706	707	707	707	707	706	706	707	706	706	706	707	706	707	706	706	706	706	706	706	706	706	706	707	706	707	706	707	706	706	706	706	707	706	706	705	707	707	707	706	706	707	707	706	707	707	707	707	707	707	707	708	707	707
1398	-319753	707	707	707	707	707	707	707	707	708	707	707	707	707	707	707	707	707	707	707	707	707	707	707	707	707	707	708	707	708	707	707	707	707	708	707	707	707	707	707	707	707	708	707	707	708	708	708	707	708	707	707	707	707	708	707	707	707	707	707	707	706	707	707	707	706	707	707	707	707	707	708	707	707	707	707	708	707	707	707	707	708	707	707	707	707	707	706	707	707	706	707	707	707	707	707	707	706	707	706	707	707	707	707	707	707	706	707	707	707	707	707	708	707	707	706	707	707	708	708	707	707	707	708	706	706	706	707	707
1399	-319261	707	707	707	708	708	708	708	708	708	708	708	708	707	708	707	707	707	707	708	708	708	708	707	707	708	708	708	707	708	708	709	708	708	708	708	708	708	708	708	708	708	708	709	708	708	708	707	708	708	708	709	708	708	707	708	708	707	707	707	707	708	707	707	707	707	707	707	707	707	707	707	708	708	708	707	708	707	708	709	708	708	708	708	708	708	708	707	708	707	707	708	708	708	708	708	708	708	709	707	707	707	707	708	708	707	708	708	708	708	708	708	707	707	708	708	707	707	707	707	707	707	707	708	707	708	708	707	707
1400	-318769	708	708	708	707	708	707	708	707	708	708	707	708	708	708	708	708	709	708	707	708	709	708	708	708	707	708	709	708	708	708	708	708	708	708	708	709	708	708	708	708	708	709	708	708	707	708	708	708	708	708	708	708	707	708	707	707	708	708	708	708	708	708	708	709	708	708	709	709	709	709	709	709	708	708	708	708	709	708	708	708	708	709	708	709	708	709	708	709	708	708	708	708	708	708	707	708	708	708	708	708	708	709	708	708	708	708	708	708	708	708	709	707	708	708	708	709	708	708	708	708	708	708	708	708	708	708	708	707
1401	-318276	709	708	708	708	708	709	708	708	708	708	709	708	709	708	708	708	709	709	708	708	709	708	708	709	709	708	708	709	708	709	709	708	709	708	709	709	709	709	709	708	708	708	709	708	708	708	709	708	709	708	709	708	709	708	708	708	708	709	709	709	708	708	708	708	708	708	708	709	708	708	708	708	709	707	709	709	708	709	708	709	708	709	708	708	708	709	708	709	708	708	708	709	709	709	709	709	710	709	709	710	709	710	709	709	709	709	709	709	709	708	709	709	709	709	709	709	709	709	709	709	708	709	709	709	709	709	709	709
1402	-317784	709	709	710	709	708	709	709	709	709	708	710	709	709	709	709	710	710	709	709	709	710	709	709	709	710	710	709	709	709	709	709	710	709	709	710	709	709	709	709	709	709	709	709	708	709	709	710	710	709	709	709	709	709	709	710	709	709	709	708	709	709	709	710	709	709	709	709	709	709	709	708	708	709	709	708	709	708	708	709	708	708	707	708	709	708	708	709	710	709	709	709	708	709	709	709	709	709	708	709	709	709	710	709	708	710	710	709	709	709	710	710	709	709	710	710	709	709	709	710	711	709	709	709	709	709	709	710	709
1403	-317292	709	710	710	709	710	709	710	710	709	710	709	710	709	710	710	710	711	709	710	710	709	710	709	710	710	710	711	710	710	710	710	710	710	710	710	710	710	710	710	709	710	710	710	710	709	709	711	709	710	709	709	709	709	710	709	710	710	709	710	709	710	710	710	710	709	710	710	710	710	709	709	709	709	709	709	709	710	709	710	710	710	709	709	710	709	709	710	709	709	710	709	709	711	709	710	709	709	709	709	709	709	710	709	709	710	710	709	710	709	710	710	708	709	709	709	709	709	709	709	709	710	709	710	709	709	710	709	709
1404	-316799	710	710	710	709	710	711	710	710	710	710	710	710	710	710	710	710	710	710	709	711	710	709	710	710	710	710	710	710	709	710	710	711	710	710	710	710	711	711	710	711	710	710	710	710	711	710	710	710	710	711	710	710	710	710	710	710	711	710	710	710	710	711	710	711	711	711	711	710	711	710	711	710	710	710	709	709	710	710	711	710	710	711	710	711	710	710	710	710	710	710	711	710	711	710	710	710	710	710	709	710	709	710	710	710	710	710	709	710	711	711	710	710	710	711	711	711	710	710	710	710	710	710	711	710	710	710	709	711
1405	-316307	711	711	711	711	711	711	710	711	711	711	711	710	711	711	711	710	710	710	710	710	711	711	711	711	710	710	710	710	711	711	711	711	710	711	711	711	711	710	711	710	710	711	710	710	710	710	711	711	711	711	711	711	710	711	711	710	711	710	711	711	711	711	711	711	710	711	710	711	710	711	711	710	710	711	710	711	710	710	710	710	710	710	710	709	710	710	710	709	710	711	710	710	710	711	710	710	710	710	710	710	711	710	710	710	710	710	710	710	710	710	710	710	710	711	711	712	710	710	711	711	711	711	710	711	710	710	710	710
1406	-315815	711	711	711	711	711	711	710	711	710	711	710	711	711	711	711	711	711	710	711	711	711	711	711	711	711	711	711	711	710	710	710	710	711	711	711	711	711	711	712	712	711	711	711	711	711	711	711	711	710	710	711	711	711	710	711	711	711	712	711	711	711	711	711	711	711	712	711	711	711	711	711	712	711	711	711	711	711	710	710	711	711	710	711	711	711	711	712	711	711	711	712	711	711	711	711	711	711	711	711	711	711	711	711	711	711	711	711	711	711	711	711	711	711	711	711	711	711	710	711	711	711	711	711	711	711	711	711	711
1407	-315323	711	712	711	711	712	711	712	711	711	711	712	712	711	711	711	711	712	711	711	711	712	712	711	712	711	711	712	712	712	712	712	712	712	711	711	712	712	712	711	711	712	712	712	711	712	711	712	712	711	712	712	712	712	711	712	712	711	712	711	711	712	712	712	712	711	711	712	712	712	712	712	712	711	712	712	712	712	712	711	712	711	711	711	711	711	711	711	711	711	711	711	711	712	712	712	711	711	711	712	712	712	711	711	712	711	711	711	711	711	711	711	711	711	711	711	711	711	712	712	711	712	711	711	711	712	712	711	711
1408	-314830	712	713	712	712	712	712	712	713	712	712	712	712	712	713	712	712	712	713	712	712	712	712	712	712	712	712	713	712	712	712	713	713	713	712	712	712	710	711	712	712	712	712	712	712	712	712	712	711	712	712	712	712	712	712	712	712	712	713	712	713	713	712	712	712	712	713	712	712	713	713	712	712	712	712	713	712	712	712	712	712	713	712	712	712	713	712	712	712	712	713	712	712	712	710	712	712	712	712	712	712	712	712	712	713	712	712	712	711	712	712	712	712	712	712	712	713	712	712	712	712	712	712	712	712	712	712	711	712
1409	-314338	713	713	714	712	713	713	712	713	713	713	712	713	713	713	712	712	713	713	712	713	712	712	712	712	713	713	713	713	712	713	712	713	712	712	712	713	713	712	713	713	712	713	712	713	713	712	713	712	712	712	712	712	713	713	713	713	713	713	713	713	713	713	713	713	713	713	713	713	713	712	712	713	712	712	712	712	712	712	712	713	713	713	712	713	713	712	712	711	712	712	712	712	712	713	712	712	712	713	713	712	713	713	712	713	713	712	712	712	712	712	713	712	713	712	712	713	713	713	712	712	712	712	713	712	713	713	712	713
1410	-313846	713	713	713	713	713	713	713	713	713	713	712	713	713	713	713	713	713	714	712	713	713	713	713	713	713	713	713	713	713	713	713	713	713	713	713	713	713	712	713	713	713	713	712	712	713	712	713	713	713	712	712	713	712	713	713	712	713	713	713	713	713	713	713	713	713	713	713	712	712	712	712	713	712	713	713	713	713	712	714	713	713	713	713	713	713	714	714	713	713	713	713	713	713	713	713	713	713	714	713	713	713	713	713	713	713	714	713	713	713	713	714	713	713	713	713	713	713	713	713	714	713	713	714	713	713	713	713	713
1411	-313353	713	713	713	714	713	714	714	714	715	714	714	713	713	714	713	714	713	713	713	713	713	713	714	713	713	714	713	714	713	714	713	714	714	713	714	713	714	713	713	713	713	714	712	714	713	713	714	714	713	714	713	713	713	713	713	713	714	713	713	715	713	714	713	713	714	714	715	714	714	714	714	713	714	714	713	714	713	713	714	713	713	713	713	713	713	714	714	714	714	715	713	714	714	714	714	714	713	714	713	713	713	713	713	713	713	714	714	713	713	713	714	714	714	714	714	714	713	713	714	714	713	712	713	713	714	714	713	713
1412	-312861	714	714	714	715	714	713	713	714	714	712	714	714	714	714	714	714	714	714	714	714	715	715	714	714	713	713	714	713	714	713	713	714	714	714	713	714	714	713	714	714	713	714	714	714	714	713	713	714	714	714	713	714	714	714	714	714	714	714	714	714	714	714	714	714	713	715	713	714	714	714	714	714	714	715	714	715	714	714	714	715	714	714	714	715	714	714	714	715	714	714	714	714	713	714	714	714	714	714	714	714	713	714	713	713	714	713	713	713	713	714	713	714	714	715	714	714	714	714	714	714	714	714	714	714	714	714	714	714
1413	-312369	715	715	714	715	715	715	715	715	715	715	715	715	715	714	714	715	715	715	715	714	715	715	714	714	715	715	715	714	715	715	715	716	715	715	715	715	715	715	715	715	715	715	715	715	715	715	715	715	715	715	715	715	715	714	715	714	714	714	715	715	714	715	715	715	715	715	715	714	715	715	715	714	714	714	714	714	715	715	715	714	715	714	714	715	714	714	714	715	715	715	715	715	714	715	714	715	714	714	715	714	715	714	714	714	714	714	714	715	714	716	715	714	715	715	715	714	714	715	715	714	714	714	714	714	714	714	714	715
1414	-311876	715	714	715	715	715	715	714	715	715	715	715	716	716	715	715	715	715	716	715	715	715	715	715	715	715	712	716	715	715	715	715	715	716	715	714	715	715	715	715	715	715	715	715	715	715	714	715	715	715	715	715	715	715	714	714	715	714	714	715	714	715	714	714	714	714	714	714	715	714	715	715	715	715	715	715	715	715	715	715	715	715	715	715	715	716	714	715	715	715	715	716	715	715	715	715	715	715	715	715	715	715	715	715	715	715	715	714	715	715	715	715	714	715	715	715	714	714	715	715	715	715	715	714	714	714	714	715	715
1415	-311384	715	716	716	716	716	716	715	715	716	715	716	715	716	716	716	716	715	716	715	716	716	716	716	716	715	716	716	716	716	716	716	715	715	716	716	715	715	716	715	715	715	715	715	715	715	715	715	715	715	715	715	715	716	715	715	716	715	715	715	716	715	716	714	715	715	715	715	716	715	715	715	716	716	715	716	716	716	716	716	716	715	716	715	716	716	716	716	715	716	716	717	716	716	716	716	715	716	715	716	716	716	715	715	716	716	716	716	715	716	716	716	716	716	716	716	716	715	716	716	716	716	715	715	716	715	715	715	715
1416	-310892	716	716	716	716	716	716	717	716	716	716	716	716	716	716	716	716	716	717	716	716	716	716	716	716	716	716	716	717	716	716	716	716	716	716	715	716	716	716	716	716	715	715	716	716	716	716	717	716	716	716	716	715	716	716	716	716	716	716	715	716	716	716	716	716	716	716	716	716	716	717	717	717	717	716	717	717	717	717	716	716	716	716	717	716	717	716	717	716	716	716	716	716	717	716	716	716	716	716	716	716	715	716	716	716	716	716	716	716	716	716	716	716	714	717	716	716	717	716	716	716	716	716	715	716	716	715	715	717
1417	-310399	716	716	716	716	716	716	716	716	716	715	716	716	716	717	716	716	716	717	716	717	716	716	716	717	717	716	716	716	716	717	718	716	717	716	717	716	717	717	717	717	716	716	717	716	716	716	717	717	716	716	717	717	717	717	717	716	716	716	716	716	716	717	717	717	717	716	716	716	716	717	715	716	716	716	716	716	717	716	716	716	717	716	716	716	716	716	716	718	716	716	717	716	717	717	716	717	717	717	716	716	716	717	716	716	716	717	715	717	717	716	717	717	717	717	717	717	717	717	717	717	717	716	717	717	717	717	716	716
1418	-309907	715	716	716	717	716	716	716	717	717	716	716	716	716	716	717	717	716	716	716	716	717	716	718	716	716	716	717	717	716	716	717	717	717	717	718	717	717	717	717	717	717	717	717	716	717	717	717	716	717	717	717	717	717	717	717	717	717	717	717	717	717	717	717	718	717	717	717	717	717	717	717	717	717	717	717	717	717	717	717	717	717	718	717	718	717	717	717	717	717	717	716	717	717	717	717	716	717	717	716	717	717	717	717	716	717	716	717	717	717	717	717	717	717	718	717	717	717	716	717	717	718	718	718	717	717	717	718	717
1419	-309415	718	718	717	718	717	718	717	718	718	717	717	718	718	718	717	718	718	718	717	717	718	718	718	718	717	717	718	718	718	718	718	718	718	718	718	717	717	718	717	718	718	718	717	717	718	718	717	717	717	718	718	717	718	717	717	718	718	717	717	717	717	717	718	717	717	717	717	717	717	718	718	718	717	718	717	717	717	717	717	717	718	718	717	717	717	717	718	718	718	718	717	718	717	718	717	718	717	718	718	718	717	718	718	718	718	717	717	717	717	717	717	717	717	718	718	718	717	717	717	717	717	717	717	718	718	717	717	717
1420	-308923	718	718	718	718	718	718	718	718	718	718	718	717	718	718	718	717	718	718	717	718	717	718	718	718	718	717	718	717	718	717	718	718	717	717	717	716	718	716	717	718	717	718	717	717	717	718	718	718	718	718	718	717	718	718	718	717	717	718	718	717	717	717	718	718	718	718	718	718	718	717	718	718	718	718	718	718	718	719	718	718	718	718	718	718	718	718	718	718	718	718	719	718	719	718	718	718	718	718	718	718	718	718	719	718	719	718	718	718	718	718	719	718	718	717	718	718	718	718	718	718	718	718	718	718	718	718	718	718
1421	-308430	718	718	718	718	718	718	718	718	718	717	717	717	718	719	718	718	718	718	719	719	719	719	719	718	718	718	719	719	718	718	718	718	718	719	718	718	718	719	718	719	719	719	719	719	719	719	719	719	719	719	718	717	719	718	718	718	719	719	718	718	718	718	719	718	719	719	719	719	718	718	719	718	718	718	718	718	718	718	719	718	718	719	718	718	718	718	719	718	719	718	719	720	719	719	719	719	720	719	719	719	718	719	718	718	718	718	719	719	719	719	719	719	719	720	719	719	719	719	719	719	719	719	719	719	719	719	718	719
1422	-307938	719	719	719	718	718	719	719	719	719	719	718	719	719	719	719	719	719	719	719	719	720	719	719	719	719	719	719	718	719	719	719	719	719	719	719	719	719	719	719	719	719	719	719	718	718	718	718	718	718	719	719	719	719	718	719	719	719	719	718	719	718	719	719	719	719	719	719	719	719	719	719	719	719	718	719	719	719	719	719	719	719	719	719	720	719	719	719	720	719	719	719	719	719	719	719	720	719	719	719	719	720	719	719	719	719	720	719	719	719	719	719	719	719	719	719	719	719	719	719	719	719	719	719	719	719	720	719	719
1423	-307446	720	719	720	720	720	719	720	719	719	720	720	719	720	719	720	719	719	719	719	720	719	720	720	720	720	720	719	719	719	720	720	719	720	720	720	719	720	720	720	719	720	719	719	720	719	719	719	719	719	719	719	719	718	719	720	720	719	719	720	719	720	719	720	720	719	720	720	720	719	720	719	719	720	719	719	720	719	719	718	720	720	719	719	718	720	719	719	720	719	719	719	720	719	719	720	719	720	719	719	719	719	719	719	719	719	720	720	719	719	719	719	720	720	720	719	720	719	719	719	719	719	719	719	719	718	719	719	719
1424	-306953	720	720	720	720	720	720	720	720	720	720	720	719	720	719	720	719	720	719	720	720	719	720	720	720	720	719	720	721	719	720	720	720	720	720	720	719	719	720	720	720	720	720	720	720	720	719	720	721	720	720	720	720	720	720	720	720	721	719	720	720	720	720	720	721	720	719	720	720	721	720	720	720	720	720	721	720	720	721	721	720	720	720	720	720	720	720	720	720	720	720	720	720	720	720	720	720	720	721	720	720	720	720	720	720	721	720	719	720	720	719	720	720	720	720	719	720	720	720	720	720	720	719	720	717	719	720	720	719
1425	-306461	720	720	721	720	721	721	720	720	721	721	720	720	721	721	721	721	721	721	721	720	720	720	720	720	720	720	720	721	720	720	720	719	720	721	720	720	720	720	720	720	719	720	720	720	720	720	720	720	720	720	719	720	720	720	721	720	721	720	720	721	720	720	720	720	721	719	720	720	720	720	720	721	720	720	720	720	720	721	721	720	720	721	720	721	721	720	721	720	721	720	720	721	720	721	720	721	720	720	720	720	721	721	720	720	720	721	721	720	720	720	721	720	720	720	720	720	719	719	720	720	720	720	720	720	720	720	720	720
1426	-305969	721	721	721	721	721	721	721	721	721	720	722	721	721	720	721	721	720	721	720	719	720	720	721	721	720	720	720	720	720	720	720	720	720	720	720	721	720	720	720	720	720	720	720	720	720	720	721	720	721	721	721	721	721	721	721	721	721	721	721	721	721	721	721	721	721	721	721	722	721	721	721	721	722	722	721	721	721	721	721	721	721	720	721	720	721	720	720	720	721	720	720	720	721	720	721	720	720	721	720	721	720	720	719	720	720	721	721	720	721	721	721	721	720	722	721	721	722	721	722	721	721	722	721	722	722	721	721	721
1427	-305476	721	720	721	721	721	721	720	722	721	721	722	722	721	722	722	722	721	722	721	721	721	721	721	721	721	720	720	720	721	721	720	720	722	721	721	721	721	721	721	721	721	721	721	721	721	721	721	721	721	721	721	721	721	722	721	721	722	721	722	722	722	722	722	722	722	721	722	720	722	721	721	722	721	721	721	721	721	721	721	722	721	721	722	721	722	722	721	721	721	722	721	721	721	720	721	720	720	721	721	721	720	721	721	721	721	721	720	721	721	721	720	720	721	721	721	720	721	721	720	720	720	721	720	720	721	720	721	720
1428	-304984	722	722	722	721	722	721	723	721	721	721	721	722	721	721	721	722	721	722	722	722	721	722	722	722	721	722	722	721	721	721	723	722	721	722	721	722	722	722	720	721	722	722	722	723	722	723	722	722	723	722	723	722	721	722	722	723	723	722	721	722	722	722	722	722	722	722	722	722	721	721	722	722	722	722	722	722	722	722	721	722	721	721	721	721	722	722	721	722	721	722	722	722	722	722	723	722	722	722	721	723	722	722	722	722	722	723	723	722	722	722	722	723	722	722	722	723	723	722	722	722	723	723	722	723	721	722	722	722
1429	-304492	723	723	723	723	723	723	722	723	722	723	723	722	722	722	723	723	722	723	723	723	722	723	723	723	723	722	722	722	722	723	722	722	722	722	722	722	722	722	722	722	722	722	722	722	723	722	723	722	722	722	723	722	722	722	722	722	722	722	722	722	722	722	723	723	722	722	723	722	723	722	722	723	723	723	722	722	723	722	722	722	722	722	722	723	722	722	722	722	723	722	722	722	722	722	722	722	722	722	722	722	722	721	722	722	722	722	722	722	723	722	723	722	723	723	723	723	722	722	723	723	722	723	723	722	723	722	723	723
1430	-303999	723	722	723	723	723	723	723	723	722	723	723	723	723	723	722	723	723	723	723	723	723	722	723	723	723	723	722	724	723	724	723	722	723	723	723	723	723	723	723	723	723	722	723	723	722	723	723	723	723	722	724	723	723	723	723	722	723	723	722	722	723	722	723	723	722	722	722	723	723	723	723	723	723	723	723	723	723	723	723	723	723	723	723	723	723	723	723	723	723	723	723	724	723	723	723	723	723	723	723	723	723	723	723	722	723	723	723	722	722	723	723	723	723	723	722	722	723	723	723	722	723	723	723	722	722	723	723	723
1431	-303507	723	724	723	723	722	723	724	723	723	723	723	724	723	723	723	723	724	723	723	723	723	722	723	723	723	723	723	723	723	722	723	723	723	722	722	724	723	723	723	723	722	723	724	723	723	722	723	722	723	723	722	723	721	722	723	722	723	723	723	723	723	724	723	723	724	723	724	724	723	723	723	723	723	723	724	724	724	723	723	724	724	724	724	724	724	724	724	724	724	724	723	723	723	724	724	724	723	723	723	723	723	723	723	723	723	723	724	724	724	723	723	723	723	724	724	723	724	723	724	724	723	723	722	723	723	722	724	723
1432	-303015	724	724	724	724	724	724	724	724	723	724	725	724	724	724	724	725	724	725	725	724	725	724	725	725	724	724	724	725	724	724	725	724	724	723	724	724	724	724	724	724	724	724	724	724	724	724	723	724	724	724	723	724	724	723	724	724	725	725	724	724	723	724	724	723	724	723	724	725	724	724	724	724	724	724	724	724	725	724	724	724	724	725	724	724	725	724	725	724	725	724	724	724	724	723	724	724	724	723	724	724	725	724	724	724	724	724	724	724	724	724	724	723	724	724	724	724	723	723	723	723	724	724	723	723	723	724	723	724
1433	-302523	723	725	724	724	724	724	725	724	724	724	725	725	724	724	724	724	725	725	724	724	724	724	723	724	724	726	725	724	724	724	725	724	725	724	724	724	725	725	724	723	725	725	725	724	724	724	724	724	724	724	725	724	725	725	724	725	724	724	724	724	724	724	725	724	725	725	724	724	724	725	725	724	724	724	724	725	724	724	724	724	724	724	724	724	724	724	724	724	725	724	724	724	723	723	724	724	724	724	724	724	724	724	724	724	724	724	724	724	724	724	725	724	724	724	725	725	725	725	725	725	724	724	724	724	724	724	724	724
1434	-302030	725	725	725	724	725	724	725	724	725	725	725	725	724	726	726	725	725	725	725	725	725	725	725	725	726	725	725	725	725	725	726	725	725	725	725	726	725	725	725	725	725	725	725	725	725	725	725	725	725	725	725	726	724	725	725	725	725	725	725	725	725	725	725	725	725	725	725	725	725	724	724	724	725	725	725	725	725	724	725	725	725	724	724	725	725	725	724	725	725	724	725	725	725	725	725	724	725	725	725	725	726	725	725	725	724	723	724	725	725	724	725	724	724	724	725	724	724	725	725	725	725	724	725	725	725	725	725	724
1435	-301538	725	726	725	726	725	725	725	725	724	726	725	726	726	726	726	726	726	725	726	725	725	726	726	726	725	726	725	726	725	725	726	726	725	725	725	726	725	725	725	725	725	725	726	726	724	725	726	725	726	724	725	725	725	725	725	725	725	725	725	724	725	725	724	725	725	724	725	725	726	725	726	726	725	725	725	725	725	726	725	726	724	725	725	725	725	726	725	725	726	725	725	725	726	726	725	725	725	726	725	726	725	724	725	725	724	725	725	725	725	725	725	725	726	726	725	725	725	726	726	726	725	725	726	725	725	725	725	725
1436	-301046	726	726	727	726	726	726	726	726	726	726	725	726	726	726	724	726	726	725	725	726	726	726	726	726	726	725	726	725	726	725	726	726	725	725	725	726	726	725	726	725	725	726	726	726	726	726	726	727	726	726	726	725	726	726	725	726	725	726	726	726	726	726	726	726	726	726	726	726	726	726	725	725	725	725	726	726	725	726	726	727	726	726	726	726	726	726	726	725	726	725	725	725	725	726	726	725	725	725	726	726	726	726	725	726	726	726	726	725	726	726	725	726	725	726	726	726	726	725	726	726	727	726	726	726	726	726	727	726
1437	-300553	726	727	726	726	726	727	725	726	726	726	726	726	725	725	726	727	726	726	726	726	727	726	726	726	726	726	726	726	726	726	726	726	726	726	726	726	726	726	726	726	726	727	726	726	727	726	727	726	726	727	726	727	726	726	726	726	726	726	727	726	726	726	727	727	727	727	726	726	727	727	726	727	727	727	727	727	727	727	726	727	727	726	727	727	726	727	726	727	726	726	727	726	726	726	726	727	726	726	727	725	726	726	726	726	726	726	726	726	726	726	726	726	726	726	726	724	726	726	727	726	726	726	726	727	726	727	726	726
1438	-300061	726	727	727	727	726	727	727	727	727	727	726	727	727	726	727	726	727	727	726	726	728	727	727	727	726	726	727	727	727	727	727	727	727	727	727	727	726	727	726	727	727	726	727	727	727	726	726	727	727	727	726	726	727	727	726	727	727	727	726	727	726	727	727	727	726	726	727	726	727	726	727	727	727	727	727	727	727	727	727	727	727	727	728	727	726	727	727	727	727	727	726	726	727	727	727	727	727	727	728	727	727	727	727	727	726	727	727	727	727	726	726	726	726	726	726	726	726	727	727	726	726	726	727	726	727	727	726	727
1439	-299569	728	728	727	728	728	727	727	727	728	728	727	727	728	727	727	727	727	727	728	727	727	728	727	727	727	727	727	727	727	727	727	727	727	727	727	727	727	727	727	727	728	727	727	727	728	727	727	728	728	727	727	728	728	727	727	728	726	728	729	726	727	728	727	727	728	728	728	728	728	728	728	727	728	728	728	728	727	728	727	728	727	727	727	727	727	727	727	727	727	727	727	727	727	726	727	728	727	727	726	726	727	727	727	727	727	727	726	727	727	727	727	727	727	727	726	727	727	727	727	726	727	727	727	727	727	728	727	728
1440	-299076	728	729	728	728	728	727	728	728	728	728	727	728	728	728	728	727	728	728	728	729	728	728	728	728	728	728	727	728	728	727	728	728	728	728	729	728	727	727	728	727	728	727	728	727	728	728	727	728	728	727	728	727	728	726	727	728	728	727	727	727	728	727	728	727	727	727	728	728	728	727	728	728	728	728	728	728	727	727	727	728	727	728	728	727	728	727	728	728	727	728	727	728	727	728	728	728	728	727	727	728	728	727	728	728	727	727	727	728	728	727	728	728	728	728	728	728	727	728	727	728	728	728	728	728	728	728	728	728
1441	-298584	729	728	729	728	728	728	728	728	728	728	728	728	729	728	727	728	728	728	728	729	728	729	728	728	728	728	729	728	728	728	728	728	728	729	729	728	729	729	729	729	728	729	729	728	729	728	728	728	729	728	728	728	729	729	728	728	729	728	729	728	728	728	728	728	728	728	728	728	728	728	729	727	728	728	728	728	728	728	728	728	728	728	728	728	728	728	728	728	728	728	729	728	728	727	728	728	728	728	727	728	728	728	728	728	728	728	728	728	728	728	728	728	728	727	728	728	728	728	727	728	729	729	728	728	729	728	729	729
1442	-298092	729	728	729	729	728	729	729	728	729	729	729	728	729	728	729	729	729	728	729	729	729	728	729	728	728	728	729	728	728	728	728	729	729	728	729	729	729	728	728	729	729	728	729	728	729	729	728	729	728	729	728	728	728	728	728	729	729	728	728	729	728	728	729	728	728	728	729	729	728	729	728	728	729	728	729	728	728	728	728	728	729	728	728	729	728	728	728	728	729	729	729	729	728	728	728	729	728	728	728	728	729	729	728	729	729	729	729	729	729	729	729	728	728	729	728	729	728	729	729	729	729	729	729	728	728	729	728	728
1443	-297599	730	729	730	728	730	729	729	729	729	728	729	729	729	729	729	729	729	729	729	729	729	729	730	729	728	729	729	728	728	728	729	728	729	728	728	729	728	728	729	729	729	729	728	729	729	729	729	730	730	729	729	730	730	730	730	729	729	729	729	729	729	730	730	729	730	730	729	729	729	729	730	729	730	729	729	729	729	730	729	732	729	729	730	730	729	729	729	730	729	729	729	729	729	729	729	729	729	729	728	729	729	729	729	729	730	730	729	729	728	729	729	728	728	729	728	729	728	729	729	729	729	729	729	729	730	729	729	729
1444	-297107	729	730	729	729	730	729	729	729	729	729	729	730	729	730	730	730	730	730	730	729	731	730	730	730	730	730	729	730	730	730	729	730	730	730	729	730	730	730	730	728	730	730	731	730	730	730	730	730	730	730	730	730	729	730	730	731	730	731	730	730	731	730	730	730	730	730	730	730	730	730	730	730	729	730	730	730	730	730	729	729	729	730	729	729	730	730	729	729	729	729	730	729	728	729	730	729	729	730	729	729	730	730	730	730	730	730	730	730	730	730	730	730	730	729	730	732	730	730	729	730	730	730	730	730	729	729	730	730
1445	-296615	731	729	730	731	730	731	730	730	730	730	730	729	730	729	730	730	730	730	730	731	731	730	731	729	730	730	730	730	730	730	730	730	730	730	730	730	730	730	729	730	730	730	730	728	730	730	730	730	730	730	730	730	730	730	730	730	730	730	730	730	730	729	730	730	729	730	730	730	730	731	730	730	731	731	730	731	730	730	731	731	730	730	731	731	731	730	731	730	730	731	730	730	730	731	731	731	730	730	731	731	731	730	730	730	730	731	729	730	730	729	730	730	730	730	730	729	730	730	730	730	731	730	730	730	729	730	730	730
1446	-296123	730	731	730	731	731	731	730	731	731	731	731	731	731	731	730	731	731	730	731	730	731	732	731	731	731	732	731	731	731	731	731	730	731	730	731	731	731	731	731	731	731	730	731	731	731	732	731	731	731	731	731	731	730	731	731	731	730	731	731	731	731	731	731	731	732	732	731	731	731	731	731	731	731	730	731	730	731	731	730	731	730	731	730	731	731	730	730	731	731	731	731	731	731	730	731	731	731	730	730	731	730	732	731	730	731	730	731	731	731	731	730	730	731	730	731	730	731	731	730	731	730	730	730	731	731	730	731	731
1447	-295630	731	731	731	732	733	731	732	731	732	731	731	732	731	732	731	731	731	730	732	731	730	731	730	731	730	731	731	730	731	731	731	731	731	731	731	730	731	731	731	731	730	731	731	731	731	732	731	731	731	732	732	731	731	732	731	731	731	731	732	732	731	731	732	731	731	731	732	731	731	731	731	731	731	731	731	731	731	732	731	731	731	731	731	730	731	731	731	731	731	731	731	731	730	730	731	732	731	732	731	731	731	731	732	731	732	731	731	731	731	731	731	731	732	731	731	731	731	732	731	732	732	732	732	732	732	732	732	732
1448	-295138	732	731	732	732	733	732	732	732	732	733	732	734	732	732	732	732	732	732	732	732	732	732	732	732	732	732	732	731	732	732	730	732	732	732	732	732	732	732	732	732	731	731	731	731	732	731	730	731	732	732	731	731	731	731	732	732	732	732	732	732	732	731	732	732	732	732	731	731	732	732	731	731	732	732	731	732	732	732	732	732	732	732	732	732	731	731	731	731	732	731	732	731	731	732	732	732	731	732	732	733	731	732	733	732	732	731	733	732	732	732	731	731	732	732	731	731	731	732	731	732	732	732	731	731	732	733	732	732
1449	-294646	732	732	731	732	731	732	732	732	732	732	733	732	732	732	732	732	732	732	732	732	733	732	733	732	732	733	733	733	733	733	733	733	732	733	732	733	732	733	733	733	733	732	732	733	732	732	732	732	732	731	732	733	732	733	732	732	733	732	732	732	732	732	732	732	732	733	733	732	732	732	733	733	732	732	733	732	732	732	732	733	732	732	732	732	732	733	732	732	732	732	732	732	732	732	732	733	733	733	733	732	732	733	732	732	732	733	733	732	732	733	732	732	732	732	733	733	732	732	732	732	731	731	732	732	732	732	731	732
1450	-294153	733	733	733	732	733	733	734	733	732	732	732	732	733	733	733	733	733	733	733	733	734	733	733	733	734	734	733	734	733	733	733	733	732	733	733	733	732	733	733	733	733	732	733	733	733	734	733	733	733	733	732	733	732	732	732	732	733	732	732	733	732	733	732	732	733	732	733	733	732	732	732	733	733	733	732	732	733	732	733	732	732	732	732	732	732	733	733	732	733	732	733	732	733	733	732	733	732	733	733	734	733	732	732	733	733	734	733	733	733	732	732	732	733	733	732	735	733	734	733	733	734	732	733	732	732	733	733	733
1451	-293661	733	733	733	733	733	733	732	733	733	734	734	733	734	734	734	733	733	734	734	734	733	733	733	733	734	733	732	733	733	734	734	734	733	733	734	734	734	734	733	734	733	734	733	733	735	733	733	733	733	733	733	733	734	733	733	734	733	733	733	734	733	733	734	733	734	734	733	733	734	733	733	734	733	734	734	733	734	733	734	734	734	733	732	733	734	733	734	733	733	733	733	733	733	733	733	733	733	733	733	732	733	733	732	733	734	733	734	733	733	733	733	733	733	733	733	733	733	733	734	733	734	734	733	733	732	732	733	733
1452	-293169	733	733	734	734	734	734	734	734	734	734	734	734	734	734	735	734	734	734	734	735	734	734	735	734	735	734	734	734	734	734	734	735	735	733	734	734	734	734	734	735	733	734	734	734	733	734	734	734	734	734	733	735	734	733	733	733	734	734	734	734	734	734	733	733	734	734	734	734	734	733	734	735	734	734	734	734	733	734	735	734	734	734	734	734	734	734	734	734	734	734	734	734	734	734	733	734	733	735	734	734	734	734	734	734	734	733	733	734	733	733	734	734	733	732	733	733	733	733	733	733	733	733	733	733	734	734	733	733
1453	-292676	735	734	734	734	734	735	734	734	734	734	733	733	734	735	734	733	734	734	734	734	734	734	734	734	734	733	734	734	734	734	734	734	734	734	734	733	734	734	734	734	733	733	734	734	734	734	734	732	734	734	734	734	734	735	734	733	734	734	734	734	734	733	735	734	734	735	734	734	734	734	734	734	734	734	734	734	734	734	735	734	734	734	734	734	734	735	735	734	734	734	734	734	734	734	734	734	734	734	734	734	734	733	733	734	733	734	735	734	734	734	734	735	734	734	734	734	734	734	735	735	734	734	734	734	734	734	734	734
1454	-292184	735	735	735	735	735	734	734	735	735	735	734	734	735	735	735	735	735	735	735	735	735	735	735	735	734	735	735	735	735	735	735	734	735	735	735	736	735	735	735	735	735	736	735	736	735	735	735	735	735	735	735	734	734	735	735	735	735	735	735	735	735	735	735	735	735	734	735	735	735	735	735	734	735	733	734	734	733	734	734	734	735	734	734	734	735	734	735	735	734	735	734	734	734	734	734	735	735	735	734	734	735	734	735	735	734	736	734	735	736	735	735	735	736	735	735	735	735	736	735	736	735	735	735	735	735	735	735	735
1455	-291692	736	736	735	736	735	736	735	736	736	736	736	735	736	735	735	735	735	736	735	735	736	735	736	735	736	736	735	736	735	736	735	735	736	735	735	735	736	735	735	735	735	735	735	735	735	735	735	734	734	735	735	735	735	735	735	735	735	735	736	736	735	735	735	735	735	735	735	735	736	736	736	735	735	736	735	735	735	736	735	735	735	735	735	735	735	735	735	735	734	735	736	735	735	735	735	735	736	735	735	736	735	735	735	735	736	735	735	735	735	735	734	735	734	735	734	735	735	735	735	735	734	735	734	735	735	735	735	735
1456	-291199	736	736	736	736	736	736	736	736	736	736	736	736	736	736	736	736	736	736	736	736	735	736	735	736	736	736	736	736	737	736	736	736	736	736	736	736	737	736	736	736	736	736	736	736	736	735	736	736	735	736	735	735	735	736	736	735	735	735	735	735	735	735	735	735	735	735	735	735	735	735	735	735	735	735	734	735	735	736	735	735	736	735	736	736	736	736	736	736	736	735	735	736	736	737	736	737	736	736	736	736	736	736	736	736	736	736	736	736	736	736	736	735	735	736	736	736	736	736	736	736	736	736	736	736	736	735	736	736
1457	-290707	736	736	736	736	736	736	736	737	736	736	736	736	736	736	736	736	736	736	737	736	737	737	737	737	736	737	736	736	735	736	736	736	736	735	736	736	736	737	736	736	736	736	736	736	736	735	735	736	736	736	735	735	736	735	736	736	735	736	736	736	736	736	736	736	736	736	736	736	736	736	737	736	736	736	736	736	736	736	736	736	737	736	736	736	737	736	737	736	736	736	736	737	737	737	736	736	737	736	737	736	736	736	736	735	736	736	736	735	735	736	736	736	735	735	735	737	736	736	736	736	736	736	736	736	736	736	735	736
1458	-290215	736	737	737	737	737	737	737	737	738	737	737	737	737	737	737	737	737	737	737	737	737	737	736	737	736	738	737	736	736	736	737	736	737	736	736	737	736	737	736	736	737	736	736	736	737	737	737	736	736	736	736	737	736	736	736	737	736	736	737	737	736	738	737	737	737	737	738	737	737	738	737	738	737	737	737	737	737	737	737	737	737	736	737	737	737	737	737	737	737	737	736	737	737	737	737	737	736	736	737	736	736	736	736	736	736	736	737	736	736	736	737	736	737	736	736	737	736	736	736	736	736	737	736	737	736	736	736	736
1459	-289723	737	737	737	737	737	737	736	737	737	737	738	737	738	737	737	737	737	737	737	737	738	737	737	737	737	737	737	737	737	738	737	737	737	736	737	737	738	736	736	737	736	737	737	736	737	736	737	736	736	737	737	737	736	737	737	737	738	737	737	737	736	737	736	736	736	736	736	737	737	737	737	737	737	738	737	737	737	737	737	738	737	737	738	738	738	738	737	738	737	737	738	737	738	737	737	738	737	738	738	738	737	737	738	738	737	738	737	737	737	737	738	737	737	738	738	738	737	737	738	738	738	737	737	738	737	738	737	738
1460	-289230	739	737	737	737	738	738	737	738	737	738	737	737	738	737	738	739	737	737	737	738	737	737	737	737	737	737	737	738	737	738	738	737	737	738	738	737	738	737	737	738	738	738	737	738	738	738	738	737	737	738	738	737	737	738	738	738	738	738	738	738	737	738	738	738	738	737	738	738	738	738	737	737	738	738	738	738	738	738	738	738	738	738	737	738	739	738	738	738	738	738	738	738	738	738	737	737	737	737	738	737	737	737	737	738	738	738	738	738	738	738	738	738	738	738	737	737	737	738	737	737	737	737	738	737	737	738	737	737
1461	-288738	738	738	738	739	738	738	738	738	738	739	738	738	737	738	738	738	739	738	738	738	737	738	739	739	739	738	738	738	738	738	739	739	738	738	738	738	739	739	739	738	739	739	738	739	738	739	738	738	738	738	739	739	739	738	737	738	739	739	738	738	739	739	739	738	738	738	738	738	737	738	738	738	738	738	738	738	738	739	738	738	738	738	739	738	738	738	738	738	738	738	738	738	739	738	739	738	738	739	738	738	738	738	738	739	738	738	738	738	738	738	738	739	738	738	738	738	738	738	738	738	738	738	738	738	738	738	738	737
1462	-288246	739	740	738	739	739	738	739	739	739	739	739	739	739	739	739	739	739	739	739	739	740	738	739	739	739	739	738	738	738	739	739	738	739	739	739	739	738	739	738	739	739	739	738	739	739	738	739	738	738	738	738	738	738	738	738	738	739	738	739	739	738	739	739	739	738	738	739	739	739	739	738	738	739	738	738	737	738	738	737	738	738	738	739	738	739	739	739	739	739	739	739	739	739	739	739	739	739	739	739	739	738	739	739	739	738	739	738	738	739	739	739	739	738	739	739	739	739	738	739	738	739	739	738	739	739	739	739	739
1463	-287753	739	739	739	739	738	739	739	739	739	738	740	739	739	738	738	739	739	738	738	739	739	739	739	739	739	739	739	740	739	740	739	739	739	739	739	739	739	739	739	739	739	738	739	739	740	739	739	739	739	739	739	739	739	739	740	740	739	739	739	739	739	739	739	739	739	739	739	739	739	739	739	740	739	740	739	739	739	739	739	739	739	739	739	739	739	739	739	739	739	739	739	739	739	739	739	739	739	739	739	739	739	739	739	739	740	739	739	739	739	739	740	739	740	739	740	739	739	740	739	739	739	739	739	739	739	739	739	739
1464	-287261	740	741	740	742	740	740	740	740	741	740	740	740	740	739	740	740	739	740	740	740	740	740	739	740	740	740	740	740	739	740	740	739	739	738	740	739	739	739	740	739	740	739	739	739	739	740	739	739	739	740	739	740	740	739	739	739	740	740	739	739	739	740	739	740	740	740	741	740	740	740	740	741	740	740	740	740	740	739	740	740	740	740	739	740	740	740	739	739	740	740	738	740	740	740	740	740	740	740	740	740	740	740	740	740	739	739	739	739	740	739	739	739	740	739	740	740	740	740	740	739	740	740	740	740	740	739	740	740
1465	-286769	739	740	740	740	740	740	740	740	739	740	740	740	740	739	740	739	739	739	739	739	739	739	740	740	740	740	740	740	739	740	740	740	740	740	740	740	739	740	740	739	740	741	740	740	740	739	740	740	740	740	740	739	740	740	740	740	740	740	740	740	740	740	740	740	740	740	740	741	740	740	740	740	740	741	741	740	740	740	740	741	740	740	740	739	740	740	740	740	740	740	740	740	740	740	740	740	740	740	740	741	740	740	740	741	740	741	741	741	741	740	740	741	740	741	741	740	740	740	741	740	740	740	740	740	739	740	740	740
1466	-286276	741	741	741	741	741	741	742	740	740	741	740	740	741	742	741	741	740	741	741	741	741	740	741	741	740	741	740	740	741	740	741	741	740	741	740	741	740	741	741	741	741	740	740	741	741	741	741	741	742	741	741	740	741	740	740	741	740	741	741	741	741	741	741	741	742	741	741	741	740	742	741	741	741	741	741	740	741	740	740	740	740	741	740	740	740	740	741	740	741	740	741	741	740	740	740	741	740	740	741	740	740	740	740	740	740	740	740	740	740	740	741	740	741	740	741	740	741	740	741	740	741	740	740	740	740	740	740	741
1467	-285784	741	741	741	741	741	741	741	741	741	741	740	741	741	741	741	741	740	741	741	741	741	741	741	741	741	741	741	741	740	741	741	741	741	741	741	741	741	741	741	741	741	742	741	741	742	741	741	741	741	741	742	741	742	741	741	742	741	740	740	741	740	741	741	741	741	741	741	741	741	741	741	741	741	741	741	741	741	741	740	741	741	742	742	742	742	741	741	741	742	742	742	742	741	741	741	741	741	741	741	741	742	743	741	741	741	741	741	741	741	741	741	741	741	741	739	741	741	740	740	741	741	741	741	741	741	741	741	742
1468	-285292	742	742	742	742	742	741	742	742	742	742	741	741	742	742	742	742	742	742	742	741	741	741	741	741	741	741	742	742	741	742	741	742	741	742	741	741	742	742	741	741	741	741	741	741	741	741	741	741	741	741	741	741	741	741	741	742	741	741	741	742	742	741	742	742	741	741	741	742	742	742	741	741	742	742	742	742	742	741	741	741	741	741	741	741	741	742	741	741	741	741	742	741	741	741	742	742	742	741	742	741	741	742	742	742	741	741	741	741	741	742	741	741	741	741	741	741	741	742	741	742	742	741	742	741	742	742	741	741
1469	-284799	742	742	742	742	742	742	742	742	741	742	743	743	742	741	743	742	742	743	742	742	742	742	742	742	743	742	742	741	742	742	742	742	742	742	742	742	742	742	742	742	741	742	742	743	742	742	742	742	742	742	743	741	741	742	742	742	742	742	742	742	741	742	742	743	742	742	742	742	743	742	742	742	741	742	742	742	741	741	742	741	741	741	742	742	742	741	742	741	742	742	742	741	742	742	742	741	742	743	742	742	742	741	742	742	742	742	741	742	742	742	742	741	743	742	742	743	742	743	742	742	742	742	742	742	742	742	741	742
1470	-284307	743	742	743	743	743	743	743	742	742	743	742	743	742	742	742	742	743	742	743	742	742	742	742	742	743	743	742	743	743	743	743	743	743	743	743	743	743	743	742	743	743	743	743	742	743	743	743	742	743	743	743	742	743	742	743	743	743	742	742	743	743	743	743	742	743	742	742	742	743	742	742	742	742	742	742	742	742	742	743	743	743	743	742	743	742	743	743	742	743	743	743	742	742	742	742	742	742	742	742	742	742	743	743	742	743	743	743	743	743	743	743	743	743	742	742	742	743	743	743	743	743	742	743	742	743	743	743	744
1471	-283815	743	743	743	743	743	742	743	743	743	743	743	743	742	743	743	743	743	743	743	743	743	743	743	743	743	743	743	743	744	743	743	744	743	743	743	743	744	743	743	743	744	743	743	743	743	743	744	743	743	743	743	742	743	743	743	742	743	743	743	743	744	743	743	743	743	743	743	743	743	743	743	742	743	744	743	743	742	743	743	743	743	743	743	743	743	743	743	744	743	744	743	743	744	743	743	743	742	743	743	743	743	743	743	743	743	743	743	743	744	744	743	743	744	743	744	742	743	743	743	743	743	743	743	742	743	742	743	743
1472	-283323	743	744	744	744	744	744	744	744	743	744	744	743	744	744	743	744	743	744	744	743	744	743	744	745	744	744	744	744	744	744	744	744	744	744	744	743	744	743	744	744	744	743	743	744	744	744	744	743	743	743	743	743	744	744	744	743	743	743	743	744	743	744	743	744	744	744	744	743	743	743	744	744	744	743	744	743	744	743	744	744	744	743	744	744	744	744	744	744	743	744	744	744	744	744	744	744	743	744	744	744	743	744	743	743	744	744	744	743	743	744	744	743	744	744	743	744	744	743	743	743	743	743	743	743	743	743	743	743
1473	-282830	744	744	743	744	743	744	744	744	743	743	744	744	744	744	743	744	744	744	743	743	744	744	744	743	743	744	744	744	744	744	744	744	744	743	743	744	744	744	743	744	743	744	744	743	744	743	743	744	744	744	744	744	744	743	744	744	744	744	743	744	744	744	744	744	743	743	744	743	744	744	744	744	744	744	744	744	744	744	744	744	744	744	744	744	743	744	744	744	744	744	744	743	744	745	744	744	744	744	745	744	745	744	744	743	744	743	743	743	744	743	744	744	744	743	743	744	744	744	744	744	744	744	744	744	743	744	744	744
1474	-282338	744	743	744	744	745	744	744	744	744	745	744	745	745	744	745	745	745	745	745	745	745	745	745	745	745	745	745	745	745	745	745	745	745	744	745	745	746	745	745	746	745	745	746	745	745	745	745	745	745	744	745	745	744	744	744	744	745	744	743	744	744	745	744	744	744	745	745	744	745	744	744	745	744	744	744	744	744	744	744	744	744	744	745	744	744	745	744	744	745	745	745	744	745	745	745	744	745	745	744	745	745	744	744	744	744	745	745	745	745	745	744	745	745	744	745	745	744	745	744	745	744	745	745	744	745	745	745	744
1475	-281846	745	745	745	745	745	744	744	745	745	744	744	745	745	745	744	745	745	744	745	745	745	745	745	745	746	745	745	745	745	745	745	745	745	744	745	745	745	745	745	745	745	745	744	744	745	745	745	744	745	744	744	744	745	745	745	745	745	745	745	745	745	746	745	745	744	745	745	745	745	744	745	746	744	745	744	745	745	745	744	745	745	745	745	745	745	745	745	745	745	746	745	745	745	745	745	745	745	745	745	745	745	745	745	745	745	745	745	745	744	745	745	745	746	746	744	745	745	745	745	745	745	745	745	745	746	745	744	744
1476	-281353	745	746	746	746	746	746	746	746	746	745	746	745	745	745	745	745	745	745	745	745	746	745	746	745	746	746	746	746	745	745	745	745	746	745	745	745	744	745	745	745	745	745	745	745	745	745	745	746	745	745	745	745	745	745	746	745	745	745	745	745	745	746	746	745	745	745	746	744	746	745	746	745	745	745	746	745	745	745	745	745	746	745	746	746	746	746	746	746	746	745	745	746	746	745	745	745	745	745	745	745	745	746	745	745	745	746	745	746	745	745	745	745	746	745	746	745	745	746	746	745	745	745	746	745	745	746	746	745
1477	-280861	747	747	746	747	747	746	746	746	746	746	746	746	746	746	746	745	746	746	745	746	746	746	745	745	746	745	746	746	746	746	746	746	746	746	746	745	746	746	746	746	745	745	746	746	746	746	746	746	746	747	746	746	746	747	745	746	746	747	747	746	746	746	746	747	745	747	746	746	746	746	747	747	746	746	746	747	746	746	746	746	747	746	747	747	746	746	746	746	746	747	747	747	747	746	746	746	746	746	746	746	746	746	746	746	746	746	746	746	745	747	746	746	746	745	747	746	746	745	746	747	746	745	746	746	746	746	746	746
1478	-280369	747	747	748	747	746	747	746	746	747	747	747	746	747	747	747	747	746	747	747	746	746	747	747	747	747	747	747	746	746	747	747	746	746	746	746	746	746	747	747	747	746	747	747	747	746	746	746	746	746	747	747	747	747	747	746	746	747	747	746	746	746	746	747	746	746	746	746	746	747	747	747	747	747	747	746	746	747	747	747	746	746	746	747	747	746	747	745	746	746	746	746	746	746	746	746	747	746	746	746	746	746	745	746	746	746	745	746	746	747	746	747	746	747	746	746	746	746	747	747	746	747	746	747	746	747	746	746	746
1479	-279876	747	748	748	747	748	747	748	747	748	748	747	747	747	747	748	747	747	746	747	746	747	746	747	747	746	746	747	746	747	747	747	746	746	746	747	746	746	746	747	747	747	747	748	747	747	747	747	747	747	747	747	747	747	747	747	747	747	747	747	747	748	747	748	747	748	748	748	748	747	748	747	747	748	747	747	747	747	747	747	746	747	747	747	747	747	747	747	747	747	747	748	747	747	746	747	747	747	747	747	747	747	747	747	746	747	747	747	746	747	746	747	747	747	747	746	746	747	747	747	747	747	747	747	747	747	747	748	748
1480	-279384	747	747	748	748	747	748	748	748	748	747	748	748	748	747	747	748	747	747	747	747	748	747	747	748	748	747	747	747	747	747	747	747	747	748	747	747	747	747	747	748	747	747	748	747	748	748	747	748	748	748	748	748	749	749	748	747	748	748	748	748	748	748	748	748	748	748	748	748	748	748	748	747	748	748	748	748	748	748	748	748	748	747	748	748	747	748	748	748	747	748	748	747	747	748	747	747	747	747	747	747	747	747	747	747	748	747	748	747	747	748	747	747	747	747	747	747	747	747	748	747	747	747	748	748	748	748	748	748
1481	-278892	748	748	749	748	748	748	748	748	748	748	749	748	748	747	748	747	748	748	748	747	748	748	749	748	748	747	748	747	748	748	748	748	747	748	748	748	748	747	748	748	748	749	748	748	748	748	748	748	749	748	748	748	747	748	748	748	748	749	748	748	748	748	748	749	749	749	748	749	749	748	749	749	748	748	748	748	748	748	748	749	748	748	748	747	748	748	748	748	748	748	748	748	748	748	748	748	748	748	747	748	748	748	748	747	748	748	748	748	748	748	747	747	748	747	748	747	748	748	747	747	747	747	748	748	748	748	748	748
1482	-278399	748	748	749	748	748	748	748	748	749	748	749	749	749	749	748	748	748	749	749	749	749	749	751	749	749	750	749	749	748	748	748	748	748	748	749	748	749	749	749	748	749	747	750	749	749	750	748	748	749	750	748	749	749	748	748	748	749	749	749	749	748	749	749	748	749	748	748	748	749	749	748	748	748	748	748	748	749	749	748	749	748	748	748	749	748	749	749	749	749	748	749	748	748	749	749	749	748	749	747	749	749	748	749	749	748	748	749	748	749	749	748	748	749	749	749	748	748	748	749	749	749	748	748	748	748	748	748	747
1483	-277907	749	749	749	750	749	749	749	749	749	749	749	749	748	748	749	749	749	749	749	749	748	748	749	749	749	748	748	749	749	749	749	748	748	748	749	749	748	748	748	749	749	749	749	748	749	748	749	749	749	749	750	749	749	749	748	749	750	748	749	748	749	749	749	749	749	749	749	749	750	749	749	749	749	748	749	749	749	748	749	748	749	750	749	749	749	750	749	750	748	749	749	749	749	748	749	749	749	749	748	749	749	749	749	749	749	749	749	749	750	749	749	749	748	749	750	748	749	749	749	749	748	750	749	750	749	750	750	749
1484	-277415	749	749	750	749	750	749	749	750	750	750	750	749	749	750	750	750	750	748	749	750	750	749	749	750	750	749	749	750	749	750	749	750	750	750	749	750	749	749	749	749	748	750	749	749	749	749	749	749	749	750	750	749	750	749	749	751	749	749	749	750	750	750	749	749	749	750	749	750	749	749	749	749	749	750	749	750	749	749	749	749	750	750	749	749	750	749	749	750	749	749	749	749	749	750	750	750	750	749	749	750	749	750	750	749	749	749	750	749	749	749	749	750	750	749	749	749	750	749	749	749	749	750	750	750	750	750	749	750
1485	-276923	750	749	750	750	750	750	750	750	750	750	750	750	750	750	750	750	749	750	751	750	749	750	750	750	749	750	750	750	750	749	749	750	750	750	750	750	749	750	749	750	750	750	749	750	751	750	750	750	750	751	750	750	750	750	750	750	750	750	751	750	750	750	750	751	751	750	750	749	750	750	750	750	750	750	750	750	751	750	751	750	750	750	751	750	751	750	750	750	750	751	750	750	750	750	751	750	750	751	750	751	751	751	751	750	750	750	750	750	749	750	749	750	750	750	749	749	750	750	749	749	749	750	750	749	749	749	750	749
1486	-276430	750	750	750	751	750	750	750	750	751	750	750	749	750	750	750	749	750	750	750	751	750	751	750	750	751	751	751	751	750	750	751	751	751	750	750	750	750	750	751	751	751	751	749	751	751	750	751	750	751	751	750	752	750	752	750	750	751	750	750	750	751	751	750	750	750	750	750	750	750	750	750	750	751	750	750	751	751	750	751	750	751	751	751	751	751	751	751	751	751	751	751	751	750	751	751	750	751	750	751	751	750	751	751	751	750	751	751	750	750	751	751	751	751	751	751	750	750	750	750	750	750	750	750	750	750	750	750	750
1487	-275938	750	751	751	750	751	751	751	751	751	751	751	751	750	751	751	751	751	751	750	751	751	751	751	751	750	750	751	749	751	750	751	751	750	751	752	751	751	751	751	751	751	751	751	751	751	751	752	750	752	751	752	751	751	751	751	751	751	752	752	752	751	751	752	751	752	752	751	752	751	751	751	751	752	751	751	751	751	751	751	751	751	751	751	751	751	751	751	751	751	751	752	751	751	751	751	751	751	751	751	751	751	751	751	751	751	751	750	751	751	751	750	751	751	751	751	751	751	751	750	751	751	751	751	751	751	751	751	751
1488	-275446	751	752	752	751	751	751	751	751	751	751	752	751	751	751	751	751	752	751	752	752	751	752	752	752	752	752	752	752	752	751	752	752	751	752	751	752	752	750	752	751	752	751	751	752	751	751	752	751	752	752	750	751	751	753	752	752	751	751	751	751	752	751	751	752	751	751	751	751	751	751	751	751	752	752	752	752	751	752	752	752	752	751	752	752	751	752	751	752	751	751	751	751	751	751	751	751	751	752	751	752	752	751	752	751	751	751	752	751	751	751	751	751	751	751	752	751	751	751	752	751	752	751	752	752	752	751	751	751
1489	-274953	752	752	751	751	752	752	752	752	752	752	752	752	752	752	752	752	752	752	752	752	752	752	752	752	752	752	753	753	753	752	752	752	753	752	753	752	753	752	753	753	752	753	752	752	752	752	752	751	752	752	752	752	752	752	752	752	752	752	753	752	752	752	752	753	752	751	751	752	752	751	752	751	751	752	752	752	752	752	752	752	752	752	752	752	752	752	752	752	752	752	752	752	752	752	752	753	752	752	752	752	752	752	752	752	752	752	752	752	752	752	752	751	752	752	752	752	752	752	752	752	752	752	751	751	752	752	752	752
1490	-274461	753	752	752	753	753	753	752	752	752	752	753	753	753	752	752	752	753	752	752	752	752	752	752	752	753	752	752	752	752	753	752	752	752	751	753	752	752	753	752	753	752	752	753	753	753	753	752	752	752	753	752	753	753	752	752	752	753	753	752	752	752	752	752	753	753	752	752	752	753	752	752	753	752	753	752	753	753	753	752	753	753	752	752	752	752	752	752	752	752	752	751	752	752	753	752	752	753	752	753	753	753	752	753	753	753	753	753	753	753	752	752	752	752	752	752	753	752	752	752	752	752	752	753	752	752	752	752	753
1491	-273969	753	753	753	752	753	751	752	752	753	752	752	752	753	753	753	753	752	753	753	753	753	753	753	753	752	753	753	753	753	753	753	753	753	753	753	753	753	754	753	753	753	753	753	755	753	753	754	753	753	752	752	753	753	753	753	753	754	753	753	753	752	753	752	753	752	752	753	752	753	753	752	753	753	753	752	752	752	752	752	753	753	752	753	753	753	752	752	753	752	753	753	752	754	753	753	753	752	753	753	753	755	753	754	754	753	754	753	754	754	753	754	753	753	753	753	753	753	753	753	753	753	753	752	753	752	753	753	753
1492	-273476	753	752	753	754	753	753	753	753	753	753	753	753	753	753	753	753	753	753	753	753	752	753	753	753	753	752	753	752	753	753	752	753	753	753	753	752	753	753	753	753	753	753	753	754	753	754	753	754	753	754	753	753	752	753	752	753	754	753	755	753	752	754	753	753	754	753	753	753	753	753	753	754	753	754	754	754	754	753	753	753	754	753	753	753	753	754	753	753	754	753	755	754	753	753	753	754	754	754	753	753	754	754	754	753	754	754	753	754	753	753	754	753	754	753	753	754	754	753	753	754	752	753	753	753	753	753	753	753
1493	-272984	753	753	753	752	754	753	753	754	754	754	754	754	754	754	754	753	754	753	754	754	754	753	753	753	754	754	754	753	754	754	754	754	754	754	753	754	754	754	753	754	753	754	754	753	753	753	754	753	754	753	754	754	753	754	754	754	753	754	753	753	753	754	753	753	753	753	754	753	753	753	753	754	754	753	754	755	753	754	754	753	754	754	754	754	754	754	754	754	754	754	754	754	754	755	754	754	754	754	754	754	755	754	754	754	754	754	754	754	754	754	754	754	754	754	754	754	754	754	754	754	754	754	754	753	754	753	754	753
1494	-272492	755	755	754	755	755	754	755	754	755	756	755	754	755	755	755	755	754	755	755	755	754	754	755	754	753	754	754	755	754	754	755	754	754	754	755	754	755	755	755	754	755	755	755	755	754	755	754	756	755	754	754	754	754	755	754	754	754	755	755	754	755	755	754	755	755	754	755	754	754	755	754	754	754	755	755	754	754	755	755	754	755	755	755	755	755	754	755	754	754	755	754	754	754	755	754	754	754	755	754	755	754	754	755	754	754	754	754	755	755	754	754	754	755	755	754	754	755	755	754	755	755	755	755	754	754	755	754	755
1495	-271999	755	755	755	755	755	756	755	755	756	755	755	755	755	755	755	754	755	755	755	754	754	754	754	755	754	755	755	754	755	755	755	754	754	755	754	755	755	756	755	755	754	755	755	754	755	755	754	755	755	754	755	755	754	754	755	755	755	755	755	755	755	756	755	755	755	754	755	755	755	755	755	755	755	756	755	755	755	755	755	755	756	755	755	755	755	755	755	754	755	755	755	755	755	754	756	755	754	754	754	755	755	755	754	754	755	755	755	755	755	755	755	755	754	754	755	754	754	754	754	754	754	754	754	754	754	755	755	755
1496	-271507	756	756	755	755	755	755	756	755	755	756	755	755	755	755	756	755	756	755	755	755	755	755	755	755	754	755	755	755	755	754	755	754	755	755	755	755	755	754	754	755	755	755	755	754	754	755	755	755	755	754	755	755	754	755	754	755	755	756	755	755	756	756	755	755	755	756	755	756	755	755	756	755	755	755	756	756	756	756	756	756	756	755	755	755	755	755	756	756	755	756	755	756	757	755	756	754	755	756	755	756	755	755	756	755	756	755	755	756	755	756	755	755	755	756	756	754	755	755	756	755	755	755	755	755	755	755	755	755
1497	-271015	756	756	755	755	756	756	756	756	756	755	755	755	756	756	755	755	756	755	755	755	755	755	755	756	755	756	756	756	756	755	756	756	755	756	755	757	756	756	756	756	756	755	756	756	756	756	756	756	757	755	756	757	756	755	756	756	756	757	756	756	756	756	756	756	756	756	756	756	756	757	756	756	756	755	756	756	756	756	756	755	756	756	755	755	756	756	755	755	755	755	755	756	755	755	756	756	756	756	756	756	755	755	756	757	756	756	756	755	756	755	756	756	756	756	756	756	756	756	756	756	756	756	755	756	756	756	756	756
1498	-270523	756	756	756	756	756	756	756	756	756	756	755	755	756	757	756	757	756	756	757	756	757	756	757	756	756	757	757	756	757	757	757	756	757	757	756	756	757	757	757	757	757	757	756	757	758	757	757	757	757	757	756	757	757	757	757	757	756	757	756	757	757	756	756	756	756	756	755	756	756	756	756	756	757	756	756	758	756	756	756	756	756	756	756	756	757	756	757	756	756	757	756	756	756	756	756	756	756	756	756	756	756	757	756	757	755	756	756	756	757	757	756	757	756	757	756	756	756	757	757	757	756	756	757	756	756	756	756	756
1499	-270030	757	757	758	757	757	757	757	758	757	757	758	757	757	757	756	757	757	757	757	756	757	756	756	756	757	756	756	757	757	756	756	757	757	757	756	756	757	757	757	757	756	756	756	757	757	756	756	756	757	757	756	756	756	757	756	757	757	757	757	757	756	756	757	757	757	756	757	757	757	757	757	757	757	757	757	756	757	757	757	758	757	757	757	757	758	757	756	757	757	757	757	757	757	756	757	757	757	757	757	756	757	757	757	757	757	757	756	756	757	757	757	756	756	756	756	757	757	757	756	757	757	757	757	758	757	757	757	757
1500	-269538	757	757	757	757	757	757	757	758	758	758	757	757	758	758	758	757	757	757	758	758	757	757	757	757	757	758	758	758	758	758	758	758	758	758	757	758	758	757	756	757	758	757	758	757	757	757	757	757	757	757	757	757	757	757	757	758	757	758	757	757	757	756	757	757	757	757	757	757	756	757	756	757	757	756	756	756	757	756	756	757	757	757	757	758	758	757	758	757	757	757	757	757	757	757	757	756	757	757	758	757	758	757	757	758	758	757	758	758	758	758	758	758	758	758	759	758	758	758	757	757	757	758	758	757	757	757	757	757
1501	-269046	758	757	757	757	758	757	758	758	758	758	758	758	758	758	759	758	759	758	758	758	758	759	757	758	758	758	758	758	758	758	758	759	758	758	758	758	758	758	758	759	758	758	758	758	758	758	759	759	758	758	759	758	758	757	758	758	758	758	758	757	758	758	758	758	758	759	758	758	759	758	759	758	758	758	758	758	758	758	758	758	758	758	758	759	758	758	758	758	759	758	758	758	758	757	758	758	758	759	758	758	758	759	758	758	758	757	757	757	757	758	757	757	757	757	758	758	757	758	758	757	758	758	758	758	758	757	757	757
1502	-268553	759	758	758	758	757	758	758	758	758	757	757	757	758	758	757	758	758	759	758	758	758	758	757	757	758	758	758	758	758	757	758	758	758	758	759	758	758	758	758	758	758	758	759	758	758	758	758	759	759	758	757	758	758	758	758	758	757	757	758	758	758	758	757	758	758	757	758	757	758	758	758	758	758	758	758	758	758	758	758	758	758	758	758	758	758	758	758	759	758	758	758	758	759	758	758	757	758	758	758	758	758	758	757	758	759	760	759	758	758	758	759	759	758	758	758	759	759	759	759	758	759	758	758	759	758	758	758	760
1503	-268061	759	759	759	759	760	759	759	759	758	759	759	759	758	759	759	759	759	759	759	759	759	759	759	759	759	758	759	759	759	759	759	759	759	758	759	759	759	758	759	759	759	759	758	758	758	759	759	759	759	758	758	759	758	758	758	759	759	758	758	758	759	759	759	758	759	759	759	759	759	759	758	759	758	759	758	759	759	759	759	759	759	759	759	759	758	759	759	759	758	759	759	758	759	759	759	759	759	759	758	759	759	759	759	759	759	758	759	758	759	759	759	759	758	758	758	759	759	758	759	759	758	759	759	759	759	758	759	759
1504	-267569	759	759	759	759	759	759	760	759	760	760	760	760	760	759	760	759	760	759	759	759	759	759	760	759	760	759	760	760	759	760	760	760	760	760	760	760	760	760	760	760	760	761	760	760	759	760	759	760	760	759	760	759	759	759	759	759	759	759	759	759	759	761	759	760	759	759	759	759	759	759	759	758	759	758	759	759	759	759	759	759	759	759	759	759	759	759	760	760	760	760	759	760	760	760	760	759	759	759	759	760	759	759	759	759	760	759	759	759	759	759	759	759	759	759	760	759	760	760	760	760	761	760	760	760	759	759	759	760
1505	-267076	760	760	760	760	760	760	760	760	759	760	759	760	760	759	760	760	760	759	760	760	760	760	759	759	760	760	760	759	759	760	760	759	759	760	759	759	760	760	760	759	759	760	759	759	760	760	760	759	760	759	759	760	760	760	759	760	759	760	760	759	760	759	760	760	760	760	760	759	760	760	760	760	759	760	759	760	759	759	760	759	760	760	760	760	760	760	760	760	760	760	760	760	760	759	758	760	759	759	759	760	760	760	760	759	759	759	760	760	761	760	760	759	760	759	760	759	760	759	759	760	760	760	759	758	760	759	760	760
1506	-266584	760	761	760	760	760	760	760	761	761	760	760	760	761	761	761	761	760	760	760	760	761	761	760	760	760	760	760	760	760	760	760	760	760	761	761	760	760	761	760	760	760	760	762	760	760	760	760	760	761	760	760	760	760	760	760	760	760	760	760	760	760	760	760	760	761	760	760	760	760	760	760	760	760	759	760	760	760	760	760	760	760	760	760	760	760	760	760	760	759	760	760	760	760	760	760	761	760	760	760	760	761	761	760	761	760	760	760	760	761	760	760	760	759	760	760	760	760	760	760	760	761	760	760	760	761	761	760	760
1507	-266092	760	760	760	761	760	761	760	761	761	760	761	761	762	760	760	761	761	761	761	760	761	761	761	760	761	761	761	761	760	761	761	760	761	760	760	761	760	760	760	761	761	761	760	761	761	760	760	760	760	761	760	762	761	761	761	761	761	760	760	760	761	761	761	760	760	761	761	760	761	761	761	761	761	761	761	761	760	760	760	760	760	760	761	760	761	761	760	761	760	761	761	761	761	761	761	760	761	760	761	761	760	761	760	760	761	760	761	760	760	760	761	760	760	761	761	760	761	760	760	760	760	760	760	760	760	760	760	760
1508	-265599	761	762	762	761	761	761	761	761	761	761	762	762	761	761	761	762	762	761	761	761	762	762	761	762	761	761	761	762	761	761	761	762	761	761	762	761	761	761	761	761	761	761	762	761	760	760	761	761	761	761	761	761	762	761	761	761	761	761	760	762	762	761	762	761	761	761	761	762	761	761	761	760	761	761	761	761	761	761	761	761	762	761	762	761	762	762	761	762	761	761	761	761	761	761	761	761	761	761	761	761	761	761	761	761	762	761	761	761	761	762	761	761	761	761	761	761	761	762	761	761	760	761	761	761	761	761	762	761
1509	-265107	761	761	761	761	762	761	761	761	761	761	761	762	761	762	762	761	761	761	761	761	761	762	761	761	761	762	762	761	761	762	761	762	762	762	763	762	762	762	762	762	762	762	762	761	761	761	763	761	761	762	762	761	762	762	761	762	761	761	761	761	762	762	761	761	761	761	762	761	761	761	761	762	762	762	761	762	762	761	762	762	763	762	762	761	761	762	762	762	761	762	762	762	762	762	762	762	761	762	761	762	762	762	762	763	762	762	762	763	762	762	762	762	762	761	762	762	762	762	762	762	761	761	762	761	762	762	762	762
1510	-264615	763	762	762	762	762	762	762	761	762	761	761	761	762	761	761	761	762	762	762	762	762	762	762	763	762	762	762	762	762	762	762	762	762	762	762	762	762	763	762	762	762	762	763	762	762	762	762	762	763	763	762	762	761	762	763	763	762	762	762	762	763	762	763	762	763	762	763	762	762	762	762	762	761	762	762	762	762	762	762	763	762	762	762	762	762	761	762	762	761	761	762	761	762	761	762	762	762	762	762	761	762	762	762	762	762	763	762	762	762	762	762	762	763	763	762	763	762	762	762	762	762	762	762	762	762	763	762	763
1511	-264123	763	762	763	763	763	763	763	764	763	763	764	763	763	763	763	763	764	763	763	763	763	763	762	763	763	763	763	762	763	763	762	763	762	763	763	761	763	763	763	763	763	763	763	763	763	763	763	763	763	763	763	763	762	763	764	763	763	764	763	763	763	763	763	763	763	763	762	763	763	763	762	763	763	764	763	762	763	762	762	763	763	763	763	763	763	762	763	763	763	762	763	762	761	762	763	762	762	762	763	761	762	762	762	762	762	763	762	762	763	762	762	762	762	762	762	762	762	762	763	762	762	761	762	762	762	761	762	763
1512	-263630	764	764	763	764	764	763	764	763	763	763	763	764	763	764	763	763	764	763	764	763	763	764	764	763	763	764	763	763	763	763	763	763	763	762	763	764	763	764	764	763	764	763	764	763	763	763	764	763	763	763	763	763	763	763	763	763	763	763	763	763	763	763	764	763	763	763	763	763	763	763	763	763	763	763	763	763	763	763	763	763	762	763	763	763	763	763	763	763	763	763	763	763	763	763	763	763	763	765	762	762	762	763	763	763	763	763	764	763	763	763	763	763	763	764	763	764	763	763	763	764	763	764	763	764	763	763	764	764
1513	-263138	763	764	764	764	763	763	764	764	764	764	763	763	764	764	764	764	763	764	764	764	765	763	764	764	764	764	764	764	764	764	764	763	764	764	764	763	764	765	764	764	764	763	763	763	763	763	763	764	764	764	764	763	764	763	764	764	764	764	764	763	764	764	764	764	763	763	764	764	764	764	763	763	764	763	764	764	764	764	763	764	764	764	765	764	764	764	764	764	764	763	763	764	764	764	764	763	764	763	764	763	764	764	763	764	764	764	764	764	764	764	763	764	764	764	763	764	764	763	763	763	764	764	763	763	763	764	763	763
1514	-262646	764	765	764	764	765	764	764	764	764	764	765	764	764	764	764	764	764	764	763	764	764	764	764	764	764	764	764	764	764	764	764	764	765	764	764	764	764	764	765	764	764	764	764	764	764	762	764	764	764	764	764	764	764	764	764	765	765	765	765	764	764	764	764	764	764	764	764	764	764	764	764	764	764	763	764	764	765	764	764	764	764	765	765	765	764	764	765	764	764	764	764	764	764	765	764	764	764	764	764	764	764	765	764	764	764	764	764	763	764	765	764	764	764	765	764	764	764	764	764	764	764	764	764	765	764	764	764	764
1515	-262153	764	764	764	764	765	765	764	765	764	765	764	765	765	765	765	765	764	765	764	764	764	764	765	765	766	766	765	765	765	765	765	765	765	765	765	765	765	766	765	765	766	765	765	765	765	765	765	765	764	765	765	765	766	765	766	765	765	765	765	765	764	765	764	765	765	765	765	765	764	765	765	765	764	765	765	765	764	764	765	765	765	764	765	764	765	765	764	764	765	764	765	765	765	765	765	765	764	765	765	765	765	764	765	765	764	765	764	764	765	764	765	764	765	764	765	765	764	765	765	765	765	765	765	764	765	765	765	764
1516	-261661	766	766	766	766	765	766	766	766	766	765	765	765	765	765	765	765	766	765	765	766	766	766	765	765	765	766	765	766	765	766	766	766	766	766	765	765	765	766	765	766	766	766	766	766	766	766	766	766	765	765	766	766	766	766	766	765	766	766	766	766	766	766	766	766	766	766	766	765	766	765	766	766	765	765	765	765	765	766	765	765	765	765	765	766	765	766	766	765	766	765	766	765	765	764	766	766	765	765	765	765	766	765	765	765	765	765	766	766	765	765	765	765	765	765	765	765	766	766	765	766	766	766	766	766	766	765	765	766
1517	-261169	766	765	766	765	766	765	765	766	765	766	766	765	765	766	766	766	767	765	765	766	766	766	766	766	765	766	766	765	766	765	766	766	766	765	766	766	766	766	765	766	766	766	766	766	765	766	765	766	765	766	766	766	766	765	766	766	766	766	766	766	766	766	766	766	766	765	766	766	765	766	766	766	765	766	767	766	766	766	765	766	766	767	766	766	766	766	766	765	766	766	766	766	765	766	765	766	766	765	766	766	766	766	765	767	765	766	766	766	766	766	766	766	765	766	766	766	766	766	766	765	765	765	765	765	766	765	766	765
1518	-260676	766	765	766	766	766	766	766	766	766	766	768	766	766	765	766	766	766	766	766	766	768	765	766	766	767	767	767	766	766	767	766	766	766	766	767	766	766	766	766	765	766	766	766	766	766	766	766	767	766	767	766	767	766	766	768	766	767	766	766	766	768	767	766	766	766	766	766	766	766	766	766	767	766	765	766	767	767	768	767	766	766	766	767	767	766	766	767	766	767	767	766	766	766	766	766	766	766	767	766	766	766	766	766	766	766	766	767	767	766	766	766	766	766	767	766	767	766	766	766	766	766	766	766	766	766	766	766	767
1519	-260184	768	767	768	768	767	767	768	767	767	767	768	768	767	766	767	768	768	767	767	768	767	767	768	767	768	768	767	767	766	768	767	767	767	766	767	766	767	767	766	767	768	767	768	767	768	768	768	768	768	768	768	768	767	766	767	767	767	767	766	766	768	767	767	766	767	766	767	767	766	767	766	767	766	766	766	766	768	766	767	766	766	766	766	766	767	766	766	766	767	766	766	767	767	767	767	767	767	767	768	768	767	768	767	767	767	767	768	768	768	767	768	767	767	768	766	768	768	767	767	767	767	767	768	767	767	767	767	766
1520	-259692	768	768	767	767	768	768	768	768	768	768	768	768	768	768	768	768	768	767	767	768	767	768	767	767	767	767	768	767	767	768	768	767	768	768	768	767	767	767	768	766	768	767	767	767	767	768	768	767	767	766	766	768	767	766	767	767	768	768	768	767	768	768	768	768	768	768	768	767	768	768	768	768	768	768	768	767	766	767	767	767	768	767	767	767	768	767	767	767	768	768	768	768	768	767	768	768	767	768	767	767	767	768	768	768	768	768	768	767	766	768	768	767	768	767	768	767	768	768	767	768	768	768	768	768	767	768	768	768
1521	-259199	768	767	768	768	768	768	767	768	767	768	768	768	767	768	768	768	768	768	768	768	768	768	768	768	768	768	768	768	768	768	768	768	768	768	768	768	768	768	768	768	768	768	768	768	768	768	768	768	768	769	768	768	768	768	769	768	768	768	768	768	768	768	768	768	768	768	768	768	768	769	768	768	768	768	768	768	768	768	768	768	768	768	768	768	768	768	768	768	768	768	768	768	768	768	768	768	768	768	768	768	768	768	768	768	768	768	768	768	768	768	768	768	768	768	769	768	768	768	768	768	768	768	768	768	768	768	768	768
1522	-258707	768	768	768	768	768	768	768	768	768	768	768	769	768	768	768	769	768	768	768	768	768	768	768	768	768	768	768	768	768	769	768	768	768	768	768	769	768	768	768	768	768	768	768	768	768	768	768	768	768	768	768	768	768	768	768	768	768	768	768	768	768	768	768	768	768	768	768	768	768	768	768	768	769	768	768	768	768	768	768	768	768	768	768	768	768	768	768	768	768	768	768	768	768	768	768	768	768	768	768	768	768	768	768	768	768	768	768	768	768	768	768	768	768	768	768	768	769	769	768	768	768	768	768	768	768	768	768	768
1523	-258215	768	768	768	768	768	768	768	769	768	769	768	768	769	769	769	769	769	769	769	769	769	769	768	768	769	768	769	768	769	769	769	769	768	769	769	768	769	768	769	769	769	769	768	768	769	769	769	768	769	768	768	768	768	768	768	768	768	768	769	768	768	769	768	769	769	769	769	769	769	768	768	768	769	768	768	768	768	768	768	769	768	768	769	769	769	768	768	769	769	769	769	769	769	769	769	768	768	769	769	768	769	768	769	768	768	769	768	769	769	769	769	769	769	769	769	768	769	769	769	769	770	770	769	769	770	768	769	769
1524	-257723	770	769	769	770	769	770	769	770	770	769	769	770	769	769	770	768	769	769	769	768	769	769	769	769	770	769	770	769	769	769	768	769	769	769	769	769	769	769	770	769	769	769	769	769	769	769	768	769	768	769	769	769	769	770	769	769	769	770	769	769	769	769	769	769	768	769	769	769	769	770	769	769	769	769	769	770	768	769	769	769	769	769	769	769	769	769	769	769	769	769	769	769	769	769	769	769	769	769	769	769	769	769	769	769	768	769	769	768	768	769	769	769	769	769	769	769	769	769	769	769	769	769	769	769	770	769	769	769
1525	-257230	769	770	769	769	770	770	769	769	769	770	769	770	769	770	769	769	770	769	770	770	769	770	770	770	770	770	770	770	770	770	770	770	770	770	769	769	769	770	770	770	769	770	770	770	770	770	770	770	770	770	769	770	769	770	770	769	770	769	769	770	769	769	769	770	770	770	770	770	770	769	770	770	769	770	769	769	769	769	769	769	769	769	769	769	769	770	769	770	769	770	770	770	770	769	770	770	770	769	770	770	769	769	770	769	769	770	769	770	769	770	770	770	770	770	770	770	771	770	769	769	770	770	770	769	770	770	770	770
1526	-256738	770	770	770	770	770	770	770	770	770	770	770	769	770	770	771	770	770	769	770	769	770	770	770	770	770	770	770	770	770	770	768	770	770	771	770	770	770	770	770	770	770	770	770	770	770	770	770	770	770	772	770	771	770	770	770	770	769	769	770	770	770	769	770	770	770	770	770	770	769	770	770	771	770	770	769	771	770	770	770	770	770	770	770	770	770	770	770	770	771	770	771	770	771	770	770	771	770	770	770	770	770	770	771	770	770	771	770	771	771	771	770	771	770	771	771	770	770	770	769	770	770	770	771	770	770	769	770	770
1527	-256246	771	770	771	771	770	770	770	770	770	770	770	770	771	770	771	770	770	770	771	771	771	771	771	771	770	771	771	770	770	771	771	770	770	771	770	771	770	771	771	771	771	771	770	771	771	771	770	770	770	770	771	771	771	770	770	770	771	771	771	771	771	771	771	771	770	771	771	771	771	771	771	771	770	771	771	771	771	772	771	771	772	771	771	771	771	771	771	771	771	771	771	770	771	771	771	771	771	772	771	771	770	770	771	770	771	771	771	771	771	771	771	771	771	771	771	770	771	771	770	770	770	771	771	770	771	770	770	771
1528	-255753	771	771	771	771	771	771	771	771	771	771	771	771	771	771	770	771	770	771	772	771	771	770	771	771	771	771	771	771	771	771	771	772	772	771	771	770	771	772	771	771	771	771	771	771	772	771	772	771	771	771	770	771	771	771	771	771	772	771	771	772	771	772	771	771	771	771	772	771	771	771	771	771	771	772	771	771	772	772	772	771	771	771	771	772	772	771	772	771	771	771	772	771	771	771	771	771	771	771	771	771	771	770	771	770	771	771	770	771	770	771	771	770	771	771	771	771	771	771	771	771	771	771	771	772	771	771	771	770
1529	-255261	771	772	771	772	771	771	771	771	771	771	771	771	771	771	772	771	772	771	771	771	772	772	772	772	771	771	771	772	772	771	772	771	772	772	771	773	772	771	772	772	772	772	772	772	771	772	771	772	772	772	772	770	771	771	772	771	771	772	771	771	772	771	772	771	772	771	771	772	771	771	771	772	771	770	771	771	771	771	770	771	771	772	771	771	771	771	772	772	771	772	771	771	770	771	771	771	771	772	771	771	771	771	771	771	771	772	771	771	771	771	771	771	771	771	771	772	771	771	771	771	772	771	771	771	771	771	772	771
1530	-254769	772	772	772	772	772	771	772	772	772	772	772	772	772	772	773	773	772	772	773	773	773	773	772	772	773	773	772	773	773	772	772	771	772	772	772	772	772	772	772	772	773	772	772	772	772	773	773	772	773	772	772	773	772	773	773	773	773	772	772	772	772	772	772	772	772	773	772	772	772	772	773	773	772	772	772	771	772	772	772	772	772	772	772	772	772	772	772	772	772	772	772	773	772	772	772	772	772	772	772	772	772	772	772	772	773	772	772	772	772	773	773	773	772	773	773	772	773	772	772	773	772	772	772	772	773	772	772	773
1531	-254276	772	773	773	772	773	773	773	773	773	773	773	773	773	773	772	773	773	773	772	773	773	773	773	773	773	772	773	773	774	773	774	773	773	773	773	773	772	773	773	773	773	774	773	773	772	773	773	773	773	773	773	773	773	773	772	773	773	772	773	773	773	773	773	773	772	773	773	773	773	772	773	773	773	774	773	773	773	773	772	772	772	773	773	772	773	772	773	772	773	772	772	772	772	773	772	772	772	773	772	772	772	772	772	773	773	772	772	772	772	772	772	771	773	772	771	772	772	772	773	772	772	772	772	773	773	772	772	772
1532	-253784	773	773	773	773	773	773	773	773	773	773	774	773	772	773	773	773	773	773	773	773	773	773	773	774	774	774	773	773	774	773	774	774	773	773	773	773	773	773	773	773	773	773	774	774	773	773	772	774	774	773	774	773	774	773	773	773	773	774	773	773	773	773	773	773	773	774	773	773	773	773	773	773	773	773	773	774	774	773	774	774	773	773	773	774	773	773	773	773	773	774	773	773	773	774	773	773	773	773	773	774	774	774	774	772	774	774	773	773	773	773	773	773	773	773	773	772	773	774	773	773	774	773	774	773	773	773	773	773
1533	-253292	774	774	774	774	774	774	774	774	773	774	774	774	773	774	773	774	774	774	773	773	773	773	773	774	773	774	774	773	773	773	773	773	773	773	773	773	773	773	774	773	773	774	773	773	774	774	773	774	772	773	773	774	774	773	774	774	774	774	774	774	774	774	773	773	774	774	773	773	774	773	773	774	773	774	774	774	774	774	773	774	773	773	773	773	774	773	773	773	773	773	773	774	773	773	773	773	773	773	773	773	773	773	774	773	773	773	774	774	774	774	774	774	774	773	775	774	774	774	774	774	774	774	774	774	773	774	773	774
1534	-252799	775	774	774	773	775	775	774	774	774	775	775	774	775	774	774	774	774	775	774	774	774	774	776	775	775	774	774	774	774	774	774	774	774	774	774	774	774	773	773	774	774	774	774	774	774	774	774	773	774	774	774	774	773	774	774	773	774	774	774	774	773	774	774	774	774	774	773	774	773	774	774	774	774	774	774	774	774	774	774	775	774	774	774	774	774	774	774	774	774	774	774	774	774	774	774	774	774	774	773	774	774	775	775	775	774	774	774	775	774	774	774	774	773	774	773	773	775	774	774	774	773	774	774	774	773	774	774	774
1535	-252307	775	775	775	775	775	774	774	774	774	775	775	774	774	775	774	774	775	775	775	774	774	774	775	775	775	775	774	775	774	774	775	774	775	775	776	775	774	774	774	774	774	775	775	774	774	774	774	773	774	774	774	774	774	775	775	774	774	775	774	774	774	775	774	774	774	774	775	775	774	774	774	775	774	774	775	774	775	775	774	775	774	774	775	774	774	774	775	774	774	774	774	774	775	774	775	774	775	775	774	774	775	775	775	774	775	775	775	774	774	775	774	774	774	775	774	775	775	775	776	775	776	775	774	775	775	775	775	775
1536	-251815	776	776	775	775	775	775	775	775	775	775	775	775	775	775	775	775	775	775	775	775	775	776	774	775	775	775	775	774	775	775	775	775	774	775	775	774	775	775	775	775	775	774	774	775	775	774	774	774	774	775	775	775	776	775	775	775	774	775	775	775	775	774	775	775	774	775	774	775	774	774	775	774	775	775	775	774	775	775	775	775	775	775	775	775	776	775	775	775	774	775	775	775	775	775	775	774	775	775	775	774	775	775	775	776	775	775	775	776	776	775	775	775	775	775	773	774	775	775	774	774	775	774	775	774	774	774	775	775
1537	-251323	775	775	775	775	775	775	776	774	775	775	775	775	775	776	775	776	775	776	775	775	776	775	775	776	775	776	776	776	775	775	776	776	775	776	775	775	776	776	776	775	776	776	776	776	776	776	776	776	776	776	776	776	776	776	776	776	776	776	776	776	775	775	776	776	776	776	775	776	776	775	776	775	776	776	776	775	776	776	776	775	775	775	775	775	775	775	774	775	775	776	776	776	776	775	776	776	776	776	776	776	775	775	776	776	776	775	775	775	775	776	775	775	776	775	775	775	775	776	775	776	775	775	775	775	775	775	775	775
1538	-250830	776	776	776	776	776	776	776	776	776	776	776	776	777	777	777	776	776	776	777	776	777	776	776	776	776	777	776	776	776	776	776	776	776	776	775	776	776	776	776	776	776	775	775	776	776	776	776	776	776	776	776	776	776	775	776	775	776	775	776	776	776	776	776	776	776	776	776	775	776	776	776	776	776	776	776	776	776	776	776	776	776	776	776	776	776	776	776	776	776	776	776	776	776	775	776	775	776	776	775	776	775	776	776	776	775	776	775	775	776	776	775	775	776	776	776	776	776	776	776	776	775	775	776	775	776	776	775	775
1539	-250338	777	777	777	777	776	776	776	776	776	775	776	776	776	776	776	776	776	776	776	777	777	776	776	777	776	777	776	777	777	777	777	776	777	776	776	776	777	776	776	776	776	777	776	776	776	776	776	776	777	777	776	777	776	776	777	776	776	776	776	777	776	776	776	776	776	776	777	777	776	776	776	776	777	776	777	776	776	776	776	777	776	776	776	777	776	776	776	776	776	776	776	776	776	777	776	776	776	776	777	777	776	777	776	777	777	776	777	777	776	776	776	777	777	776	776	776	777	777	777	776	777	777	776	777	777	777	777	777
1540	-249846	776	776	776	776	776	776	776	777	777	776	777	776	776	777	776	777	777	776	777	777	777	777	777	776	777	777	776	777	776	777	777	776	777	777	776	777	777	776	777	777	777	777	777	777	777	777	777	777	777	778	777	777	776	777	777	777	777	777	777	777	777	778	777	777	776	776	777	777	777	777	776	777	776	777	777	776	778	776	777	777	777	777	777	776	777	777	777	777	777	777	777	777	777	777	777	777	777	777	777	777	778	777	778	778	777	777	777	777	777	776	776	777	777	777	777	777	777	777	777	777	778	777	777	777	778	778	777	777
1541	-249353	777	777	777	778	778	777	778	778	777	778	777	777	778	777	777	777	777	778	778	777	777	777	779	777	778	777	777	778	777	778	777	778	777	777	777	777	777	778	778	778	777	778	778	778	778	778	778	777	778	777	777	778	777	777	777	777	778	778	778	777	778	778	777	778	777	778	777	777	777	777	777	777	777	778	777	778	778	777	777	777	778	777	778	777	778	778	777	777	778	777	778	777	777	778	777	777	778	777	777	776	778	777	777	777	777	778	778	777	777	778	778	778	777	777	778	778	778	777	777	777	777	777	778	777	777	778	778	778
1542	-248861	778	777	778	777	777	777	777	777	778	778	778	777	777	777	778	778	777	778	778	778	778	778	778	777	778	779	778	778	778	779	778	777	778	777	778	779	778	777	777	778	778	778	778	778	777	777	778	778	778	778	778	778	778	778	779	778	778	779	778	778	778	778	778	778	778	778	777	778	778	778	777	778	778	777	778	778	778	777	778	778	778	778	778	778	778	778	778	778	778	778	778	778	778	779	779	778	779	778	778	778	779	778	778	779	778	777	778	778	778	778	778	779	778	778	778	778	777	777	778	778	777	777	777	778	778	778	777	778
1543	-248369	778	778	779	779	778	779	780	779	778	779	779	778	779	779	779	779	778	779	779	779	779	779	779	779	779	779	778	779	779	779	779	779	779	779	779	779	778	779	778	779	779	779	778	778	778	778	779	779	779	778	778	778	777	778	779	778	778	778	779	777	778	779	778	778	778	779	777	778	779	778	778	778	778	779	778	778	778	778	778	778	778	778	778	778	779	778	779	779	779	778	778	779	778	779	779	778	778	779	778	779	779	778	778	779	779	778	779	778	778	778	778	778	779	779	779	778	778	778	778	778	778	778	778	777	778	778	778	778
1544	-247876	779	779	780	779	779	779	779	779	779	778	779	778	779	779	779	779	779	779	779	779	779	780	779	779	779	778	779	779	779	779	779	779	779	779	779	779	779	779	779	779	779	779	779	779	779	779	780	779	780	779	779	780	780	779	779	779	779	779	780	779	779	780	779	779	779	779	779	780	779	779	780	779	780	779	779	779	779	780	779	779	780	779	779	779	779	780	778	779	779	779	779	779	779	779	778	778	779	779	779	778	778	779	779	780	778	779	779	779	779	779	779	779	779	779	779	780	779	779	779	779	779	780	779	779	779	779	779	779
1545	-247384	779	779	779	779	779	779	779	779	780	779	779	779	779	779	778	779	779	779	779	779	779	779	779	780	779	779	780	780	780	779	779	780	780	780	779	779	780	780	780	779	779	779	779	780	779	779	780	780	780	780	780	779	779	780	779	779	780	780	779	779	779	778	779	780	779	779	779	779	779	779	780	779	779	779	779	779	779	779	779	779	779	779	779	779	779	779	779	779	779	779	780	779	779	779	779	779	779	780	779	780	779	779	780	780	780	779	779	779	779	779	780	780	780	780	780	780	780	780	779	780	780	780	779	779	780	779	779	779
1546	-246892	780	781	780	781	781	780	780	780	780	780	780	780	780	780	780	779	780	780	780	780	780	780	780	780	780	780	781	780	781	780	780	780	780	780	780	779	780	779	780	780	779	780	779	781	779	780	780	780	780	780	780	780	780	780	779	780	779	780	779	780	780	779	779	780	780	781	780	780	780	780	780	780	780	780	780	780	780	780	780	780	781	780	780	779	780	780	779	780	780	780	779	780	780	780	780	780	779	780	779	779	780	780	780	780	779	780	780	780	780	780	780	780	779	780	779	780	779	779	780	780	779	779	780	781	779	780	779	780
1547	-246399	780	780	780	780	780	781	780	780	780	780	780	780	780	780	780	780	780	780	780	780	780	781	781	781	781	781	781	780	781	781	781	781	780	781	781	780	781	780	780	780	781	782	781	781	780	781	782	781	781	782	781	782	781	781	781	781	781	781	781	781	781	781	781	780	780	781	780	780	781	781	781	781	780	781	780	781	780	781	780	780	780	780	780	780	780	780	780	780	780	780	780	780	780	780	780	780	779	780	780	781	781	780	779	780	780	780	780	780	780	780	780	781	780	779	780	780	781	780	780	780	780	780	780	780	780	780	780	780
1548	-245907	781	781	781	781	781	781	780	781	781	781	781	781	781	780	781	781	781	780	781	780	780	780	781	781	780	781	781	781	781	781	781	781	781	781	780	781	781	782	781	780	781	781	781	781	781	781	781	781	781	780	781	781	781	781	781	781	780	780	780	780	781	781	781	781	781	780	780	781	781	781	780	781	781	780	781	781	780	781	780	781	780	781	780	781	782	781	780	781	780	781	781	781	780	781	781	781	780	780	780	781	780	781	781	781	781	781	781	781	781	781	781	781	781	781	781	783	781	781	781	780	782	781	781	781	780	782	781	781
1549	-245415	781	781	781	781	781	782	781	781	781	782	781	782	782	782	782	781	781	781	782	782	781	781	782	781	781	782	781	781	781	782	782	782	781	781	781	782	782	782	781	782	781	781	782	782	781	781	782	782	781	781	781	782	781	781	781	782	781	781	781	781	781	781	781	781	781	781	781	781	781	781	780	781	780	781	781	782	781	781	781	779	780	781	781	781	781	781	782	782	782	781	781	782	781	782	781	782	781	781	781	781	781	782	782	781	782	781	782	781	782	782	781	781	782	781	782	781	781	782	781	781	781	781	781	782	781	781	781	782
1550	-244923	783	782	782	782	783	782	782	782	782	782	782	782	782	782	782	782	781	782	782	781	782	782	782	782	781	782	781	781	781	782	781	781	781	781	782	781	782	782	782	782	783	782	782	782	782	782	781	782	782	782	782	782	782	783	782	783	782	782	782	782	782	781	782	782	782	782	782	781	782	782	782	782	782	781	782	782	782	782	781	782	782	782	782	782	782	781	782	782	782	781	782	782	782	782	782	782	783	782	782	782	782	781	782	782	781	781	782	782	782	781	782	782	782	782	781	782	782	782	782	782	782	782	782	782	782	783	783	782
1551	-244430	783	782	783	782	782	782	782	782	782	782	783	783	782	782	782	783	783	783	782	783	783	783	783	783	783	782	783	782	782	782	783	782	782	783	782	782	782	783	783	783	783	783	783	783	782	783	782	782	781	782	782	782	782	782	782	782	782	782	782	782	782	782	781	782	783	783	782	782	782	782	782	782	782	782	782	782	782	782	782	782	782	782	782	782	783	783	783	782	783	783	783	783	782	782	782	783	783	783	783	783	783	783	782	783	782	783	782	783	782	783	783	782	783	783	783	782	783	782	783	783	783	782	783	782	782	782	782	783
1552	-243938	783	783	782	782	782	783	783	783	783	783	783	783	783	783	783	783	783	784	783	783	783	783	783	783	782	783	784	784	783	783	783	783	783	784	783	783	783	783	783	783	783	783	783	783	782	783	783	783	783	782	782	782	783	783	783	782	783	783	783	783	783	783	783	784	783	783	783	783	782	783	782	782	783	783	783	783	782	783	783	783	782	783	783	782	783	782	783	783	783	783	783	782	782	782	782	782	782	783	782	783	782	781	783	783	782	783	783	783	783	783	783	783	782	783	782	784	782	782	783	783	783	783	782	783	782	783	782	782
1553	-243446	783	784	783	784	783	784	783	784	783	783	783	783	783	784	784	783	783	784	784	783	783	783	784	784	784	783	783	784	784	783	784	784	783	783	784	783	783	783	783	784	783	783	783	783	783	783	783	783	783	784	783	783	783	783	783	783	784	784	784	784	784	784	783	784	784	783	783	784	783	784	784	784	783	783	783	783	784	783	783	783	783	784	783	784	783	784	784	783	784	783	784	783	783	783	783	783	783	783	782	783	783	783	783	783	783	783	783	783	783	783	783	783	783	783	783	782	784	784	783	783	783	783	783	784	783	783	783	783
1554	-242953	784	783	784	784	784	784	784	784	783	783	784	784	783	783	783	784	783	784	784	784	784	784	784	784	783	784	784	784	784	784	784	784	785	784	784	784	784	784	784	784	784	783	784	784	784	784	784	784	784	784	785	784	784	784	784	784	785	784	785	785	784	784	784	784	784	784	784	784	784	784	784	784	784	784	784	784	784	784	784	784	784	784	784	784	783	784	783	784	784	784	783	783	784	784	784	784	783	784	784	784	784	783	784	784	783	784	784	784	784	784	784	784	784	784	784	784	783	785	784	784	784	784	784	784	784	784	784	783
1555	-242461	784	784	784	784	784	785	784	785	785	784	784	784	785	784	784	785	784	784	784	785	785	784	784	784	784	785	784	784	784	784	784	784	784	784	784	784	784	784	784	785	785	784	784	784	785	785	784	785	784	784	784	785	784	784	784	784	785	784	784	784	784	785	784	785	784	785	785	784	785	785	785	785	785	784	784	784	784	784	784	784	784	784	785	785	784	784	784	785	784	785	784	784	784	784	785	784	784	784	784	784	784	785	784	784	784	784	784	784	784	784	784	784	784	785	785	784	784	783	784	784	784	785	784	784	784	784	784	784
1556	-241969	785	784	784	785	784	785	784	784	785	785	785	785	785	785	785	785	784	784	784	785	785	784	784	784	784	785	785	785	784	785	784	785	785	785	785	784	784	785	785	785	785	785	785	785	785	784	785	784	785	785	784	785	785	785	785	785	785	785	785	785	785	785	785	785	785	786	785	785	785	785	785	785	784	784	785	785	785	784	785	784	785	784	784	785	784	785	785	784	784	784	785	784	784	785	784	785	784	784	785	785	784	784	784	785	784	785	784	785	785	785	785	785	785	785	785	785	785	785	785	785	785	785	785	784	784	785	785	785
1557	-241476	785	785	786	786	785	785	786	786	786	786	786	785	785	785	786	785	785	785	785	785	785	785	785	785	785	786	786	785	785	785	786	785	785	785	785	785	785	785	784	784	785	785	785	784	784	785	784	785	784	784	786	784	785	785	784	785	784	784	785	784	785	784	785	785	785	785	785	786	785	785	784	784	785	785	785	785	785	785	785	785	785	785	786	785	786	785	785	786	785	786	786	786	785	785	786	786	785	785	785	786	785	785	785	786	785	785	786	785	786	785	785	786	785	786	786	787	785	786	785	785	785	786	785	786	786	786	786	785
1558	-240984	785	786	786	786	785	786	786	786	786	786	785	786	786	786	786	787	787	786	786	787	787	786	786	786	787	786	786	786	786	786	786	785	785	786	785	784	785	785	785	785	786	785	785	785	785	786	786	785	785	785	785	785	785	785	785	785	784	786	785	785	786	784	785	785	785	786	785	786	785	786	786	787	786	786	787	786	787	786	786	787	786	787	786	786	786	786	787	786	786	786	786	786	785	785	786	786	786	786	786	787	786	786	787	785	786	786	786	785	786	787	786	785	785	786	786	786	786	785	786	786	786	786	786	786	785	785	785	786
1559	-240492	786	786	785	786	785	785	786	786	786	786	786	786	786	786	786	786	785	786	786	786	786	786	785	786	786	786	786	785	786	786	786	786	785	787	786	787	786	786	786	787	787	787	787	786	787	787	787	786	787	787	787	786	786	786	787	787	785	787	786	786	786	786	786	786	787	786	786	786	786	786	786	786	787	786	786	786	787	786	786	786	786	786	786	787	786	787	786	787	786	786	786	786	786	787	787	787	787	786	787	787	786	787	786	787	786	786	786	786	787	786	786	786	786	787	786	787	786	787	786	787	787	787	787	787	786	786	787	786
1560	-239999	786	786	786	786	786	786	786	786	786	787	787	786	786	787	787	788	786	786	787	787	787	786	787	787	786	787	787	787	787	787	787	787	787	787	786	787	787	787	787	787	787	787	787	787	786	786	786	787	787	787	787	786	788	786	787	787	787	788	787	787	787	787	788	787	786	786	786	786	786	786	786	787	788	787	787	786	787	786	787	787	787	787	786	786	786	787	787	786	787	786	786	786	786	786	787	786	786	786	787	787	787	787	788	786	787	787	787	787	787	786	786	787	787	786	786	787	787	787	787	787	787	787	787	786	787	787	787	786
1561	-239507	787	787	786	787	787	787	787	787	786	787	787	788	787	786	787	788	787	787	787	788	788	787	787	787	787	787	788	788	787	787	788	787	787	787	787	787	787	787	787	787	787	787	787	787	787	788	787	787	788	787	787	789	788	787	786	787	788	787	788	787	787	787	787	788	787	787	787	788	787	787	787	788	788	788	787	788	788	788	788	788	788	788	788	788	788	788	788	788	788	789	787	788	787	788	787	787	788	788	788	788	787	787	788	787	787	787	787	787	787	787	787	787	787	786	787	787	787	787	787	787	787	787	787	787	787	788	787	787
1562	-239015	787	787	787	787	787	787	787	787	787	787	788	788	788	789	788	788	787	788	788	788	788	788	787	788	787	787	787	788	788	788	789	788	788	788	788	788	788	788	788	788	788	788	788	788	788	788	788	788	787	788	788	788	788	788	788	788	788	788	788	788	788	788	787	787	787	787	787	787	787	787	787	787	787	787	787	788	787	788	787	787	787	787	787	787	787	789	787	787	787	787	788	788	787	787	788	788	788	788	788	788	788	788	788	788	788	787	787	788	788	788	788	788	788	788	788	787	788	788	787	788	787	788	788	788	788	788	787	787
1563	-238523	788	789	787	788	788	788	789	789	788	789	788	788	789	788	788	789	788	788	788	788	788	790	788	788	788	788	788	788	788	788	788	787	788	788	788	788	788	788	788	788	788	788	789	788	788	788	788	788	788	788	788	788	789	788	788	788	788	788	788	788	789	788	789	788	788	788	788	788	788	789	788	789	789	789	789	788	788	788	789	789	788	789	789	788	788	788	789	788	789	788	788	789	789	789	789	788	789	788	788	789	788	789	789	789	788	789	788	788	788	788	789	789	788	788	789	788	789	788	788	787	788	788	789	789	788	789	788	788
1564	-238030	789	789	789	789	789	789	788	789	789	789	790	789	790	789	789	790	789	789	789	789	788	789	789	789	789	789	789	789	789	789	788	789	789	789	789	789	789	789	789	789	789	789	790	789	789	788	789	789	789	789	789	788	789	789	789	788	789	789	789	789	788	789	789	788	788	788	789	789	788	789	788	788	789	789	789	789	789	789	788	789	789	788	789	788	789	789	789	789	789	789	789	789	789	789	789	789	789	789	789	789	789	789	789	789	789	789	789	789	788	789	789	789	789	789	788	789	789	789	789	789	790	789	789	790	789	789	789	788
1565	-237538	790	789	789	789	790	789	790	789	789	789	789	790	789	790	789	789	789	789	789	789	789	789	790	789	790	790	790	789	789	790	789	789	790	789	789	789	789	789	789	789	789	789	789	789	789	790	789	790	789	789	789	789	789	789	789	789	789	789	789	789	790	789	790	790	790	789	790	789	789	790	789	789	789	789	789	790	790	789	789	790	790	789	789	789	790	789	789	789	789	789	789	789	789	789	790	790	790	789	790	790	790	789	789	790	789	789	789	789	789	789	789	789	788	789	789	789	789	789	790	789	789	788	789	789	789	789	789	789
1566	-237046	790	790	790	790	789	790	789	790	790	789	789	789	789	789	789	789	789	790	789	789	789	790	789	790	790	790	790	789	790	790	789	790	789	789	790	790	789	789	789	790	790	789	790	789	790	790	790	790	790	790	790	789	789	789	790	790	790	790	790	790	790	790	790	789	791	790	790	790	790	789	790	790	789	790	790	790	789	789	790	790	790	790	790	790	789	790	789	790	790	790	790	790	790	790	790	790	790	790	790	789	790	790	790	790	790	790	790	790	791	790	790	791	790	790	790	790	790	791	790	790	790	790	790	790	790	789	790	790
1567	-236553	790	790	790	789	791	791	791	790	791	791	791	791	791	791	790	791	791	791	791	791	790	791	790	790	791	791	790	790	790	790	791	790	790	790	790	790	790	791	790	790	791	791	790	790	791	791	790	790	791	790	790	791	790	790	790	790	790	790	790	790	790	790	790	790	791	790	790	791	791	791	791	791	791	790	791	790	791	791	791	790	790	791	790	790	791	791	791	790	790	790	790	791	791	790	791	790	791	790	791	791	790	790	791	791	791	791	791	790	790	790	790	790	790	790	790	790	790	790	790	790	790	790	790	790	790	790	790	790
1568	-236061	791	791	790	791	791	791	791	791	791	791	791	791	791	791	791	791	790	790	791	790	791	790	791	791	790	791	791	791	791	791	791	791	791	791	790	791	791	790	790	791	790	791	791	791	791	791	791	790	790	791	791	790	790	790	790	789	791	791	791	792	791	790	791	790	791	791	791	790	790	792	791	791	791	791	792	791	791	791	791	791	790	791	791	791	791	791	792	792	791	791	791	791	791	790	791	791	790	791	791	791	791	790	791	791	791	791	791	791	791	790	791	791	791	791	791	791	790	791	791	791	791	790	791	791	791	791	791	791
1569	-235569	791	791	791	791	791	791	791	791	792	791	791	791	791	792	791	792	791	791	792	792	792	792	791	791	791	792	791	792	792	792	792	792	792	792	792	792	792	791	791	792	792	791	792	790	791	791	791	791	791	792	791	792	790	791	791	791	791	791	791	793	791	791	791	791	792	791	791	791	791	791	791	791	791	791	791	791	791	791	791	791	791	791	791	791	791	791	791	791	792	791	792	792	791	792	792	792	792	792	792	792	793	792	792	792	791	792	792	792	792	791	792	792	792	792	791	792	792	792	792	791	791	792	791	791	791	792	791	791
1570	-235076	792	792	792	792	792	792	792	791	791	792	791	792	790	791	791	792	792	791	792	791	792	792	792	792	791	792	792	792	792	791	792	791	791	791	792	791	791	792	792	791	792	792	791	791	792	792	792	792	791	792	792	792	792	792	792	791	791	791	791	791	792	792	791	791	792	792	792	791	791	792	792	792	791	792	792	792	792	792	792	792	792	792	793	792	793	792	791	792	792	792	792	792	792	792	792	792	792	792	792	792	792	792	792	792	791	792	792	792	792	792	792	792	791	792	792	792	792	791	792	791	792	792	792	792	791	791	792	791
1571	-234584	792	792	792	793	793	793	792	793	793	793	793	792	792	792	792	792	793	792	793	792	792	792	792	792	792	792	792	792	792	793	792	792	792	792	792	792	793	792	792	792	792	793	792	792	792	792	792	792	792	792	792	792	792	792	792	792	792	793	793	792	793	792	792	792	792	792	793	793	793	792	792	792	792	792	792	793	792	793	792	792	793	793	792	793	792	793	792	793	792	792	793	792	793	793	793	793	792	792	792	792	792	792	792	792	791	793	793	792	792	792	792	792	792	792	793	792	792	792	792	792	792	792	792	792	792	792	792	792
1572	-234092	792	793	793	793	793	793	792	792	793	793	793	793	792	793	792	793	792	792	793	792	792	792	792	793	792	793	793	793	793	793	793	793	792	793	793	792	793	792	792	792	792	792	792	792	792	792	793	793	792	793	792	791	792	792	793	792	792	793	792	793	793	792	793	792	793	793	792	793	793	792	792	793	793	793	792	793	793	793	793	793	793	793	793	793	793	793	792	793	793	793	792	792	793	793	793	792	793	793	793	793	793	793	793	793	793	794	794	793	793	793	793	793	793	792	793	793	793	792	793	792	793	793	793	793	793	793	793	793
1573	-233599	794	793	794	793	793	792	794	793	793	793	794	793	794	793	793	793	793	793	794	794	793	793	793	793	793	793	793	793	793	792	793	793	794	793	793	793	793	793	793	793	793	794	794	793	793	793	793	793	793	793	793	793	793	793	793	793	793	793	793	793	792	793	793	793	794	794	794	793	794	794	794	794	794	794	794	793	793	793	793	793	793	794	793	793	794	793	793	793	793	793	794	793	793	793	793	793	793	793	793	793	792	793	792	792	792	793	792	792	793	793	793	793	793	793	792	794	793	793	793	792	793	793	792	793	793	793	793	793
1574	-233107	794	794	794	794	793	793	794	794	794	793	794	794	793	794	793	794	793	793	794	794	794	794	794	794	794	794	794	794	793	794	793	793	794	794	795	794	793	793	793	793	793	793	793	793	793	794	794	794	793	793	793	794	794	793	794	793	794	794	793	794	794	794	794	794	794	793	793	794	793	793	794	793	793	793	794	794	794	794	794	794	794	794	794	794	793	795	794	794	794	794	794	794	793	794	794	794	794	793	794	793	794	794	794	794	793	793	793	793	794	794	794	793	794	794	794	794	794	793	794	794	793	794	794	793	794	794	793	794
1575	-232615	794	794	794	795	795	794	794	795	795	795	795	795	795	794	795	794	794	794	794	794	793	794	794	795	794	794	794	794	795	794	795	794	794	795	794	794	795	794	794	794	793	794	794	794	794	794	794	794	794	794	793	794	793	794	794	794	794	794	795	794	794	794	795	794	794	794	794	794	795	795	794	794	794	794	795	794	794	795	794	794	795	795	795	795	794	795	795	795	795	794	794	794	795	795	794	794	794	794	795	794	795	794	795	794	794	794	794	794	794	794	794	794	794	794	794	794	794	794	794	794	794	795	794	794	795	794	794	794
1576	-232123	795	795	795	795	795	795	795	794	795	794	794	794	794	795	795	795	794	794	795	794	795	795	795	796	795	795	795	795	795	795	794	794	795	795	795	794	794	794	795	794	795	794	795	795	795	795	794	794	796	794	795	794	795	795	795	795	794	794	795	795	795	794	795	795	794	795	795	795	795	794	794	795	795	794	794	795	794	795	795	794	795	794	795	794	795	795	794	794	795	795	795	795	795	795	795	794	795	795	795	795	794	795	795	795	795	795	795	794	795	795	795	795	795	794	794	794	794	794	794	794	794	794	794	795	795	794	794	794
1577	-231630	795	795	796	796	796	796	796	796	796	795	795	796	795	796	795	795	795	796	796	795	795	796	796	795	795	795	796	795	795	795	796	796	796	796	796	795	796	796	796	796	795	795	795	795	795	796	795	795	795	795	795	796	795	795	795	795	796	796	796	795	795	795	795	795	795	795	795	795	795	795	795	795	795	795	795	796	795	795	795	795	796	795	795	795	795	796	795	795	795	796	796	795	796	795	795	796	796	796	795	795	795	796	795	795	795	794	796	795	795	795	795	796	795	795	795	796	796	795	795	795	795	795	795	795	795	794	795	795
1578	-231138	795	795	795	796	795	795	795	796	795	795	796	796	795	795	796	795	796	795	795	795	795	795	796	795	795	796	796	795	795	796	796	795	796	796	796	796	796	795	795	796	796	796	796	796	796	796	796	796	796	796	796	796	795	796	796	796	796	796	796	796	796	796	796	796	796	796	796	795	796	796	795	796	796	796	796	796	796	796	796	796	796	796	796	796	796	794	796	796	795	796	795	796	796	795	796	795	795	796	795	795	795	796	796	795	795	795	796	796	796	795	795	796	795	796	795	796	796	796	796	796	795	796	796	796	795	795	796	795
1579	-230646	796	796	796	796	796	796	796	796	796	796	796	797	796	796	796	797	796	796	797	796	796	796	796	796	796	796	796	796	797	797	797	796	796	796	794	796	796	796	796	796	796	796	796	796	796	797	797	796	797	796	797	797	796	795	796	796	796	796	796	796	796	796	796	796	796	796	796	796	796	796	796	796	796	796	796	795	795	796	796	796	796	796	796	795	796	796	796	796	796	796	796	796	797	796	796	797	796	796	797	797	796	796	796	796	796	797	796	796	796	797	796	796	798	796	796	797	796	796	796	797	797	796	796	796	796	796	797	796
1580	-230153	796	796	796	797	797	797	796	796	797	797	797	796	797	797	797	797	797	796	796	797	797	796	795	797	796	796	796	796	796	796	796	797	796	797	797	797	797	797	797	797	797	797	796	796	797	797	796	796	797	796	796	797	796	797	797	797	797	796	797	797	797	797	797	797	796	797	797	797	797	796	797	797	797	797	796	797	796	797	797	797	797	796	797	797	797	797	797	797	797	796	796	796	797	797	797	797	796	797	797	797	797	796	798	797	796	797	797	797	797	797	797	797	798	798	798	797	796	797	797	797	797	797	797	797	797	797	797	796
1581	-229661	797	797	798	798	797	797	797	797	797	798	797	797	797	797	798	797	797	797	797	797	797	796	797	797	798	798	797	796	797	797	797	797	796	797	797	797	796	796	796	796	797	797	797	797	797	797	797	797	797	797	797	797	797	797	797	797	796	797	797	797	797	797	797	797	797	797	797	798	797	798	797	798	797	797	797	796	798	797	796	797	797	798	797	797	797	797	798	797	797	798	797	797	797	797	798	797	797	797	797	798	797	798	797	797	797	797	798	798	797	797	797	797	797	797	797	797	797	797	798	797	797	797	797	797	797	797	797	797
1582	-229169	798	798	798	797	798	798	797	798	798	798	798	798	798	798	798	798	798	798	798	798	798	798	797	798	798	798	797	798	798	798	798	798	798	798	798	798	798	798	798	798	798	798	798	798	798	797	798	797	797	798	798	798	798	798	798	797	798	798	798	798	798	798	798	798	798	797	797	797	798	798	798	798	798	798	797	798	798	798	798	797	798	798	798	798	798	798	798	798	798	798	798	798	798	798	798	798	798	798	798	798	798	798	798	798	797	798	798	798	798	798	798	798	797	798	798	798	798	798	797	798	797	798	798	797	798	798	798	797
1583	-228676	798	798	798	799	798	798	798	798	798	798	798	798	798	798	798	798	798	799	798	799	798	798	798	798	798	798	798	798	798	798	798	798	798	798	797	798	799	798	798	798	798	798	798	797	798	798	798	798	798	797	798	798	798	797	797	798	798	798	797	798	798	797	798	798	799	798	798	798	798	798	798	797	798	798	798	798	798	798	798	798	798	798	798	798	799	798	798	798	798	798	798	799	799	798	799	798	798	798	799	798	797	798	798	799	798	798	797	797	798	798	798	798	798	798	798	798	798	798	798	797	798	798	798	798	798	798	798	797
1584	-228184	799	799	799	799	799	799	799	798	799	799	799	799	799	799	799	799	799	798	799	799	799	798	799	799	799	799	798	798	799	799	799	799	798	798	799	799	799	799	798	798	798	799	799	798	799	799	798	799	799	799	799	799	799	799	799	799	799	799	798	798	799	798	799	799	799	798	799	799	799	799	798	798	799	798	797	798	799	799	798	798	799	799	799	798	798	798	798	798	798	799	798	799	798	799	799	799	799	799	799	798	799	799	798	799	799	798	799	799	799	799	799	799	799	798	799	799	799	799	799	799	799	799	798	799	799	799	799	799
1585	-227692	799	800	799	799	799	799	799	799	799	800	799	799	799	800	799	799	799	799	800	800	800	800	800	799	800	799	798	799	800	799	799	799	800	799	799	799	799	800	800	799	799	799	799	799	799	800	799	799	799	800	797	799	799	799	799	800	799	799	799	799	799	800	798	799	798	799	799	799	799	799	799	799	799	799	800	799	799	799	800	800	800	799	799	799	799	799	799	798	799	798	799	799	799	799	798	799	799	799	799	799	799	799	799	799	798	798	799	799	798	798	799	798	799	799	798	799	799	799	799	798	799	798	798	799	799	799	799	799
1586	-227199	800	800	800	800	800	800	800	800	800	799	799	800	800	799	800	800	799	799	799	800	799	799	799	799	800	799	799	799	799	799	799	799	799	800	800	799	799	799	800	800	799	800	799	800	800	800	799	799	800	800	799	800	799	800	799	799	800	799	799	799	799	799	799	800	799	799	800	800	800	800	800	799	800	799	799	799	800	800	799	800	799	799	799	799	799	799	799	800	800	799	800	800	799	800	800	800	800	799	799	799	800	799	799	799	799	799	799	800	799	800	800	800	800	800	800	801	799	800	800	799	800	800	800	800	799	800	800	800
1587	-226707	800	800	800	800	800	800	800	800	800	801	800	800	800	799	800	800	800	800	800	800	800	800	801	800	801	800	801	800	800	801	800	800	800	800	800	800	801	800	800	800	800	800	800	800	800	800	800	800	800	800	800	800	800	800	801	801	801	800	800	800	799	800	800	801	800	800	800	800	800	800	800	800	800	800	800	800	800	800	800	800	800	800	800	800	801	800	800	800	800	800	800	800	800	800	800	800	800	801	800	800	801	800	801	800	800	800	800	800	800	800	800	799	800	800	799	800	800	800	800	800	800	800	800	800	800	800	800	800
1588	-226215	801	801	801	801	801	800	800	801	801	801	800	801	800	801	801	801	800	800	800	801	801	801	800	801	800	801	801	800	801	800	800	800	800	800	800	800	801	800	800	801	800	801	800	801	800	801	801	800	800	800	800	800	801	800	801	800	801	801	800	800	800	800	800	800	800	801	801	801	801	802	801	801	801	801	801	801	800	801	801	801	801	800	800	801	801	801	801	801	801	801	801	801	800	801	800	800	800	801	800	800	800	800	800	800	800	800	800	800	800	800	800	800	800	801	800	800	800	800	800	801	800	800	800	800	800	800	800	800
1589	-225723	802	801	801	801	801	801	801	801	801	801	802	801	801	800	801	801	801	802	801	802	802	802	802	801	802	802	802	802	801	801	801	802	801	801	802	801	802	802	801	802	801	801	801	801	801	802	802	801	801	802	801	802	801	801	802	801	801	801	802	801	801	801	801	801	801	801	801	801	801	801	801	801	801	801	801	801	801	801	801	801	801	801	801	801	801	801	801	800	803	801	801	800	800	800	801	801	801	801	801	801	801	801	801	801	801	801	801	799	801	801	801	801	801	800	801	801	801	801	801	801	802	800	801	801	801	801	801	801
1590	-225230	801	801	802	801	801	802	801	802	801	802	802	802	802	802	802	801	801	803	802	801	801	801	802	801	802	802	801	801	802	802	801	802	801	801	802	802	801	801	802	802	801	801	802	802	801	800	801	801	802	802	801	801	801	802	802	802	802	802	801	802	802	801	801	801	802	802	801	802	801	802	801	801	802	801	802	802	802	801	801	803	802	802	802	802	801	802	803	802	802	802	802	802	802	802	802	802	802	802	802	801	802	802	801	802	802	802	802	802	801	802	802	802	801	801	801	801	801	801	802	801	801	801	801	802	802	801	801	802
1591	-224738	802	801	802	802	801	802	802	803	802	801	802	801	802	802	802	802	801	802	802	802	802	802	802	802	802	801	801	801	802	802	802	802	803	802	802	802	802	803	802	802	801	801	802	802	802	802	801	802	802	802	802	801	802	801	802	801	802	801	802	801	802	801	801	802	802	802	801	801	802	802	801	802	802	802	802	802	801	802	802	802	802	802	802	802	802	802	802	802	802	803	802	802	802	802	803	802	803	803	803	802	802	802	802	802	802	802	802	802	802	803	802	802	802	802	802	803	802	802	803	802	802	802	802	802	802	803	802	802
1592	-224246	803	803	803	803	803	803	803	803	803	803	803	803	803	803	803	803	803	803	804	803	804	803	803	803	803	803	803	803	803	802	803	803	802	803	803	803	802	802	803	802	803	803	803	803	802	803	803	803	803	802	803	803	802	803	802	802	802	803	802	802	802	802	802	802	801	802	802	803	802	802	802	802	803	802	803	803	802	802	802	803	802	802	803	802	802	802	802	803	802	802	801	803	802	803	802	802	803	803	802	803	803	802	803	803	803	803	803	803	802	802	803	802	802	803	803	802	803	802	803	802	802	803	802	802	802	803	803	802
1593	-223753	803	803	803	802	803	803	802	803	802	803	803	802	803	802	803	803	803	803	803	803	803	803	803	803	804	803	804	804	803	804	804	804	803	803	804	804	803	803	804	803	803	803	803	803	804	803	804	803	804	804	803	803	803	803	803	803	803	803	803	803	803	803	804	803	803	803	803	803	803	803	803	803	803	802	802	803	803	803	803	803	803	803	803	803	804	804	803	803	803	803	803	803	803	803	803	803	803	803	803	802	803	803	803	802	803	802	803	803	803	803	803	803	803	804	804	804	803	803	803	803	803	803	803	804	802	803	803	803
1594	-223261	803	803	803	803	803	803	803	804	803	804	804	805	804	804	803	803	803	804	804	804	804	804	804	803	803	804	803	803	803	803	803	803	803	803	803	803	803	803	803	803	803	803	803	803	803	803	803	803	802	802	803	803	803	803	803	803	803	803	803	804	803	804	803	804	803	804	803	803	804	803	804	803	803	803	803	803	804	803	804	804	804	804	803	804	804	804	804	804	804	804	804	804	804	804	804	804	804	805	804	804	804	804	804	804	804	804	803	804	804	804	804	804	804	804	804	804	804	803	803	804	804	803	803	804	804	805	803	803
1595	-222769	804	804	804	804	804	804	805	804	804	804	804	804	804	804	804	804	804	804	804	804	804	804	804	804	804	804	803	804	804	804	804	803	803	804	803	804	804	804	804	804	804	804	804	804	804	804	804	804	804	804	804	804	804	804	805	804	804	805	804	804	804	804	804	804	804	805	804	805	804	804	804	804	804	804	805	804	804	804	804	804	804	804	804	804	804	804	805	805	804	804	803	804	804	804	804	804	804	804	804	804	804	804	803	804	803	803	804	803	804	803	804	803	804	804	804	805	804	805	805	804	804	804	803	804	804	804	804	804
1596	-222276	805	804	805	805	804	804	804	804	804	804	805	804	805	804	804	805	804	805	805	804	804	805	804	804	804	804	804	804	804	804	805	804	805	804	805	805	804	805	804	804	805	804	804	804	804	804	804	805	804	804	806	804	804	804	804	805	804	805	804	804	804	804	804	804	805	804	804	804	805	803	804	804	804	804	805	804	805	805	805	805	805	805	805	805	805	805	805	805	805	805	805	805	804	805	805	804	805	805	805	804	805	804	805	805	804	805	804	805	805	805	805	804	805	805	804	806	804	804	804	804	804	804	804	804	804	804	803	804
1597	-221784	805	805	806	805	805	804	805	805	805	805	804	805	805	805	805	805	804	805	805	805	805	804	804	805	805	804	805	805	805	805	805	805	806	805	806	805	806	806	805	805	805	805	805	805	806	805	806	805	805	805	805	805	805	806	806	805	805	805	805	805	805	805	805	805	805	805	805	805	806	805	805	805	805	805	805	805	805	805	805	804	804	804	804	804	804	805	804	804	804	805	804	804	805	804	805	804	805	805	805	804	805	805	805	804	805	804	804	805	804	805	804	804	805	805	805	805	805	805	805	805	805	805	805	805	805	805	804	805
1598	-221292	806	806	806	806	806	806	806	806	806	806	806	806	806	806	806	806	806	806	806	806	805	805	805	805	806	806	805	806	805	806	806	806	806	806	806	806	806	806	805	806	806	806	806	806	806	806	805	805	805	805	805	806	805	805	805	805	806	806	805	805	806	806	805	805	805	806	805	805	806	805	806	806	805	805	805	806	806	806	806	805	806	805	806	806	805	805	806	805	806	806	806	806	806	806	805	805	806	805	805	804	805	805	805	805	806	805	805	806	805	805	805	806	805	806	805	805	805	805	805	805	805	805	805	805	806	805	805	805
1599	-220799	806	807	807	806	806	807	806	806	805	806	806	807	806	806	806	806	806	806	806	806	806	806	806	807	806	806	806	806	807	806	806	806	805	806	806	806	806	806	806	805	805	806	806	806	806	805	806	806	806	806	806	808	806	806	806	806	806	806	806	806	806	806	806	806	806	806	807	806	806	806	806	806	806	806	806	806	806	806	806	806	806	806	806	806	806	807	807	806	807	806	806	806	806	806	806	806	806	806	806	806	805	806	806	806	806	806	806	806	806	806	806	806	807	806	805	806	806	806	806	806	806	806	806	806	806	806	806	807
1600	-220307	807	806	806	806	806	808	806	806	806	807	806	807	807	806	806	806	806	807	806	806	806	806	806	806	806	805	806	806	806	806	806	806	806	806	806	806	806	806	806	806	806	806	807	806	806	807	806	806	806	806	806	806	806	806	806	807	806	807	806	806	807	806	807	806	806	806	806	806	806	807	806	807	806	807	807	807	807	806	806	807	806	806	807	807	807	807	806	806	807	806	806	806	806	806	806	806	807	806	806	806	806	807	807	807	807	806	807	807	807	806	807	807	806	807	806	807	807	806	806	806	806	806	806	806	806	806	806	807
1601	-219815	807	807	807	807	808	807	807	807	807	807	807	807	807	807	807	807	806	807	807	807	807	807	807	807	807	807	807	807	807	807	807	807	807	807	807	807	807	807	806	806	807	806	807	807	807	807	807	807	806	807	807	806	807	807	808	807	807	808	807	807	807	807	807	807	806	807	806	807	807	807	807	807	807	806	807	807	807	807	807	807	807	807	807	806	807	807	807	807	807	807	806	807	807	806	807	807	807	807	806	807	807	807	807	807	807	807	807	806	807	807	806	807	806	807	806	807	806	807	807	807	807	806	806	807	807	807	807	807
1602	-219323	807	807	807	807	807	806	807	807	807	807	807	807	807	808	808	809	808	807	808	807	807	808	808	808	808	808	808	807	808	807	807	808	808	808	807	808	808	808	808	807	808	808	808	808	808	808	808	808	808	808	808	807	807	807	808	808	808	807	808	807	808	807	807	807	807	807	806	807	807	807	807	806	808	807	807	807	806	807	807	807	807	807	808	807	808	807	807	807	807	808	807	807	807	807	807	807	807	807	807	807	807	807	807	807	808	808	808	807	808	808	808	807	807	807	807	807	807	807	807	808	808	808	807	807	807	808	808	807
1603	-218830	808	807	808	808	808	808	808	808	808	808	808	807	808	807	807	808	807	808	808	808	808	807	808	808	808	808	808	808	808	809	808	808	808	808	808	808	808	808	807	808	808	808	809	808	808	808	808	807	808	808	808	809	808	808	807	808	809	808	808	808	808	809	808	808	809	809	808	808	808	807	808	809	808	808	808	808	809	809	808	809	808	809	808	809	808	808	808	809	808	808	808	808	811	808	808	808	808	809	809	808	808	808	809	809	808	808	808	808	808	808	808	808	808	808	808	808	809	808	808	807	808	808	808	808	808	808	807	808
1604	-218338	809	808	808	809	809	809	809	809	809	808	809	808	808	808	808	809	808	808	808	808	809	809	809	808	808	809	809	808	808	809	809	808	808	808	809	809	808	808	808	808	808	808	808	808	808	808	808	808	809	808	809	809	808	809	808	809	808	808	808	809	808	808	809	808	808	808	809	808	808	809	809	808	808	808	809	808	809	808	809	808	808	808	809	809	809	808	809	808	808	809	809	809	809	808	808	809	809	809	809	808	809	809	809	809	809	809	808	809	809	809	809	809	808	809	809	808	809	809	809	808	808	808	808	809	808	808	808	808
1605	-217846	810	810	809	809	809	809	809	809	809	809	808	809	811	809	810	809	809	809	809	809	809	810	809	809	809	809	809	809	810	808	808	808	809	809	809	809	809	809	809	809	809	808	809	809	809	809	808	809	809	809	809	809	809	809	809	808	808	809	809	809	809	809	809	809	809	809	809	809	808	809	809	809	809	809	809	809	809	809	809	809	809	809	809	809	809	809	809	809	808	809	809	808	809	808	808	808	808	809	808	808	809	809	809	809	808	809	809	809	809	808	809	809	809	809	808	808	809	809	809	809	809	809	809	809	809	809	809	810
1606	-217353	810	811	810	810	810	809	810	810	810	810	810	810	810	810	810	809	809	809	809	810	810	809	809	809	810	809	809	809	810	810	810	809	809	809	809	809	809	809	809	809	809	809	809	809	809	810	809	809	809	809	809	809	809	809	809	809	809	809	810	809	809	809	809	809	809	809	809	809	809	810	809	810	809	809	810	810	810	809	810	810	809	809	809	809	809	809	809	809	810	809	810	809	809	809	809	809	809	810	810	810	810	810	810	810	810	810	810	810	810	810	809	809	809	809	809	809	809	809	810	810	810	810	811	810	810	810	810	810
1607	-216861	810	810	810	810	810	810	810	810	810	810	810	810	811	810	811	810	810	811	810	811	810	810	809	809	810	810	810	809	809	809	810	810	809	809	810	810	810	809	810	810	809	810	810	810	811	810	810	810	810	809	810	810	809	810	810	810	810	810	810	810	810	810	810	810	810	810	810	810	809	810	810	810	809	810	809	810	810	810	810	809	809	810	810	810	810	809	810	810	810	810	809	810	810	810	810	809	810	810	810	810	810	810	810	810	810	810	810	810	809	810	810	809	810	810	810	810	810	810	811	810	810	810	810	811	810	810	809	809
1608	-216369	810	810	810	811	811	811	810	811	811	811	811	811	810	811	810	811	810	810	810	810	810	809	810	810	810	810	810	810	811	810	811	810	810	811	810	811	810	810	811	810	810	810	810	810	810	810	809	810	810	811	810	810	812	811	811	811	811	811	810	811	810	810	811	810	811	810	810	810	811	811	810	810	811	811	811	811	810	811	810	812	811	811	811	811	811	811	811	811	811	811	810	811	810	810	811	811	810	810	811	811	811	811	810	810	810	811	811	810	811	810	810	811	811	811	810	810	810	810	811	810	810	810	810	811	811	810	810	811
1609	-215876	812	812	811	811	812	811	811	811	811	811	811	811	811	811	811	811	811	810	811	811	810	810	810	810	810	811	811	812	811	811	811	811	811	811	811	811	811	811	811	811	811	811	810	810	810	810	809	810	811	811	811	811	810	811	811	811	811	810	811	811	811	811	812	812	812	811	811	811	811	811	810	811	811	811	811	811	811	811	810	811	812	811	811	811	811	811	811	811	811	812	811	811	811	811	811	811	811	811	811	811	811	811	810	811	810	811	810	811	811	811	811	810	811	811	811	811	811	810	811	810	811	811	811	811	811	810	811	811
1610	-215384	811	812	812	812	812	812	812	812	812	812	811	812	812	812	812	811	811	811	812	811	811	812	811	812	811	812	812	812	812	811	812	812	812	811	812	812	811	811	812	811	812	812	811	811	812	812	812	812	811	812	812	812	812	812	812	812	812	812	813	812	812	811	812	812	811	812	812	811	812	812	812	812	812	813	812	812	811	811	812	811	811	811	811	811	811	812	811	811	812	811	811	811	811	811	811	811	811	811	810	811	811	811	811	811	811	811	810	811	811	810	811	811	811	811	812	811	811	811	811	811	811	811	811	810	812	811	811	811
1611	-214892	812	812	813	812	812	813	812	813	812	813	812	812	812	812	812	812	812	811	812	812	812	811	812	812	812	812	812	812	812	813	812	812	811	811	812	812	812	811	812	812	812	812	812	812	812	812	812	811	813	812	812	812	812	812	812	812	812	812	812	812	813	812	811	812	812	812	811	811	812	812	812	812	811	812	812	812	812	812	812	811	812	812	812	811	812	812	811	811	811	812	811	811	811	812	811	811	811	811	811	812	811	811	811	812	811	812	811	812	811	811	812	811	811	811	811	812	811	812	812	811	812	811	811	812	812	811	812	812
1612	-214399	813	813	813	812	812	813	812	813	813	813	812	812	812	812	813	813	812	812	813	812	813	813	812	813	813	812	812	813	813	813	813	812	813	812	813	813	812	813	812	813	813	813	812	812	813	813	812	813	812	814	813	812	812	812	812	812	812	812	813	812	812	813	812	812	813	812	813	812	813	813	812	813	812	813	812	812	812	811	812	811	812	812	812	813	812	812	812	812	812	812	812	812	812	812	812	812	812	812	812	812	813	812	812	812	812	813	812	812	812	812	812	812	813	812	812	812	812	812	812	812	812	812	812	812	812	812	812	812
1613	-213907	812	813	813	812	812	813	812	813	813	812	813	813	812	813	813	813	813	813	813	813	813	813	813	813	813	813	812	813	813	812	813	812	812	812	813	813	813	813	813	813	813	813	813	814	813	813	813	813	814	813	813	813	813	813	814	813	813	813	813	813	813	813	813	812	813	813	813	813	813	813	812	813	813	813	813	813	813	812	813	813	813	813	813	813	813	813	813	813	814	813	813	812	813	814	813	813	813	814	813	813	813	813	813	813	813	813	813	813	813	813	813	813	812	813	813	813	813	813	814	813	813	813	813	813	813	814	814	813
1614	-213415	813	813	813	814	814	813	814	814	813	814	813	813	813	814	813	814	814	813	814	813	813	813	813	813	813	814	814	813	814	813	814	813	813	814	813	814	813	814	813	813	813	813	813	813	813	813	813	813	813	813	814	813	814	813	814	814	812	813	814	813	813	813	813	813	813	814	813	814	813	814	813	814	813	814	814	814	814	814	813	813	814	814	813	814	813	813	813	813	813	814	813	814	814	814	816	814	813	814	814	814	814	814	814	813	814	814	813	814	813	813	813	813	814	811	814	814	814	813	813	813	813	813	813	813	813	813	813	813
1615	-212923	814	814	814	814	814	814	814	814	814	815	814	814	814	814	814	814	814	814	815	814	815	814	814	815	814	814	814	814	814	814	814	815	814	814	814	814	814	814	814	814	814	814	814	813	814	814	814	813	814	814	814	814	813	814	814	814	814	814	814	814	814	814	814	814	814	814	814	815	814	815	814	815	815	815	815	815	814	815	815	814	815	814	815	814	814	814	814	814	814	814	814	814	814	814	814	815	814	814	814	814	814	814	814	814	814	813	815	814	814	814	814	814	814	815	814	814	815	814	814	814	813	814	813	813	814	814	814	813
1616	-212430	814	815	814	815	815	815	814	814	814	814	814	814	814	814	814	814	814	813	814	814	814	814	814	815	814	814	815	814	815	814	814	814	814	815	814	815	814	814	814	814	815	815	814	815	814	815	815	814	814	814	815	815	814	814	814	815	814	814	815	814	815	814	814	815	815	814	813	814	814	814	814	813	815	813	814	814	813	814	814	815	814	814	815	814	815	814	814	814	815	814	814	814	814	814	815	815	815	815	814	815	814	814	815	814	814	815	815	814	815	815	814	815	814	815	815	814	815	814	814	815	815	815	814	815	814	814	814	814
1617	-211938	815	815	815	815	816	815	815	815	815	815	815	816	815	816	815	815	815	815	815	816	815	815	815	816	815	815	815	814	815	815	815	815	815	815	815	815	815	815	815	815	815	815	815	815	815	815	815	815	814	815	815	814	814	815	815	815	814	815	814	815	814	815	815	815	815	815	815	815	815	815	815	815	815	815	815	815	815	815	815	815	815	815	816	815	815	815	815	815	815	815	815	814	815	815	815	815	815	815	815	815	815	814	815	815	815	815	815	815	814	815	814	814	815	815	814	815	815	815	815	815	814	815	815	815	815	814	815	815
1618	-211446	814	815	815	816	815	815	815	815	815	815	815	815	815	815	815	815	815	815	815	815	815	815	816	815	816	815	815	815	815	815	815	815	815	815	815	815	816	815	815	816	815	815	815	815	815	816	815	816	815	816	816	815	815	815	816	816	815	815	815	816	816	816	816	816	816	816	816	816	816	816	816	816	815	816	816	816	815	815	816	816	816	816	816	816	816	815	815	815	815	816	816	815	816	815	815	816	815	816	815	815	815	815	816	816	815	815	815	815	815	815	815	815	815	815	815	815	815	815	815	816	815	815	816	815	815	815	815	816
1619	-210953	816	815	815	815	816	816	816	815	815	815	815	816	815	815	816	815	816	815	815	815	815	815	815	815	816	815	815	816	816	815	816	816	816	816	815	816	816	816	816	816	816	816	816	816	815	817	816	816	816	816	816	816	816	816	816	816	816	816	816	816	816	816	816	816	816	816	816	816	816	816	815	816	816	816	816	816	816	816	816	816	816	816	816	815	816	816	816	815	815	815	816	816	815	816	816	816	816	815	816	816	816	816	816	816	816	816	816	816	816	816	816	816	816	816	816	816	815	816	816	816	816	815	815	815	815	816	815	816
1620	-210461	816	816	816	815	816	816	816	816	817	816	816	816	816	817	816	817	816	816	817	817	817	816	816	817	817	817	817	817	817	817	817	817	816	817	817	817	816	817	817	817	817	817	816	817	816	816	816	816	816	816	816	816	816	817	816	816	816	816	816	817	817	816	816	816	816	816	816	816	816	816	816	816	816	816	817	817	816	816	817	816	816	816	816	817	816	817	816	816	817	815	817	816	816	816	816	816	816	816	816	816	817	816	816	816	817	817	817	817	817	816	816	816	816	816	816	816	816	816	816	816	816	816	816	816	816	816	816	815
1621	-209969	817	817	817	817	816	817	817	817	817	817	816	817	816	817	816	817	816	817	816	816	816	817	817	817	816	817	816	817	818	817	818	817	817	818	817	817	816	817	818	817	818	817	817	817	817	817	817	817	817	817	817	817	817	817	817	817	817	817	818	817	817	817	817	817	817	817	817	817	817	816	817	816	816	817	817	816	816	817	817	816	817	817	816	817	817	817	817	817	817	817	817	818	817	817	817	816	817	817	817	817	817	817	817	817	816	817	817	817	817	816	817	817	816	817	817	817	817	817	817	817	817	817	816	816	816	816	816	816
1622	-209476	816	817	817	817	817	817	817	816	816	816	817	816	816	816	817	817	816	817	817	817	817	817	817	817	817	817	817	817	817	817	817	817	817	816	817	817	817	817	817	817	817	817	818	817	818	817	816	817	817	818	816	816	817	817	817	817	817	817	817	817	817	817	818	817	817	817	817	817	817	817	817	817	817	817	817	817	817	817	817	817	818	817	817	817	817	817	817	817	817	817	817	816	817	817	817	817	817	817	817	817	818	817	817	817	818	817	818	818	818	818	818	817	818	818	818	818	818	818	817	817	817	818	818	817	817	817	817	818
1623	-208984	818	818	818	818	818	818	818	818	818	818	818	818	817	818	817	817	817	818	818	817	817	817	818	817	817	818	817	818	817	818	818	817	818	818	818	818	817	818	817	818	818	817	818	818	818	818	818	818	818	818	817	818	818	817	818	818	818	818	818	818	818	818	818	818	818	818	818	817	818	818	817	818	818	817	818	817	818	818	818	818	817	817	816	817	817	817	818	818	817	817	817	818	817	818	817	817	818	818	818	818	818	818	818	818	818	818	817	818	818	818	818	818	818	818	818	817	818	818	818	818	818	817	819	818	818	819	818	818
1624	-208492	818	818	818	818	818	818	818	818	818	817	818	818	817	818	817	817	818	818	818	817	817	817	818	818	817	818	817	817	818	818	818	818	818	818	818	818	817	818	818	818	818	817	818	818	818	818	818	819	818	818	819	818	818	819	818	818	818	819	818	818	818	818	818	818	819	819	819	818	818	818	818	819	819	818	818	818	818	818	819	819	818	818	818	818	818	818	818	818	818	818	818	819	818	818	818	818	818	819	817	818	817	818	818	817	818	818	818	818	818	818	818	818	818	818	818	819	819	819	819	818	819	819	819	819	819	818	819	819
1625	-207999	819	818	819	819	819	819	819	819	819	819	819	819	819	819	819	819	818	819	819	819	819	819	819	819	819	819	819	819	819	819	819	819	819	820	819	819	819	819	819	819	819	819	819	819	819	819	819	818	819	819	819	820	819	819	819	819	819	819	819	819	819	819	818	819	819	819	819	819	819	819	818	818	819	819	819	820	819	819	820	819	820	819	819	819	819	820	819	820	819	818	820	819	820	819	819	819	819	819	820	819	819	819	819	819	819	819	819	819	819	818	819	819	819	819	819	818	818	819	819	819	819	819	819	819	819	819	819	819
1626	-207507	820	820	820	820	820	820	820	819	820	820	820	820	820	820	820	819	820	820	820	820	820	818	819	820	820	819	819	820	819	819	819	820	820	820	820	819	820	819	820	820	820	820	820	819	820	819	819	819	819	820	820	819	820	819	820	819	819	819	819	820	820	819	820	820	820	819	819	820	820	820	819	819	819	819	819	819	819	819	819	819	819	819	819	819	819	819	820	819	819	819	819	819	819	819	819	819	819	820	819	819	819	820	819	819	819	819	819	819	819	819	819	819	819	819	819	819	818	819	819	819	819	819	820	819	818	819	819	819
1627	-207015	820	820	820	819	820	820	820	820	820	820	820	820	820	819	820	820	820	819	820	820	820	820	819	820	820	820	820	820	820	820	820	820	820	820	820	820	820	820	820	820	820	820	820	820	820	819	819	820	820	820	820	820	819	820	820	820	820	819	820	820	820	821	820	820	820	820	820	819	820	820	820	820	819	820	820	820	820	820	821	820	820	820	819	820	820	820	820	820	820	819	819	820	820	820	819	820	819	819	820	820	819	819	819	820	820	820	819	820	819	819	819	819	820	819	819	820	820	820	819	820	820	820	820	819	820	820	819	820
1628	-206523	820	820	820	820	820	820	819	820	820	820	820	820	820	821	820	821	820	820	820	820	821	821	821	820	820	820	820	820	821	820	820	820	820	821	821	820	820	821	820	820	820	820	821	820	820	822	821	821	820	820	820	821	821	821	821	821	820	821	821	821	821	821	821	820	821	820	820	821	821	821	820	820	820	821	820	820	820	820	821	821	820	820	820	820	820	820	820	819	820	820	820	820	820	820	819	820	820	820	820	820	820	820	820	820	820	820	821	820	820	820	820	820	820	820	820	820	821	820	820	820	820	820	820	820	820	820	821	820
1629	-206030	820	820	821	821	820	821	821	821	820	821	821	821	820	821	820	821	821	821	821	821	822	821	821	821	821	821	821	821	822	821	821	821	821	821	821	821	821	820	822	820	821	821	822	822	821	821	821	821	822	821	821	820	821	821	821	821	820	820	821	820	821	820	821	820	820	820	820	821	821	820	820	820	821	820	820	821	820	820	821	821	821	821	821	821	821	821	822	821	820	820	821	821	821	821	821	821	821	821	821	822	821	821	821	821	821	821	821	821	821	821	821	821	821	821	821	821	821	821	822	822	821	821	821	821	821	821	821	821
1630	-205538	821	821	821	821	821	821	821	821	821	822	821	821	822	822	821	821	821	821	821	821	821	822	822	820	822	821	822	821	821	821	821	821	821	821	822	821	821	821	821	822	822	822	822	822	822	822	822	822	822	822	821	821	822	821	821	821	821	821	821	822	822	821	821	821	821	822	822	822	822	822	822	822	822	821	821	821	821	821	821	821	821	820	821	821	821	821	821	821	821	821	821	821	821	821	821	821	821	821	821	821	821	822	821	821	821	821	822	821	821	821	821	822	820	821	822	821	822	821	821	821	821	821	821	821	822	821	822	821
1631	-205046	822	822	823	822	822	822	822	822	821	821	822	822	821	821	821	821	822	822	821	822	822	823	822	822	822	822	822	821	821	822	822	822	821	822	822	822	822	821	822	822	820	822	822	822	822	822	822	822	822	822	822	823	822	822	822	822	822	822	822	822	822	822	822	822	823	822	822	822	822	822	822	821	821	822	822	822	821	821	822	821	822	821	822	822	821	821	821	822	821	822	821	821	822	822	822	821	821	821	821	821	822	822	822	822	822	822	822	823	822	822	822	822	822	822	822	822	822	822	822	822	821	822	822	822	822	822	822	822
1632	-204553	822	822	823	822	822	822	823	823	823	822	823	822	824	823	823	822	822	823	823	821	822	822	822	822	822	822	822	822	822	822	821	822	822	823	823	822	823	822	824	822	822	822	822	822	822	822	822	822	822	822	822	823	822	822	822	822	823	823	823	822	822	823	822	822	823	822	823	822	823	822	823	822	822	822	822	822	822	822	822	822	822	822	822	822	822	823	822	822	822	822	822	822	822	822	822	823	821	822	822	822	823	823	822	823	822	823	823	823	823	822	823	823	824	823	823	823	822	822	823	822	823	823	822	822	822	823	823	823
1633	-204061	823	824	823	823	824	823	823	823	823	823	823	823	823	823	822	823	823	822	823	823	823	823	823	823	823	824	823	823	823	823	823	822	823	823	823	823	822	822	823	823	822	823	823	822	823	822	823	823	823	823	823	823	823	823	823	823	822	822	823	823	822	822	823	823	823	823	823	823	823	823	823	823	824	823	823	823	822	823	823	823	823	823	823	822	823	823	823	823	823	823	823	823	823	823	823	823	823	823	823	823	823	823	823	823	823	823	823	822	823	823	822	823	823	823	823	823	823	823	822	822	823	823	822	823	823	823	823	822
1634	-203569	824	824	824	824	824	824	825	824	824	823	823	824	824	824	824	823	823	823	823	823	823	823	823	824	823	823	824	823	824	823	823	824	823	824	823	823	823	823	823	823	824	823	824	823	823	823	823	823	823	823	824	823	823	824	824	823	823	823	823	823	823	823	823	823	823	823	823	823	823	823	823	823	824	823	823	823	824	823	823	823	823	823	823	823	823	823	823	823	823	823	823	823	824	824	823	823	823	823	824	824	823	823	823	823	824	824	823	824	823	823	823	823	823	822	823	823	823	823	823	823	823	823	823	823	823	823	824	823
1635	-203076	824	823	824	824	823	823	824	824	824	823	823	824	824	823	823	824	824	824	823	824	824	823	824	823	824	824	823	823	824	824	824	824	824	824	824	823	824	823	823	824	824	823	823	823	824	823	823	824	823	823	824	823	823	823	824	824	823	823	824	824	823	824	823	824	824	823	824	824	824	824	824	824	824	824	824	824	824	823	824	824	824	824	824	824	824	824	824	824	824	824	824	824	824	824	824	824	824	824	824	823	823	823	823	823	823	824	824	823	823	823	824	823	824	823	824	823	824	824	823	824	824	824	824	824	824	824	824	824
1636	-202584	824	825	824	824	824	825	824	824	824	824	825	824	824	824	825	825	825	824	824	825	824	825	824	824	824	824	824	824	824	824	824	824	824	824	824	824	823	824	824	824	824	824	824	823	824	824	824	824	824	824	824	823	824	824	824	824	824	824	824	824	824	824	824	824	824	824	824	824	824	824	824	824	824	825	824	825	824	825	824	824	824	824	825	824	825	824	824	824	824	824	824	824	824	825	824	824	824	824	824	824	824	825	824	824	824	824	824	824	824	824	824	824	824	824	824	824	825	824	824	824	825	825	824	824	824	824	825	824
1637	-202092	825	824	825	825	824	824	825	825	825	824	825	825	825	825	825	824	824	825	824	825	824	824	825	824	824	825	824	824	824	824	825	824	825	825	825	825	825	825	824	825	824	824	824	824	824	824	824	825	824	824	824	824	825	824	824	824	824	824	824	824	823	824	824	824	824	824	825	824	824	824	824	824	824	824	825	824	824	824	825	824	824	824	825	824	824	825	824	824	825	825	824	824	825	825	825	825	825	824	824	825	824	824	824	825	824	824	824	824	825	824	825	824	824	824	824	824	824	824	824	825	824	825	824	825	825	825	824	824
1638	-201599	825	825	825	826	825	825	826	826	826	825	825	826	826	825	825	825	826	825	825	825	825	825	826	825	825	825	825	825	825	826	826	825	825	825	825	825	825	825	825	825	825	826	826	825	826	825	825	825	825	825	825	825	825	825	825	825	825	825	825	825	826	824	825	825	825	826	825	825	825	825	826	825	825	825	825	825	825	825	825	825	825	825	825	825	825	825	825	825	825	825	825	826	825	824	825	826	825	825	824	826	825	825	825	824	825	825	825	825	825	825	825	824	825	825	825	824	824	825	824	824	825	825	825	824	825	825	824	825
1639	-201107	826	826	826	826	826	827	826	826	826	826	826	826	826	825	826	826	826	825	825	825	825	826	826	826	825	825	826	825	826	826	826	825	825	825	826	825	825	826	825	825	826	826	825	826	825	826	826	826	826	826	827	826	826	826	826	826	826	825	826	826	827	825	826	826	826	826	826	826	826	826	827	826	826	826	826	826	826	826	826	826	826	826	826	826	826	826	825	826	826	826	826	826	826	826	826	826	826	826	826	826	826	825	826	826	827	826	825	826	827	826	825	825	826	825	827	826	826	826	826	827	826	826	826	826	826	826	826	825
1640	-200615	827	827	826	826	826	826	827	827	826	826	826	827	826	826	826	826	827	826	826	826	826	826	827	826	827	826	827	826	827	827	826	827	826	826	826	827	826	826	826	826	826	826	826	826	826	827	825	827	826	826	826	825	826	826	826	826	825	826	826	826	826	825	826	826	826	826	826	826	827	826	826	826	827	826	826	825	826	826	826	826	825	825	826	825	826	825	825	825	825	826	826	826	826	826	826	826	826	825	826	826	825	826	826	826	826	826	826	826	825	825	826	826	826	828	826	825	826	826	826	826	826	826	827	826	826	826	826	826
1641	-200123	826	826	826	826	827	826	826	826	826	826	827	826	827	827	827	826	826	827	827	827	826	827	827	827	827	827	827	827	826	827	827	827	827	827	827	827	827	826	826	827	826	827	827	827	827	827	827	827	827	827	827	827	827	827	827	826	827	827	826	826	826	827	827	827	827	826	827	826	826	827	826	827	827	827	826	827	827	827	827	826	827	827	827	827	827	826	827	826	827	827	827	827	827	827	827	827	827	827	827	826	827	827	827	826	827	827	827	827	827	827	827	827	827	826	826	827	827	827	827	826	827	827	827	827	826	827	827	826
1642	-199630	827	827	827	828	827	827	827	827	827	828	827	827	827	827	827	827	827	827	827	827	827	827	827	826	827	827	827	827	828	827	827	827	827	827	828	827	827	827	827	827	827	827	827	827	827	827	828	826	827	828	828	827	828	828	828	828	827	828	828	828	827	828	827	827	828	828	828	827	827	827	827	827	827	827	827	827	827	827	827	827	827	828	827	828	828	827	827	828	827	827	827	828	827	826	827	827	827	827	827	827	826	827	828	827	825	827	827	827	826	827	826	827	827	827	827	827	827	827	827	827	827	827	827	827	827	827	827	828
1643	-199138	827	827	827	827	827	827	827	827	828	827	828	828	827	827	827	827	828	828	827	827	828	828	828	827	828	828	828	828	828	828	827	828	828	827	827	827	828	828	828	827	828	828	827	827	827	828	827	828	827	828	827	828	828	828	828	828	828	828	828	827	828	827	827	827	827	828	827	827	827	827	828	828	828	828	828	828	828	828	828	828	828	827	828	828	827	828	827	828	828	828	828	827	827	828	828	828	828	828	828	828	827	828	828	827	828	827	828	827	827	828	828	828	827	827	827	827	827	828	827	827	827	827	827	827	828	827	828	827
1644	-198646	829	828	828	828	828	828	828	828	828	828	828	828	829	829	828	828	828	828	828	828	829	829	828	828	828	829	828	829	828	829	829	829	828	828	829	829	828	829	828	829	829	829	828	828	829	828	829	828	828	828	829	830	829	829	829	829	829	828	829	828	828	828	828	828	829	828	828	828	828	828	829	829	829	828	828	829	828	828	829	828	828	828	828	828	828	828	828	827	828	828	828	828	828	828	828	828	828	827	828	828	829	828	828	828	828	828	828	828	828	828	828	828	828	827	828	828	828	828	828	828	828	828	828	828	828	828	828	828
1645	-198153	829	829	828	828	830	829	829	829	829	829	828	829	829	829	829	828	829	829	829	829	829	829	829	829	829	829	829	828	829	829	829	829	829	829	829	829	829	829	829	829	829	829	829	829	829	829	829	829	829	829	829	829	829	830	828	829	829	829	829	829	829	828	829	829	829	829	829	828	828	829	829	829	829	829	829	828	829	829	828	829	829	828	829	829	828	828	828	828	828	828	829	828	828	829	828	829	828	829	829	828	828	829	829	829	829	829	829	829	828	829	829	828	829	828	828	829	828	829	828	829	829	829	829	829	829	829	829	829
1646	-197661	830	830	830	829	829	829	829	829	830	829	829	829	829	830	829	830	829	829	829	829	829	829	829	829	828	829	829	829	828	829	829	830	830	829	829	829	829	829	829	829	829	829	829	829	829	830	830	831	829	830	829	829	829	829	829	829	829	829	829	829	829	829	829	829	829	829	828	829	829	829	829	830	829	830	830	830	829	830	829	830	830	829	829	829	829	829	829	829	829	829	829	830	829	828	829	829	829	829	830	830	829	829	829	829	830	830	829	829	829	830	829	829	829	829	829	829	829	829	830	830	830	830	830	829	830	830	829	830
1647	-197169	829	829	830	830	830	829	829	830	830	829	829	829	830	829	830	829	830	829	829	829	830	829	829	830	830	829	830	830	830	830	830	830	830	829	830	829	830	830	830	829	830	830	830	829	829	830	830	830	829	830	830	830	829	829	830	830	830	830	831	831	830	830	830	830	831	830	830	830	831	830	830	831	830	830	830	830	829	829	829	829	828	829	829	829	829	829	829	829	829	829	829	829	829	829	829	830	829	829	829	829	830	829	829	829	829	829	829	829	829	829	829	829	829	829	830	829	830	830	829	830	829	829	829	829	829	829	829	829
1648	-196676	830	830	830	830	829	830	830	830	830	831	830	831	830	831	830	830	831	831	831	830	831	830	830	830	830	830	830	830	830	830	830	830	830	830	830	830	830	830	830	830	830	830	830	829	830	830	830	830	830	829	830	830	830	830	830	829	830	830	830	830	830	830	830	830	830	830	830	830	830	829	830	830	830	830	830	829	830	830	830	830	830	830	830	830	830	830	830	831	830	830	830	830	830	830	830	830	830	830	830	830	831	831	830	830	830	830	831	830	830	830	830	831	830	830	831	830	830	830	831	831	830	831	830	830	830	830	830	830
1649	-196184	832	831	831	831	830	831	830	831	831	831	831	830	831	831	831	831	831	831	831	831	831	831	831	831	831	831	831	831	831	831	831	831	831	831	832	831	831	831	831	831	831	831	831	831	831	832	831	831	830	831	831	831	831	831	831	832	831	830	831	831	831	831	831	831	830	831	831	831	831	831	831	831	831	831	831	832	831	831	831	831	830	831	830	830	831	830	831	831	831	830	830	831	830	831	831	831	831	831	831	831	831	831	831	830	831	830	831	831	831	830	831	831	831	831	831	831	831	831	831	831	831	831	831	831	831	831	831	831
1650	-195692	831	831	832	831	832	831	831	831	831	831	832	831	830	830	831	831	831	830	831	831	831	831	832	831	831	831	832	831	831	831	831	830	831	831	831	831	831	832	831	832	831	831	832	831	831	831	832	831	832	832	831	831	832	831	832	831	831	831	831	831	831	831	831	831	831	831	831	831	831	831	832	831	831	831	831	831	831	831	831	831	832	831	831	831	831	831	831	831	831	831	831	831	832	831	832	831	831	831	831	832	831	831	831	832	832	831	832	831	832	832	832	832	833	831	832	831	831	831	832	831	830	831	831	832	831	831	831	831
1651	-195199	831	831	832	831	831	832	832	832	832	832	832	832	832	832	831	831	831	832	831	831	831	831	832	831	832	832	832	831	831	832	832	832	832	832	832	832	832	832	832	832	832	831	832	832	832	831	831	830	832	832	831	832	832	832	832	831	832	832	832	832	832	832	832	832	832	832	832	832	832	832	832	831	831	831	832	831	831	832	831	832	831	832	832	831	831	831	831	832	831	831	832	831	831	831	831	831	831	831	832	831	832	832	832	832	831	832	832	831	832	832	832	831	832	832	832	832	832	831	832	832	833	832	832	832	832	832	831	832
1652	-194707	833	832	832	833	832	833	832	832	832	832	832	832	832	832	832	830	832	832	832	832	832	832	832	832	832	832	832	832	832	831	832	831	832	832	832	832	832	832	833	832	832	832	832	832	832	833	832	832	832	832	832	832	832	832	832	832	832	832	832	832	832	832	832	833	832	832	832	833	832	833	832	832	831	832	832	832	832	832	832	832	832	832	832	832	832	832	832	832	832	832	832	832	831	831	832	832	832	832	832	831	832	833	832	832	832	832	833	832	832	832	833	832	832	832	831	832	832	832	832	832	832	832	832	833	832	833	832	832
1653	-194215	832	833	832	833	833	833	833	833	832	833	833	833	833	833	833	833	833	833	833	832	833	833	832	833	832	833	832	834	833	832	833	833	833	833	832	833	833	833	833	833	832	832	833	833	832	833	833	832	832	832	832	832	832	832	832	833	832	833	832	832	833	833	833	833	833	833	833	833	832	833	833	833	833	832	833	833	833	833	833	832	833	832	833	833	833	833	833	833	833	833	833	833	833	833	833	833	833	832	832	833	833	833	833	832	833	832	833	832	833	833	833	833	833	832	832	832	832	833	833	833	832	832	832	833	833	832	832	832
1654	-193723	833	833	833	833	833	833	833	833	834	833	833	833	833	834	833	833	833	834	833	834	833	834	833	833	833	833	833	834	833	833	833	833	833	833	833	832	833	833	833	833	833	833	833	833	833	833	833	833	833	833	833	833	833	833	833	833	833	833	834	833	833	833	833	834	833	833	833	832	833	833	834	833	833	833	833	833	833	833	833	833	833	833	833	833	833	833	833	833	833	832	833	833	832	833	833	833	832	833	833	833	833	833	833	833	833	833	833	834	834	833	833	833	834	833	833	833	833	833	833	833	834	834	834	833	833	833	834	834
1655	-193230	833	833	833	834	834	834	834	833	833	834	834	833	834	834	834	834	833	834	834	834	834	833	834	833	834	833	834	834	834	834	834	833	833	834	834	834	833	834	834	834	834	834	833	834	834	834	834	834	833	834	834	834	834	834	834	834	834	834	834	834	834	834	834	833	833	834	834	833	833	833	833	834	833	833	833	833	833	834	833	834	833	834	833	833	833	834	833	834	833	833	833	833	833	833	833	833	833	833	833	833	833	833	834	833	833	833	834	834	834	833	834	834	834	834	834	834	834	833	834	833	833	834	833	834	833	833	833	833
1656	-192738	835	834	834	835	834	835	835	834	834	834	834	834	834	834	834	834	835	835	834	834	834	834	834	834	835	835	834	834	833	834	834	834	834	833	834	834	834	834	834	834	834	835	835	834	833	834	835	834	834	834	834	833	834	834	833	834	834	833	834	834	834	835	833	835	834	834	833	834	834	834	834	834	834	834	833	834	834	834	834	834	833	834	833	834	834	834	834	835	834	834	834	834	834	835	834	834	834	834	835	834	834	835	834	834	834	834	834	834	834	835	834	834	834	834	834	834	834	834	834	834	834	834	834	833	833	834	834	834
1657	-192246	835	835	834	835	835	835	834	834	834	835	834	834	834	834	835	834	835	835	834	835	835	834	835	834	834	835	835	834	834	834	834	835	834	834	834	834	834	834	835	834	835	835	835	834	835	835	835	834	835	835	834	834	834	834	834	835	835	834	835	835	835	835	835	835	835	835	835	835	835	835	835	835	834	834	835	835	834	834	835	835	835	835	834	834	835	835	834	833	834	834	834	834	834	834	834	834	834	834	835	835	834	835	835	835	835	835	835	834	835	835	835	834	834	835	834	834	834	835	835	835	835	835	835	835	835	834	834	834
1658	-191753	835	835	835	835	835	835	835	835	835	835	835	835	835	835	835	835	835	836	835	835	835	836	835	835	836	836	836	836	836	836	836	835	836	835	835	836	836	835	835	835	834	836	836	835	836	835	835	836	836	836	835	836	836	835	836	835	835	835	835	835	836	835	835	835	835	835	836	835	835	835	835	835	835	835	835	835	835	835	835	835	835	835	835	835	834	835	835	834	834	835	835	835	835	835	835	835	835	835	835	835	835	836	835	834	835	835	835	835	835	835	835	835	835	835	835	835	835	835	835	835	835	835	835	836	835	835	836	835
1659	-191261	836	835	835	835	835	835	835	836	836	835	835	836	836	836	835	836	836	836	836	836	836	836	836	836	836	837	836	836	836	836	836	836	836	836	836	836	835	836	836	835	836	835	836	835	835	835	835	836	835	836	835	835	836	835	835	836	835	836	835	835	835	835	836	836	835	835	835	835	835	835	835	835	835	835	836	836	836	836	836	835	835	836	836	836	835	835	835	836	836	835	835	836	836	836	836	835	836	835	836	836	835	836	837	836	836	836	836	836	836	836	835	836	836	835	836	836	836	836	836	836	835	836	836	836	835	836	836	836
1660	-190769	836	836	836	836	835	836	836	836	836	836	836	836	836	835	836	836	836	836	836	836	836	836	836	836	836	836	836	836	836	836	836	835	835	836	836	836	836	836	836	836	836	836	835	836	836	836	837	836	836	837	836	836	836	836	837	836	836	836	836	836	836	837	836	836	836	836	837	836	837	836	836	836	836	837	836	836	836	836	836	836	836	836	835	836	836	836	836	836	836	836	836	836	836	836	836	836	835	836	836	836	836	835	836	835	835	836	835	836	835	836	836	836	836	835	836	836	836	835	836	836	836	836	836	836	836	836	836	836
1661	-190276	837	836	836	836	836	836	837	837	837	836	836	836	836	836	836	836	837	836	836	836	836	837	836	836	837	836	837	837	837	836	837	836	837	837	837	836	835	836	836	837	836	836	837	836	836	836	836	837	837	837	837	836	837	837	837	838	837	837	837	837	837	837	836	837	837	837	837	837	837	837	837	837	837	837	836	837	837	837	837	836	836	837	837	837	837	838	837	837	837	837	837	836	837	837	837	836	837	836	836	836	837	837	836	836	837	837	837	837	837	837	837	837	837	837	837	836	837	837	836	836	836	836	836	837	837	837	837	837
1662	-189784	837	837	837	837	837	837	837	837	836	837	837	837	837	837	837	837	837	837	837	838	837	837	838	837	837	837	838	837	837	838	838	837	837	838	837	837	838	837	837	837	837	837	837	837	837	837	837	837	837	837	837	836	836	836	836	837	837	836	836	836	837	837	837	837	836	837	837	837	837	837	837	836	837	837	837	837	837	837	837	837	838	837	836	837	837	837	837	837	837	837	838	838	837	837	838	837	837	837	837	838	837	838	838	837	838	838	838	838	838	838	838	837	838	838	838	838	838	838	838	838	837	837	838	837	837	837	837	837
1663	-189292	838	838	838	838	838	838	839	838	838	839	838	838	838	839	838	838	838	838	838	838	838	838	838	838	837	838	838	838	838	837	838	838	838	838	838	837	837	838	837	838	838	837	838	837	838	837	838	837	837	837	837	837	837	838	837	837	838	838	838	838	838	838	838	838	838	838	838	837	838	837	837	838	837	838	837	837	837	837	838	837	837	838	838	838	837	838	838	838	838	838	838	838	837	838	837	838	838	838	837	837	837	837	838	838	837	838	837	837	837	837	838	838	837	838	838	838	837	838	837	838	838	838	837	837	837	837	838	837
1664	-188799	838	839	838	839	838	838	838	838	838	838	838	838	837	838	838	838	838	838	838	839	839	839	838	839	839	838	838	838	839	838	838	838	837	838	838	837	838	838	838	838	839	838	838	839	838	838	838	838	838	838	838	838	838	839	838	839	838	839	839	838	838	838	839	838	838	839	838	839	838	839	839	838	838	839	838	838	838	838	838	838	838	838	838	838	838	838	838	839	838	838	838	838	838	839	838	838	838	837	838	838	837	838	838	839	838	838	838	838	838	838	838	838	838	839	839	838	839	839	839	839	838	838	839	839	839	838	839	838
1665	-188307	839	839	839	838	839	838	839	838	838	838	839	839	839	838	838	839	838	838	838	838	837	839	839	838	838	838	838	839	839	838	838	838	839	839	838	838	839	838	838	839	838	839	838	839	839	838	839	839	839	838	838	839	839	839	839	839	839	839	839	839	839	840	839	839	839	838	839	839	839	839	839	839	839	839	838	839	839	839	838	838	839	838	838	838	838	839	838	838	838	838	839	839	838	839	839	839	838	838	838	838	838	838	839	838	838	839	839	838	838	838	838	838	839	838	839	838	839	839	839	839	839	839	839	838	839	838	839	838
1666	-187815	839	839	839	839	839	839	839	839	840	840	839	839	839	839	840	839	840	839	839	839	840	839	839	839	839	840	839	839	839	839	839	839	839	839	839	839	839	839	839	839	839	839	839	838	838	839	839	839	839	839	839	839	839	839	839	839	839	839	839	839	839	839	839	839	838	839	839	839	839	839	839	839	839	839	839	839	839	839	839	839	839	839	839	839	839	839	839	839	839	838	839	839	839	839	839	839	839	839	839	840	839	838	839	839	839	840	840	839	839	839	839	839	839	839	839	838	839	839	839	839	839	839	838	839	839	839	839	839
1667	-187323	839	839	840	839	839	840	839	839	840	839	839	839	840	839	840	839	839	839	840	839	839	839	839	839	840	839	840	839	839	840	840	839	839	839	840	840	840	839	839	840	839	840	839	840	840	839	840	839	840	840	839	839	840	839	839	840	840	839	839	839	840	840	839	839	839	840	840	840	839	839	840	839	839	840	839	840	839	839	839	839	840	840	840	839	839	839	839	839	839	839	839	839	839	839	839	839	840	840	839	839	839	840	839	839	839	839	839	839	840	840	839	839	839	839	839	839	839	840	840	840	840	840	840	840	840	840	839	840
1668	-186830	840	839	840	840	840	840	840	840	840	840	840	840	840	840	840	840	840	840	840	840	840	840	840	840	840	840	840	840	841	840	840	840	839	840	840	840	841	840	840	840	841	840	840	839	840	840	840	840	840	840	840	841	840	840	839	840	840	840	840	840	840	839	839	839	840	840	840	839	840	840	840	839	840	839	839	840	839	840	839	840	840	840	840	839	839	840	840	839	839	839	840	839	840	840	839	839	840	840	840	840	840	840	839	840	840	840	839	840	841	839	840	840	840	840	839	840	840	840	840	839	840	840	840	840	840	840	839	839
1669	-186338	841	841	841	841	840	841	840	841	840	840	841	841	841	841	841	840	841	840	840	841	840	840	840	840	840	840	840	841	840	840	840	840	840	840	840	840	840	841	841	840	841	841	840	841	840	841	841	841	841	841	841	841	841	841	841	842	842	841	841	841	842	841	841	841	840	842	841	840	841	840	841	840	840	841	841	841	840	840	840	840	841	840	840	840	840	840	841	841	840	841	840	840	840	840	840	839	839	840	840	840	840	840	840	840	841	840	840	840	840	840	840	840	840	840	840	840	841	839	840	840	840	840	840	840	840	840	840	840
1670	-185846	841	841	841	842	841	841	841	841	841	842	841	842	841	842	841	841	842	841	841	841	841	841	841	842	841	841	841	841	841	841	841	841	841	841	841	840	841	841	841	841	841	841	842	841	841	841	841	841	841	841	841	842	841	842	841	841	842	841	840	841	841	841	841	841	840	841	841	841	841	841	840	841	841	841	841	841	841	841	841	842	841	841	842	841	841	841	841	841	841	841	840	840	841	841	841	840	841	841	841	841	841	841	840	841	841	841	841	841	841	841	841	842	841	840	841	841	841	840	841	841	841	841	841	840	840	840	840	840
1671	-185353	842	842	842	842	841	841	841	841	841	841	841	842	841	841	841	841	841	841	841	841	841	841	840	841	841	841	840	840	840	841	841	841	841	841	841	841	841	842	841	841	842	841	841	841	842	841	841	841	841	842	842	841	841	842	842	842	842	842	842	842	843	842	842	843	842	842	841	841	842	841	842	842	841	842	842	842	842	841	842	842	842	841	841	842	841	841	841	841	841	841	841	841	841	841	841	841	841	841	841	841	842	842	842	841	841	841	841	842	841	841	841	840	841	841	841	841	841	841	841	841	842	842	841	843	841	841	841	841
1672	-184861	842	842	842	843	842	842	842	843	843	842	843	842	842	842	843	843	842	842	842	842	842	842	842	842	842	842	842	842	842	842	842	841	842	841	842	842	842	842	841	842	842	842	842	842	841	842	842	842	842	842	841	842	842	842	842	841	842	842	841	842	843	842	841	841	842	841	842	842	841	842	842	842	842	842	842	841	842	842	842	841	842	842	842	842	842	842	842	842	842	842	842	842	842	843	842	842	842	843	843	843	842	842	842	843	841	842	842	842	842	842	842	841	842	842	842	842	842	843	842	842	842	842	842	842	842	842	842	842
1673	-184369	843	842	843	842	842	843	843	843	842	843	843	843	843	843	843	843	843	843	843	842	843	843	843	842	843	843	843	843	843	843	843	843	843	843	844	843	844	843	843	843	842	843	842	841	842	842	842	842	842	842	842	842	843	842	843	842	842	843	842	843	843	843	843	843	843	842	842	842	842	842	842	843	843	842	842	843	843	842	843	843	843	843	842	842	842	842	843	842	842	842	842	841	842	843	842	842	842	842	843	842	843	843	843	843	843	842	842	842	842	842	842	842	843	843	842	842	842	842	842	842	842	842	842	842	842	842	842	842
1674	-183876	842	842	843	842	843	843	842	843	842	842	843	843	843	843	843	842	842	843	842	843	843	843	843	844	843	843	842	843	843	842	843	843	843	843	843	843	843	843	843	843	843	843	843	844	843	842	843	843	843	843	843	843	843	843	844	843	843	843	843	843	843	843	844	843	844	843	843	843	843	843	843	843	843	843	843	843	843	843	842	843	843	843	843	843	844	843	843	843	843	843	843	843	843	843	843	843	843	842	842	843	843	843	843	843	843	843	843	843	843	843	843	843	844	842	843	843	843	843	842	842	842	842	842	843	842	842	843	842
1675	-183384	844	843	843	844	844	843	844	843	844	844	843	843	843	844	843	843	843	844	843	843	843	843	844	844	844	844	843	844	844	843	844	843	844	844	844	845	843	844	844	844	844	844	844	843	844	844	844	843	844	844	843	843	843	844	844	844	844	843	844	844	844	844	843	844	844	844	844	844	844	844	844	844	843	844	843	844	844	844	844	844	844	844	844	844	843	844	844	844	844	844	844	844	844	843	844	844	844	843	843	843	844	844	844	843	843	844	844	843	844	843	844	844	843	844	844	844	844	844	844	843	844	844	843	844	843	844	843	843
1676	-182892	844	844	844	844	844	845	844	844	844	844	844	844	844	844	844	844	844	845	844	845	844	844	844	844	845	844	844	844	843	844	844	844	843	844	844	844	844	844	844	844	844	844	844	844	844	844	844	844	844	844	844	844	843	844	844	844	844	844	844	843	844	844	843	844	843	844	844	843	844	844	844	844	844	844	844	844	844	844	844	844	844	844	844	844	844	844	844	844	844	844	844	844	844	845	843	844	844	844	844	844	844	844	844	844	844	845	844	844	844	844	844	844	845	845	844	846	844	845	844	844	844	844	844	844	845	845	844	844
1677	-182399	845	844	844	844	845	844	844	844	844	844	844	845	845	845	844	844	845	845	845	845	844	844	844	845	845	845	844	845	845	844	845	845	845	844	845	844	844	845	844	844	844	845	845	844	844	844	844	844	844	844	844	844	844	844	844	844	844	844	844	844	844	844	844	844	844	844	844	844	844	844	844	845	845	845	844	844	845	845	845	844	844	845	845	845	844	845	845	845	845	845	844	845	845	845	844	845	845	844	845	845	845	845	845	845	845	845	844	844	845	844	845	844	844	845	844	845	845	845	845	844	844	845	845	844	845	844	844	844
1678	-181907	845	845	845	845	845	845	845	845	845	845	845	845	846	845	845	845	845	845	845	845	845	845	845	845	844	845	845	845	844	844	845	845	845	845	845	845	845	845	845	845	845	844	845	845	845	845	845	844	844	844	846	845	845	845	845	845	845	846	845	845	845	845	845	845	845	846	845	846	845	845	845	845	845	845	845	844	845	845	845	845	845	845	845	844	845	845	845	845	845	845	845	845	845	845	844	844	845	845	844	844	844	844	845	844	845	845	845	845	845	845	845	845	844	845	844	845	845	845	845	844	844	844	844	845	845	845	845	845
1679	-181415	846	845	845	846	846	846	846	846	847	846	846	846	846	846	845	846	846	846	846	845	846	845	845	845	845	845	845	845	845	846	845	846	845	846	846	846	846	845	845	845	845	845	845	845	846	845	845	846	845	845	846	845	845	845	845	845	846	845	845	845	845	845	845	845	846	845	845	845	845	846	845	845	845	845	846	846	845	846	845	846	846	845	846	846	846	846	846	845	846	846	846	846	846	846	846	846	846	846	846	846	846	845	845	846	846	845	845	845	846	846	845	845	845	846	845	846	845	846	846	845	845	845	846	846	845	845	845	845
1680	-180923	846	846	847	845	846	846	846	846	846	846	845	845	845	845	846	846	845	845	845	846	846	844	845	846	846	846	845	846	846	846	845	846	845	846	846	846	846	846	846	846	846	846	846	845	846	846	846	846	846	846	846	846	846	846	846	846	846	845	846	846	845	846	846	846	845	846	847	846	846	846	845	845	845	846	846	845	846	846	845	846	846	845	845	845	846	846	846	845	846	846	846	846	846	846	846	846	846	846	847	846	846	845	846	846	846	846	846	846	846	847	846	846	846	846	846	846	846	846	846	846	847	846	846	846	846	846	846	846
1681	-180430	847	847	846	847	847	847	847	847	847	846	846	847	847	847	847	846	847	847	847	847	847	848	847	847	847	847	846	846	847	846	847	846	847	847	847	846	846	846	847	847	847	847	846	847	846	847	847	847	847	846	847	847	845	847	846	847	847	846	847	846	847	846	846	847	846	847	846	846	846	846	847	846	846	846	846	846	846	846	846	846	846	846	846	846	846	846	847	847	846	846	846	846	847	846	847	847	847	847	846	847	847	846	846	847	847	847	846	847	846	846	847	847	847	846	847	846	846	847	847	847	847	846	846	846	846	846	846	846
1682	-179938	847	847	848	847	847	847	847	847	847	847	847	847	847	847	846	846	847	847	847	847	847	847	847	847	847	847	847	847	847	847	847	847	847	847	847	847	847	846	847	846	847	847	847	847	847	847	847	847	847	847	847	847	847	847	847	847	847	847	847	847	846	847	847	847	847	846	847	847	847	847	847	847	847	846	847	847	847	846	847	846	847	847	847	847	847	847	847	847	846	847	847	847	847	847	847	847	847	847	848	847	847	847	847	848	847	848	847	847	847	847	847	848	847	847	847	847	847	847	847	848	847	846	847	847	847	847	847	847
1683	-179446	848	848	848	848	848	848	847	848	847	847	847	847	847	847	847	847	847	847	847	847	847	847	847	848	847	847	847	847	847	847	847	847	847	847	847	847	847	847	847	847	847	848	847	847	847	846	847	847	847	847	847	847	847	847	847	847	847	847	848	847	847	847	847	847	847	847	848	848	848	848	848	848	847	848	847	847	847	847	848	847	847	847	848	846	848	847	847	847	847	847	847	847	847	847	847	848	848	847	847	847	848	847	847	847	847	848	847	847	847	847	848	848	847	847	848	848	848	848	847	847	848	847	848	847	848	848	848	847
1684	-178953	848	848	848	848	848	848	848	848	847	848	848	848	849	848	848	848	848	848	848	848	848	848	848	848	848	847	847	848	848	848	848	847	848	849	848	848	848	848	848	848	848	848	848	848	848	848	849	848	848	848	848	848	848	848	848	848	848	848	848	849	848	848	848	848	848	848	848	848	848	848	848	848	848	848	848	848	848	848	848	848	848	848	848	848	848	848	848	847	848	849	847	848	848	848	848	848	848	848	848	847	847	847	848	848	848	848	847	848	848	848	848	848	847	848	847	847	848	847	847	848	848	848	848	847	848	848	848	848
1685	-178461	848	848	848	849	849	848	848	848	849	848	849	848	848	849	849	848	848	849	848	848	848	848	848	848	848	848	849	849	849	849	849	848	848	848	849	848	848	848	848	848	848	848	848	848	848	848	848	847	847	848	848	848	848	848	849	848	848	848	848	848	849	849	848	848	848	848	848	848	848	848	849	848	848	848	849	849	848	848	848	849	849	849	848	848	848	849	849	848	848	847	848	848	848	848	848	848	848	848	847	847	847	848	848	848	848	848	849	848	848	848	848	848	848	848	847	848	849	848	848	848	848	848	848	848	848	848	848	848
1686	-177969	849	849	849	849	848	849	849	849	849	849	849	849	849	849	849	848	849	849	849	849	849	849	849	850	849	849	849	849	849	848	849	849	849	849	849	849	849	849	849	849	850	850	849	849	849	849	849	849	850	849	849	849	849	849	849	849	850	849	849	849	849	849	849	849	849	849	849	849	848	849	849	849	850	849	849	849	849	849	849	849	849	849	849	849	849	849	849	848	849	849	849	849	850	849	849	849	849	849	848	849	849	848	849	849	849	849	849	849	849	849	850	849	849	849	850	850	849	850	849	849	850	849	849	849	849	849	849	849
1687	-177476	849	849	849	850	850	849	849	849	849	850	849	849	849	849	849	849	849	849	850	849	849	849	849	849	849	849	849	850	850	850	850	849	850	849	849	850	849	849	849	849	849	849	849	849	849	849	848	850	849	849	849	849	849	849	849	849	849	849	848	849	849	849	849	849	849	850	850	849	850	850	850	849	849	850	850	850	849	849	850	850	850	849	849	849	850	850	850	850	849	849	849	850	850	850	850	850	850	849	850	850	850	849	850	849	849	849	849	849	849	849	850	850	849	850	849	849	850	850	849	849	850	849	850	849	849	849	850	849
1688	-176984	849	850	850	850	849	850	849	850	850	850	850	850	850	850	850	850	850	850	850	849	849	849	850	849	850	850	850	850	850	850	850	850	850	850	850	851	850	850	850	850	851	850	851	850	850	849	850	850	850	850	850	850	849	850	850	850	850	850	850	850	850	850	850	850	850	850	850	849	849	849	850	850	849	850	849	850	850	850	850	850	850	850	850	849	850	850	850	850	850	850	850	850	851	850	851	850	850	851	850	850	850	850	850	850	850	851	851	850	850	851	850	850	850	850	851	850	850	850	850	851	850	850	850	850	850	850	850	850
1689	-176492	850	850	851	851	850	850	850	850	850	850	850	850	850	849	850	850	850	851	850	850	850	850	850	850	850	850	849	850	850	850	850	849	850	850	850	850	850	850	850	851	851	850	850	850	850	851	849	851	851	850	851	850	850	850	851	850	850	850	850	851	850	851	850	851	851	851	851	851	851	850	850	850	851	850	850	850	850	850	850	850	850	850	850	850	850	851	852	850	851	851	850	851	850	850	850	850	851	850	850	850	850	850	850	850	851	850	849	850	850	850	850	851	850	850	850	850	850	850	850	850	850	850	851	851	850	851	850	851
1690	-175999	851	850	851	851	851	851	851	851	851	851	850	851	851	851	851	850	851	851	851	851	851	851	851	851	851	851	851	851	850	851	851	851	851	851	851	850	851	851	851	851	851	851	851	850	851	851	851	851	851	851	850	851	851	851	851	850	851	851	851	851	850	850	850	851	851	852	851	851	851	851	851	851	852	851	851	851	851	851	851	851	851	851	851	851	850	851	851	850	850	851	851	851	851	851	851	851	851	851	851	851	851	851	851	851	851	850	851	851	850	851	851	851	851	851	851	851	851	852	851	851	851	851	851	851	851	851	851	851
1691	-175507	851	852	852	852	852	852	852	852	851	851	852	852	852	852	852	852	851	852	852	852	851	852	851	851	851	852	851	851	851	851	851	851	851	851	852	851	851	852	851	852	852	852	851	852	851	851	851	851	851	852	851	851	851	851	851	851	851	851	851	851	851	851	851	852	851	851	851	851	852	851	851	852	852	852	852	851	851	852	851	851	852	852	852	851	851	851	851	851	851	852	852	851	851	851	851	851	851	851	851	851	851	851	852	851	851	851	852	851	851	851	851	851	850	851	851	851	851	851	851	852	851	851	851	851	851	851	851	850
1692	-175015	852	852	852	851	852	851	852	852	851	852	852	852	851	852	852	852	852	852	852	852	851	852	852	852	852	852	852	852	852	852	852	852	852	852	852	852	852	853	852	852	852	852	852	852	852	852	852	852	852	852	852	853	852	852	851	852	852	852	852	852	852	852	852	852	852	852	852	852	852	852	852	852	852	852	853	852	852	853	852	853	853	853	852	853	852	853	852	852	852	852	852	852	852	852	852	852	851	853	852	852	853	853	853	852	852	852	852	852	853	852	852	852	852	852	852	853	852	852	852	852	852	851	852	852	852	851	851	851
1693	-174523	852	852	852	852	853	853	852	851	852	852	852	853	852	852	853	852	852	852	852	852	852	852	852	852	852	852	852	852	852	852	853	852	852	853	852	853	853	853	852	853	852	852	853	852	853	852	853	852	852	852	853	852	851	852	853	853	853	853	852	852	852	852	852	852	852	852	852	852	852	852	852	853	853	852	853	853	852	853	852	853	852	853	852	852	852	852	852	853	852	852	852	852	853	852	853	852	853	852	853	852	853	853	853	853	853	853	852	852	853	853	852	853	852	853	852	853	852	852	852	852	853	852	853	853	852	853	853	852
1694	-174030	852	853	853	854	853	853	853	852	852	853	853	852	853	852	853	853	853	853	852	853	852	852	853	853	853	853	852	852	853	853	852	852	852	853	853	853	853	853	852	853	853	852	852	853	853	853	853	852	853	853	853	852	853	852	853	853	852	852	852	853	852	853	852	853	852	853	852	851	852	852	853	853	852	853	853	852	853	852	853	853	853	853	852	853	852	852	853	853	853	852	853	853	852	853	853	853	853	853	853	853	853	852	853	853	853	853	853	852	853	853	853	853	852	853	853	853	853	853	853	853	853	853	854	853	853	853	853	853
1695	-173538	853	854	853	853	853	853	853	854	853	854	853	853	853	854	853	853	853	854	854	853	853	853	853	853	853	854	853	853	853	853	854	854	854	853	854	853	853	853	853	854	853	853	854	854	853	853	853	853	854	854	853	853	854	853	853	854	853	853	853	853	853	853	853	853	853	853	853	853	853	853	853	853	853	853	853	853	853	852	854	853	854	853	853	854	853	853	854	853	853	853	853	854	854	853	853	853	854	853	853	853	853	853	853	853	853	854	854	854	853	854	854	854	854	853	854	853	853	854	854	854	853	853	853	853	853	853	853	853
1696	-173046	854	854	854	853	853	854	854	854	854	853	854	853	854	854	854	854	854	853	853	854	854	854	854	853	854	854	854	854	854	854	853	854	853	854	854	854	854	854	854	854	854	854	854	854	854	854	854	854	854	854	853	854	854	853	854	854	854	854	854	854	854	854	854	854	855	854	854	855	853	854	854	854	854	854	854	854	854	854	854	854	853	854	854	854	854	854	854	854	853	854	854	854	854	854	854	854	854	854	854	854	854	854	854	854	854	854	854	854	854	853	854	854	854	854	854	854	854	854	854	854	853	854	854	854	854	854	854	854
1697	-172553	854	854	854	854	854	854	854	854	855	855	854	854	854	854	854	855	854	854	854	854	854	854	854	854	854	854	854	854	854	854	854	854	854	854	855	855	855	855	854	854	855	855	855	855	855	854	854	855	854	854	854	854	854	854	854	854	854	854	854	855	854	854	854	854	854	854	855	855	854	854	854	854	854	854	854	854	854	854	854	854	854	854	854	855	854	854	855	854	854	854	855	854	855	855	854	854	854	854	854	854	855	854	854	855	855	855	854	854	854	854	855	854	854	854	855	854	854	854	854	855	854	854	854	854	854	854	854	855
1698	-172061	855	854	855	855	854	855	854	854	855	855	856	855	855	855	855	855	855	854	855	855	855	854	854	855	855	854	855	855	855	855	855	855	855	854	855	854	854	855	855	854	855	855	855	855	854	855	855	855	855	856	855	855	856	855	855	855	854	855	855	855	855	854	855	855	855	855	855	856	855	855	855	855	856	855	855	855	855	856	855	855	856	855	855	855	855	855	855	855	855	855	855	855	855	855	855	855	856	855	855	855	855	855	855	855	855	855	855	855	855	855	855	855	855	855	855	855	855	855	855	855	855	855	855	855	855	855	855	855
1699	-171569	855	855	855	856	855	855	856	855	856	855	855	855	856	855	855	855	856	855	855	855	855	855	855	855	855	856	855	855	855	855	855	855	855	855	855	855	855	855	855	855	855	855	855	855	855	855	855	855	855	855	855	856	855	855	855	855	855	855	855	855	855	855	856	855	856	855	856	855	855	856	855	856	855	856	855	855	855	855	856	855	855	855	855	855	855	855	855	855	856	856	855	856	855	855	856	855	856	855	855	856	855	856	856	855	855	855	856	855	855	855	855	855	855	855	855	856	856	855	856	856	855	856	855	856	856	855	855	856
1700	-171076	856	856	856	856	856	856	856	856	856	856	856	856	856	856	856	856	856	856	855	856	856	856	856	856	856	856	856	856	856	856	856	856	856	856	856	856	856	856	855	856	856	856	856	855	856	855	856	855	855	856	856	855	855	856	855	855	856	856	856	855	856	855	856	856	856	855	856	855	856	856	856	856	856	856	856	856	856	855	856	856	856	856	856	856	856	856	856	856	856	856	856	855	856	856	855	855	855	856	855	856	856	856	855	856	856	855	856	856	855	856	856	856	856	855	856	855	855	855	855	856	856	855	855	855	855	855	855	855
1701	-170584	856	856	857	856	856	856	855	857	856	857	856	857	856	856	856	857	857	856	856	856	856	857	856	856	857	857	857	857	856	856	856	857	856	857	856	856	857	856	856	857	856	856	856	856	856	856	857	857	856	856	856	856	857	856	856	856	856	856	856	856	856	856	856	855	856	856	856	856	856	856	856	856	856	856	856	857	856	856	856	856	856	855	858	856	856	856	856	856	856	856	856	856	856	856	856	856	856	856	857	856	856	855	856	856	856	856	856	856	856	856	856	856	856	856	856	857	856	856	856	856	857	856	857	856	856	856	856	857
1702	-170092	857	856	856	856	856	856	857	857	856	856	857	857	856	856	856	857	857	856	856	856	857	857	857	857	857	857	857	857	857	857	857	856	857	857	857	857	857	857	856	857	856	857	857	856	856	856	857	857	857	857	857	856	857	857	857	856	856	856	856	857	856	856	857	856	856	856	856	856	856	856	856	856	857	857	857	856	857	857	857	857	856	857	857	857	857	856	856	857	857	857	856	856	856	856	857	856	856	856	856	856	857	857	857	858	857	857	857	856	857	856	856	857	856	857	858	857	857	857	857	857	856	857	857	857	856	857	856	856
1703	-169599	857	857	858	857	857	858	857	857	857	857	857	858	858	857	857	857	858	859	857	857	857	857	858	857	857	857	857	857	857	857	857	857	858	857	857	858	858	857	857	857	857	857	858	857	857	857	856	857	858	857	857	859	857	857	857	857	857	857	857	858	858	857	857	857	857	857	857	857	857	858	857	858	857	857	858	857	857	858	857	858	858	857	857	857	857	857	857	857	857	857	858	858	858	857	857	858	858	858	857	858	858	857	857	858	857	857	858	858	857	857	858	857	857	858	857	857	858	857	857	857	857	857	858	857	858	857	857	857
1704	-169107	857	857	857	858	858	858	858	857	857	857	857	858	858	858	858	857	857	857	857	858	857	858	857	857	857	857	857	857	858	857	857	857	857	857	857	858	858	857	857	858	858	857	858	858	857	858	857	857	857	857	858	858	857	858	858	858	857	857	858	857	858	858	857	858	858	858	858	858	858	858	858	858	858	858	858	859	858	858	858	858	858	858	857	857	858	858	858	858	857	858	857	857	858	857	857	858	858	858	858	858	859	857	857	857	858	858	857	858	857	858	858	857	858	858	858	857	858	857	858	858	858	857	858	858	858	858	857	858
1705	-168615	857	857	858	858	857	857	858	857	857	857	858	858	858	857	858	858	858	858	858	858	858	858	858	858	858	858	858	858	859	858	858	859	858	858	858	858	858	858	857	858	858	858	857	858	858	858	858	857	858	858	858	858	858	858	858	858	858	858	858	858	858	858	858	858	857	858	858	858	858	857	858	858	858	858	858	858	858	859	858	858	859	858	858	858	858	859	858	858	858	858	858	858	858	858	858	859	859	859	858	858	858	859	859	859	858	859	858	859	858	858	859	859	858	859	858	859	859	859	858	858	859	859	859	859	859	859	859	859
1706	-168123	859	859	859	859	859	859	860	859	859	859	859	859	859	859	859	859	859	859	859	859	859	860	859	859	860	859	860	859	859	859	859	859	859	859	858	859	859	859	859	859	859	859	859	859	858	859	858	858	859	858	859	858	858	859	859	859	858	858	859	858	859	858	858	858	858	858	858	859	858	859	858	859	859	859	859	859	859	859	859	859	859	859	859	858	859	859	859	860	859	860	859	859	859	860	859	859	859	859	859	859	859	859	859	859	859	859	859	859	860	859	859	859	859	860	859	859	859	859	858	859	859	859	858	859	859	858	859	858
1707	-167630	858	859	859	859	859	859	860	860	859	859	859	860	860	859	859	859	860	860	860	860	860	859	860	860	859	860	859	859	859	860	860	859	859	860	860	860	859	859	860	859	859	860	859	859	859	859	859	859	859	859	859	859	859	859	860	859	859	859	859	860	859	860	859	859	860	859	859	859	859	859	859	859	860	859	860	859	859	859	859	859	859	859	859	859	859	859	860	859	859	860	859	860	860	859	859	859	860	859	859	860	859	859	859	859	859	859	860	860	859	859	859	859	859	859	859	859	859	859	860	859	859	859	859	860	859	859	860	859
1708	-167138	860	860	860	859	859	860	859	860	859	859	860	860	860	859	860	860	860	859	860	859	859	859	859	859	859	859	859	859	859	860	859	859	859	859	859	860	859	860	860	860	860	860	860	860	859	860	860	860	860	859	859	860	860	859	860	860	860	860	860	860	860	860	860	860	860	860	860	860	860	859	860	859	860	860	859	860	859	859	860	860	860	860	860	860	860	859	860	860	860	860	860	860	860	860	860	859	860	860	860	860	860	860	860	860	859	860	860	860	860	860	860	860	860	860	860	860	859	860	860	860	860	860	860	860	859	860	860	860
1709	-166646	860	859	860	860	860	860	860	860	861	861	860	860	860	860	860	860	860	861	860	861	860	860	861	860	860	860	860	861	861	860	861	862	861	861	861	860	861	860	860	860	860	860	860	860	860	860	860	860	860	860	859	860	860	860	860	861	861	861	861	860	860	860	860	860	860	859	860	860	860	860	860	860	860	860	860	860	861	860	860	860	860	860	860	860	860	860	860	860	859	860	860	860	859	860	860	860	860	860	860	860	860	860	860	860	860	860	859	860	860	861	860	860	860	861	860	860	860	860	860	860	861	860	860	860	860	860	860	860
1710	-166153	861	860	861	860	860	860	860	861	860	860	860	860	861	861	861	861	860	861	860	860	861	861	861	861	861	860	861	861	861	861	860	860	861	861	861	861	861	861	860	861	861	861	861	861	861	861	861	860	860	861	860	861	861	860	861	861	861	861	860	861	861	861	860	859	860	860	861	861	861	860	861	860	860	861	860	861	861	860	861	860	861	861	861	861	861	861	861	860	861	861	861	861	861	861	861	861	861	861	861	860	860	860	860	860	861	861	860	860	860	860	861	860	861	860	861	861	860	861	861	860	860	860	861	860	861	861	861	860
1711	-165661	860	861	861	860	861	861	861	861	861	861	861	862	862	861	861	862	861	861	861	861	861	861	860	861	861	862	861	861	861	860	862	862	862	862	861	862	862	862	862	862	861	862	862	862	861	862	861	861	862	861	861	861	861	861	861	861	861	862	861	862	861	861	862	862	861	862	861	861	862	862	861	861	861	861	862	861	861	862	861	860	861	861	861	861	861	861	861	862	862	861	861	861	861	861	862	861	861	861	862	861	861	861	862	861	862	862	861	862	861	862	861	861	861	862	862	861	861	861	861	861	861	861	861	861	862	861	861	861
1712	-165169	862	862	862	862	862	862	862	862	862	862	862	862	862	862	862	862	862	861	861	862	862	862	862	862	862	862	862	862	862	862	861	862	861	862	862	861	862	861	862	861	861	862	862	862	862	862	861	861	862	862	862	862	862	862	861	862	862	862	862	862	862	862	862	862	862	862	862	862	862	862	862	862	862	861	862	861	862	862	862	862	861	862	862	861	862	861	862	861	861	861	862	861	861	861	861	862	862	862	861	861	861	861	861	861	862	861	861	861	861	862	861	861	861	861	862	861	862	861	861	861	862	862	861	861	862	862	862	862
1713	-164676	862	863	862	862	862	863	862	861	862	863	862	862	862	863	862	862	863	862	862	862	862	862	862	862	862	862	862	862	862	861	862	862	863	862	862	862	862	862	862	862	862	862	862	862	862	862	862	862	862	862	862	862	862	862	863	862	862	862	863	862	862	863	862	863	863	863	862	863	863	862	862	862	862	862	863	862	862	862	863	862	862	862	863	863	863	863	863	863	863	863	863	862	863	862	863	863	862	862	862	862	862	862	862	862	862	862	862	862	862	862	862	862	862	862	862	862	862	862	863	862	862	863	862	862	862	862	862	862
1714	-164184	862	862	862	862	862	862	862	862	863	862	862	862	862	862	862	862	862	862	862	862	862	862	862	862	862	863	863	862	862	862	862	862	862	863	862	862	862	862	863	862	862	862	863	863	862	862	862	862	862	862	862	862	862	862	863	862	862	863	862	863	863	863	862	863	862	862	862	862	862	862	862	862	862	862	862	862	863	863	862	863	862	863	862	863	863	862	863	863	862	862	863	863	863	863	863	863	863	863	863	863	862	863	862	862	863	863	862	863	863	862	862	862	862	863	863	863	863	863	863	863	863	863	864	863	863	862	863	862
1715	-163692	864	863	863	863	864	863	863	863	863	863	863	864	863	863	863	863	863	863	863	863	863	863	863	863	863	863	863	863	863	863	863	864	864	863	863	862	863	863	863	863	863	863	863	864	863	863	863	864	863	864	863	862	863	863	864	863	863	863	863	863	863	863	863	863	863	863	863	864	864	863	863	863	864	863	863	863	863	863	863	863	863	863	863	863	863	863	863	863	863	862	863	863	863	863	863	862	862	862	863	863	862	862	863	863	863	864	863	863	863	863	863	863	863	863	863	863	863	864	864	864	863	863	864	863	864	863	863	864
1716	-163199	863	863	863	863	863	864	863	864	864	864	864	864	864	864	864	864	864	864	864	864	864	864	864	864	864	864	864	864	864	864	864	864	864	864	864	864	864	864	864	864	864	864	864	863	863	864	864	864	863	863	864	864	864	864	864	864	864	864	864	864	864	864	863	864	863	864	863	864	863	863	863	863	864	864	864	864	864	864	864	864	864	864	864	864	864	864	864	865	864	864	864	864	864	864	865	864	864	864	864	864	864	864	864	864	864	864	864	864	864	864	864	863	864	864	864	864	864	863	864	864	863	863	863	864	863	863	863	863
1717	-162707	864	864	864	864	864	864	864	864	864	864	864	865	864	864	863	864	864	864	864	864	864	864	864	864	864	864	864	864	865	864	864	864	865	864	865	864	864	864	864	864	864	864	864	864	864	864	864	865	864	864	864	864	865	864	864	865	865	865	865	865	865	865	865	865	865	865	864	864	864	864	864	864	864	864	864	864	864	865	864	864	864	864	864	864	864	864	865	864	864	864	864	864	864	864	864	864	864	864	864	864	864	864	864	864	864	864	864	864	864	864	864	864	864	864	864	864	863	864	864	864	864	864	864	864	864	864	864	864
1718	-162215	865	865	865	865	865	865	865	865	865	865	865	865	865	865	865	865	864	865	865	864	864	865	865	865	865	865	865	865	865	865	865	865	865	864	865	865	865	864	864	864	865	864	864	864	864	865	865	865	865	865	865	865	864	865	865	865	865	864	865	865	865	865	864	865	865	865	865	864	865	865	865	865	865	865	864	865	865	865	864	865	865	865	864	864	865	864	864	864	864	865	865	864	864	864	864	865	864	864	865	865	864	865	865	864	865	865	865	864	864	865	865	864	864	864	864	865	864	864	864	864	865	864	865	864	864	865	865	865
1719	-161723	865	865	866	865	865	865	865	866	865	865	865	865	866	865	865	865	865	865	865	865	865	865	865	865	865	865	865	865	865	865	865	865	865	864	865	864	865	864	865	866	865	865	865	865	865	865	865	865	865	865	866	865	865	865	865	865	864	865	865	865	865	865	865	865	865	864	865	865	865	865	865	865	865	865	865	865	866	866	865	865	865	864	865	865	865	865	865	866	865	866	866	866	866	865	866	866	865	865	865	865	866	865	866	865	866	866	865	865	866	866	866	866	865	865	866	865	866	865	865	866	865	865	865	865	865	865	865	865
1720	-161230	865	865	866	866	866	865	865	866	865	866	865	865	866	866	866	866	865	865	865	865	866	865	866	866	866	865	865	866	866	866	866	866	866	866	865	866	865	865	866	866	865	866	865	865	866	866	866	866	865	866	866	866	865	866	866	866	866	865	865	866	865	866	865	865	865	865	865	866	865	865	865	865	865	865	865	865	865	866	865	865	865	866	865	865	865	866	865	865	866	865	866	865	866	865	865	866	865	865	865	865	864	865	865	866	865	865	865	866	866	865	866	866	866	865	866	865	865	866	866	865	865	865	865	866	865	865	866	866
1721	-160738	866	865	865	865	865	866	865	866	866	866	866	866	866	866	866	866	866	865	866	865	866	865	866	866	866	866	866	866	866	865	865	866	865	867	866	866	866	866	866	866	866	865	866	866	866	866	866	866	866	865	866	867	867	866	866	866	867	867	866	866	865	866	866	866	866	866	866	866	866	866	866	866	866	866	866	867	866	866	866	866	866	866	867	866	866	866	866	866	866	866	867	866	866	866	866	866	866	866	866	867	866	866	866	866	867	866	867	866	866	866	867	866	866	867	865	866	867	866	867	866	867	866	865	867	867	866	866	866
1722	-160246	866	867	867	866	867	867	867	867	867	866	867	867	867	866	867	867	867	867	867	867	867	866	867	867	867	867	867	867	867	867	866	867	867	867	866	867	866	866	867	867	867	867	866	867	867	867	867	867	867	867	867	867	867	867	867	866	866	866	867	867	867	867	867	867	867	867	867	867	867	867	867	867	866	867	867	867	867	867	866	867	866	866	866	866	867	867	866	866	866	867	866	867	867	866	867	866	866	866	866	867	866	866	866	867	866	866	866	866	866	867	866	867	866	867	867	866	866	866	867	867	866	867	867	866	867	866	866	867
1723	-159753	867	867	867	868	867	867	867	867	868	868	867	867	867	868	867	867	867	867	867	867	867	867	866	867	868	867	867	867	867	867	867	867	867	867	867	867	867	867	867	867	867	867	867	867	868	868	868	867	867	868	867	867	868	867	867	867	867	867	867	867	867	867	867	867	867	867	867	867	867	867	867	867	867	867	867	867	867	867	867	867	867	867	867	867	867	867	867	867	867	866	867	867	867	867	867	867	867	868	867	868	866	867	867	867	867	867	867	867	866	867	867	867	867	867	867	867	867	867	868	867	867	867	867	868	867	867	868	867
1724	-159261	867	868	867	867	867	868	867	867	868	867	867	868	868	868	867	868	867	868	868	868	867	868	868	868	868	867	868	868	868	868	868	868	868	867	867	868	867	868	868	868	867	868	868	867	867	867	867	867	867	867	867	867	867	867	867	867	867	867	867	867	867	868	868	868	867	867	868	867	867	867	868	868	868	867	867	867	867	867	867	867	868	867	867	867	867	867	868	868	868	868	868	868	867	869	868	868	868	868	867	867	868	868	867	867	867	867	867	867	867	867	867	868	867	867	867	867	867	867	867	867	867	867	867	867	867	868	867	867
1725	-158769	867	868	868	868	868	868	868	868	869	869	868	868	868	868	868	868	868	868	868	868	868	868	869	868	869	868	869	869	868	869	868	868	868	868	868	868	868	868	868	868	868	868	868	868	869	868	868	868	868	869	868	868	867	868	868	869	868	868	868	868	868	868	868	868	868	868	868	867	868	868	868	868	868	868	868	868	869	868	868	868	868	869	869	868	869	868	868	869	868	869	868	868	868	868	868	868	869	868	868	869	868	869	868	868	868	868	868	868	868	868	868	868	868	868	868	868	868	868	868	868	869	868	868	868	868	868	868	868
1726	-158276	868	868	868	868	869	869	869	869	869	869	869	869	869	869	870	869	869	869	869	869	869	869	870	870	869	869	869	869	869	869	869	868	869	868	869	869	868	869	868	869	868	869	868	868	869	868	868	868	868	868	867	868	868	868	868	868	868	868	868	868	868	868	869	868	868	868	869	868	868	869	868	868	868	869	868	867	868	868	868	868	868	869	868	869	868	869	868	869	869	869	869	868	869	869	870	869	868	869	869	868	869	869	869	868	868	868	869	869	868	869	869	868	869	869	868	869	869	869	869	869	869	868	869	869	869	868	868	868
1727	-157784	869	869	869	868	869	869	869	869	869	869	869	869	869	869	869	869	869	869	870	869	869	869	869	869	870	869	869	869	870	869	870	869	869	869	869	869	869	869	869	870	869	869	870	869	869	869	869	869	869	870	869	870	869	869	869	869	869	870	870	869	869	869	870	869	869	870	869	869	869	869	870	869	869	868	869	869	869	869	869	869	869	869	870	868	869	869	869	869	869	868	869	869	869	869	869	869	869	869	869	869	869	869	869	869	869	869	869	869	869	869	868	869	869	869	869	869	869	869	869	869	868	869	869	869	869	869	869	870
1728	-157292	870	870	869	869	870	869	870	870	870	870	870	870	870	870	870	870	870	870	870	870	869	870	870	869	870	869	869	869	869	870	869	870	869	869	869	869	869	870	870	870	869	870	870	870	870	869	870	870	869	869	870	869	869	869	869	870	869	870	869	869	869	869	870	870	870	870	869	869	870	870	870	870	869	870	870	869	870	869	870	869	869	870	869	870	870	869	870	870	870	870	871	870	869	870	870	870	870	870	870	870	870	870	869	870	870	870	870	869	870	870	869	869	870	870	870	870	870	870	870	870	870	870	870	870	869	870	869	869
1729	-156799	870	870	870	870	870	870	870	870	870	870	870	870	871	870	870	871	870	870	870	870	870	870	870	870	870	870	870	871	870	871	870	870	870	870	870	870	870	870	871	871	870	870	871	871	870	870	871	870	870	870	870	871	870	870	870	870	870	870	870	871	870	870	870	870	870	870	870	870	870	870	870	869	870	870	870	869	870	870	870	870	870	870	870	870	870	870	870	871	870	870	870	869	870	870	870	869	870	869	870	870	870	869	870	870	870	870	870	870	870	870	870	870	869	870	869	870	870	869	869	870	870	870	870	870	870	870	870	870
1730	-156307	871	870	870	870	871	871	870	870	871	870	871	870	871	870	871	871	871	871	871	870	871	871	871	871	870	870	870	871	870	870	871	871	871	871	870	871	871	871	871	871	871	870	871	871	871	870	871	871	870	871	871	871	871	870	870	870	870	870	871	871	870	870	870	870	870	870	870	871	870	871	871	870	869	870	871	870	870	870	870	870	870	870	870	870	870	870	871	871	870	871	871	871	871	871	871	870	870	871	870	870	870	871	871	871	871	871	871	871	872	872	872	871	871	871	872	871	871	871	872	871	871	871	871	871	871	871	870	871
1731	-155815	871	871	871	871	872	871	871	871	871	871	871	871	871	871	871	871	871	871	870	871	871	871	871	871	871	870	871	871	871	872	871	871	871	871	872	872	872	871	871	871	871	871	871	871	871	871	871	871	871	871	871	871	871	871	871	871	871	871	872	872	871	871	872	871	871	871	871	871	871	871	871	871	871	871	870	871	871	871	871	871	871	871	871	871	871	871	871	871	870	870	870	870	871	870	871	870	871	871	871	871	871	871	871	871	871	871	871	871	870	871	871	871	871	871	871	871	872	871	871	871	871	872	871	871	871	871	871	871
1732	-155323	872	872	872	871	872	872	872	872	871	872	872	872	872	872	872	873	872	872	872	872	872	871	872	872	871	871	872	872	872	872	872	871	872	872	872	872	872	872	872	872	871	872	872	871	871	871	871	871	872	871	871	872	871	871	872	871	871	872	872	871	871	871	871	871	871	871	871	872	871	871	871	871	871	871	871	871	871	871	871	871	871	871	871	870	871	871	871	871	871	871	871	871	871	871	871	871	871	871	871	871	871	871	871	871	872	872	871	871	871	872	872	871	871	871	871	871	871	871	871	871	871	871	871	871	871	871	871	871
1733	-154830	872	871	871	871	872	872	872	872	872	871	872	872	872	872	871	871	872	872	872	871	872	872	871	872	871	871	872	872	872	872	872	872	872	872	872	872	872	872	872	872	872	872	872	872	872	872	872	872	872	872	872	872	873	872	872	872	872	872	872	872	872	872	872	871	872	872	872	872	872	871	872	871	872	872	872	872	871	872	872	872	872	872	872	871	872	872	872	872	871	871	871	872	872	872	872	871	872	872	872	872	871	872	872	872	872	872	872	872	872	872	872	872	871	872	872	872	872	872	872	872	872	872	872	872	872	872	872	872
1734	-154338	873	873	873	873	873	873	873	872	872	872	872	872	872	872	872	872	872	872	873	873	872	872	872	872	872	872	872	872	872	872	872	872	872	872	872	873	872	873	871	872	872	872	872	872	872	872	872	872	872	872	872	872	872	872	872	873	872	872	872	872	872	872	873	872	873	872	872	873	872	872	872	872	873	872	872	873	873	873	873	873	873	873	873	872	873	872	873	873	872	872	872	873	872	873	873	873	873	873	872	873	872	872	872	873	873	873	872	872	872	872	873	872	872	872	872	872	872	873	872	873	872	873	872	872	872	872	872	872
1735	-153846	873	872	873	873	873	872	872	873	873	873	873	873	873	873	873	873	873	873	872	873	873	873	873	873	873	873	873	873	873	873	873	873	873	873	873	873	873	873	873	873	873	873	873	873	873	873	873	873	873	873	873	873	874	874	873	873	873	873	873	873	873	873	873	873	873	873	873	873	873	872	873	873	873	873	873	873	873	873	873	873	873	872	873	873	873	873	873	873	873	873	873	873	872	873	873	872	873	873	873	873	873	873	873	873	873	873	873	873	873	873	873	873	872	873	873	873	873	873	872	872	873	873	872	873	873	873	873	873
1736	-153353	874	874	873	874	874	873	873	873	874	874	873	874	873	874	874	874	874	873	873	873	873	873	873	873	874	873	873	874	873	874	874	874	874	874	873	874	873	873	873	873	873	873	873	874	874	873	873	874	874	874	874	874	874	874	874	874	873	873	874	873	873	873	873	873	873	873	873	873	873	873	874	874	873	874	874	874	874	874	875	874	874	874	874	874	874	874	874	874	874	874	874	874	874	874	874	874	873	874	874	874	874	874	874	874	874	874	873	874	874	873	873	873	873	874	873	873	873	874	874	873	874	874	873	874	874	874	874	873
1737	-152861	873	874	874	874	874	874	874	874	874	874	874	874	874	874	874	874	874	874	874	874	874	874	874	874	874	874	873	874	874	874	874	874	874	874	874	874	874	874	874	874	874	874	874	874	873	874	874	873	874	874	874	873	874	874	874	874	874	874	874	874	874	874	874	875	875	874	874	874	873	874	875	874	874	874	874	874	874	874	874	874	874	874	874	874	874	874	874	874	874	874	874	874	875	874	874	874	874	874	874	874	874	875	874	874	875	874	874	874	874	874	875	874	874	874	875	874	874	875	874	874	874	874	874	874	874	874	874	874
1738	-152369	874	874	875	874	874	874	874	874	874	874	874	874	874	874	874	875	874	873	874	874	875	874	875	875	875	875	875	875	875	875	875	875	875	875	875	874	875	875	875	875	875	875	874	875	875	875	875	875	875	875	875	875	875	875	875	875	875	875	875	875	875	875	874	874	874	875	874	874	873	875	874	874	874	874	874	874	875	874	874	875	874	874	874	874	875	873	874	874	874	874	875	875	874	874	874	875	875	874	875	874	874	875	874	874	875	874	875	875	875	874	875	875	874	874	875	875	875	875	875	874	875	874	875	875	875	874	875	874
1739	-151876	875	874	875	875	874	875	874	875	875	876	876	875	875	875	875	875	875	876	874	875	875	875	876	875	875	876	876	875	876	876	876	875	876	875	875	876	875	875	875	875	875	875	875	875	874	875	874	875	875	875	875	876	875	876	875	876	875	875	875	875	875	875	875	875	875	876	875	876	875	875	875	875	876	875	876	875	876	875	875	875	875	875	875	875	875	875	875	875	875	875	875	875	875	875	875	875	875	875	875	875	875	875	876	875	875	875	875	875	875	875	875	875	875	875	874	875	875	874	875	874	875	875	875	875	875	875	875	875
1740	-151384	876	875	875	876	875	875	876	876	875	876	875	875	875	875	875	875	875	875	875	875	876	876	875	875	875	875	875	875	875	875	875	876	875	875	875	875	876	875	876	876	876	876	875	876	876	876	876	876	876	876	875	875	875	876	876	875	875	876	875	876	876	876	876	875	876	876	876	875	876	876	875	876	876	875	875	875	876	875	875	875	875	875	875	875	875	875	875	875	875	875	875	875	875	875	875	875	875	875	876	875	875	876	875	876	876	875	875	876	875	875	875	875	875	876	875	875	875	876	875	875	876	875	875	876	875	875	875	876
1741	-150892	876	876	876	876	875	876	876	876	876	875	876	876	876	876	876	877	876	876	876	876	876	876	876	876	877	876	876	876	877	876	876	877	877	876	876	876	876	877	876	876	876	876	876	876	876	876	876	876	876	876	876	876	876	876	876	876	876	875	876	877	876	876	876	876	876	876	876	876	876	876	876	876	876	876	877	876	876	876	876	876	876	876	876	876	876	876	876	876	876	876	876	876	876	876	876	876	876	876	876	876	877	877	876	876	876	876	876	876	876	876	876	876	875	876	876	875	875	876	876	876	876	876	875	876	875	876	876	876
1742	-150399	876	876	876	876	876	876	877	877	876	876	876	876	877	876	877	877	876	876	876	876	876	876	876	876	876	876	876	876	876	877	876	876	876	876	876	876	877	877	877	876	876	876	876	876	877	876	877	876	876	876	876	877	876	876	877	876	876	876	877	877	876	877	877	877	877	877	877	876	877	877	877	877	877	876	876	876	876	877	876	876	876	876	877	876	876	876	876	876	876	876	876	876	876	876	876	876	876	877	877	876	876	876	876	876	876	876	876	877	876	877	876	876	876	876	877	876	877	876	877	876	875	876	876	876	876	876	876	876
1743	-149907	877	877	877	877	877	877	877	877	878	877	877	877	877	877	876	878	877	876	877	877	877	877	876	876	877	876	877	877	877	877	877	876	876	876	877	877	876	877	877	877	876	877	877	876	876	877	877	877	877	877	877	877	877	877	876	877	877	877	877	877	877	877	877	876	877	877	877	877	877	877	878	877	877	877	878	877	877	877	877	877	877	877	877	877	877	877	877	877	877	877	877	877	877	877	877	877	877	877	877	877	877	877	877	877	877	877	877	877	876	877	877	877	877	877	877	876	877	877	878	878	878	877	877	877	877	877	878	877
1744	-149415	877	877	877	877	877	877	877	877	877	878	878	878	878	877	877	877	877	877	877	877	877	877	877	877	877	877	877	877	877	878	877	877	877	876	877	877	877	877	877	877	877	877	876	877	878	877	877	877	877	877	877	878	877	877	877	878	877	877	877	877	877	877	877	877	877	877	877	877	878	878	877	877	877	877	878	877	877	877	877	878	878	877	877	877	878	878	878	878	878	878	878	878	877	878	877	878	878	878	877	877	878	878	878	878	878	878	877	877	877	878	878	878	878	878	878	878	878	878	878	878	877	878	878	878	878	878	878	878
1745	-148923	878	878	878	878	878	878	878	878	878	878	878	878	878	878	878	878	878	878	878	878	878	878	878	878	879	878	878	879	879	878	878	878	878	878	878	878	878	878	878	878	878	878	878	878	878	878	878	878	878	878	878	878	877	878	878	878	877	877	878	877	878	877	877	877	878	878	878	878	878	878	878	877	878	878	878	878	877	877	878	878	878	877	878	877	878	878	877	878	878	878	878	877	877	878	878	878	878	877	877	878	877	878	878	878	878	878	878	878	878	878	878	878	878	877	877	878	878	877	878	878	878	878	878	877	877	877	878	877
1746	-148430	879	879	879	879	878	878	879	879	879	879	878	878	878	879	879	879	878	878	878	878	879	879	879	879	878	879	878	879	879	878	878	878	878	878	878	878	878	878	878	878	878	878	878	879	878	878	878	879	878	878	879	878	879	878	879	879	878	878	878	878	878	878	878	878	878	878	878	878	878	878	879	879	879	879	878	879	878	879	878	878	879	878	879	879	878	878	879	879	878	879	879	878	879	878	879	879	878	879	879	879	878	878	879	878	879	879	878	878	878	878	878	879	878	879	879	878	879	878	879	879	878	878	878	878	879	878	878	878
1747	-147938	879	879	879	879	879	879	879	880	879	879	880	880	880	880	879	880	879	879	879	879	879	879	879	879	879	879	879	880	880	879	879	879	879	879	878	879	879	879	879	879	879	879	879	879	879	879	879	880	879	879	879	879	880	879	879	879	879	879	879	879	879	878	879	878	879	879	878	879	879	879	879	879	879	879	879	878	879	878	879	879	879	879	878	879	879	879	878	879	879	878	878	878	879	878	879	878	879	879	879	879	879	879	879	879	878	879	879	879	879	879	879	879	879	879	879	879	879	879	879	879	879	879	879	879	879	879	879	880
1748	-147446	879	879	879	879	879	879	879	879	879	879	879	879	879	879	880	879	879	880	880	880	879	880	880	879	880	880	880	880	879	880	880	880	880	879	880	880	880	880	880	880	880	880	880	880	879	879	880	879	879	879	879	880	879	880	879	879	879	880	880	880	879	879	880	880	880	879	879	879	879	879	879	879	879	879	879	880	880	879	880	879	880	880	880	880	880	880	880	880	880	880	879	880	879	880	879	879	880	879	879	879	879	880	880	879	879	879	880	880	880	880	879	880	879	879	880	880	879	879	879	879	879	879	879	879	879	879	880	879
1749	-146953	880	880	880	880	880	880	880	880	880	880	880	880	880	880	880	880	880	879	880	880	880	880	880	880	880	880	880	880	880	880	879	880	880	880	879	881	879	880	880	880	880	880	880	880	880	880	879	880	880	880	880	879	880	880	880	879	880	879	880	880	880	880	880	880	880	880	880	880	880	880	879	879	880	880	880	880	880	880	880	880	880	880	880	880	880	879	880	880	880	880	879	879	880	880	879	880	880	880	879	880	880	880	880	880	880	879	880	880	880	879	880	880	879	879	880	879	880	880	880	880	880	880	880	880	880	880	880	879
1750	-146461	880	880	881	881	880	881	880	881	880	881	881	881	881	881	881	881	881	881	881	880	881	880	881	881	881	881	880	881	881	881	881	881	881	881	881	881	881	881	880	880	880	880	880	880	880	880	880	880	880	881	880	880	880	880	880	880	881	881	881	880	881	880	881	881	880	880	880	880	880	880	880	880	881	880	880	881	881	880	881	880	881	880	880	881	880	880	880	880	881	880	880	880	880	880	880	880	880	880	880	880	880	880	881	880	880	880	880	881	880	880	880	880	880	880	880	880	880	880	880	880	880	880	880	880	880	880	880	880
1751	-145969	881	881	881	881	881	881	882	882	881	881	881	881	882	881	881	881	880	881	881	882	880	881	881	881	881	881	881	882	881	881	881	882	881	881	881	881	881	881	880	881	881	881	880	881	881	881	880	881	881	881	881	881	881	881	881	881	881	881	881	881	881	882	881	881	881	882	881	881	881	881	881	881	881	881	881	881	881	881	880	882	881	881	881	881	881	882	881	881	881	881	881	881	881	881	880	880	881	880	881	880	881	881	881	881	881	881	881	881	881	881	881	881	881	881	881	881	880	880	880	880	881	880	881	880	880	881	881	881
1752	-145476	881	881	881	881	881	881	881	881	881	881	882	882	881	881	881	882	881	881	881	881	881	881	881	881	881	881	881	882	881	882	881	881	881	881	881	881	881	881	881	881	882	881	882	881	881	882	882	881	881	881	881	881	882	881	881	881	881	881	881	881	881	881	881	881	880	882	881	881	881	881	881	880	881	882	881	881	881	881	881	881	881	881	881	881	881	881	881	881	881	882	881	881	882	881	881	881	882	881	881	882	881	881	882	881	881	881	882	881	881	882	881	882	881	881	881	880	881	881	881	882	881	881	881	882	881	881	881	881
1753	-144984	882	882	883	882	882	882	883	882	882	881	882	882	882	881	882	882	882	882	882	881	882	882	882	882	882	882	881	882	882	881	882	882	882	882	882	882	881	882	881	882	882	882	882	882	881	882	882	882	882	882	882	881	882	882	882	882	882	882	881	882	881	882	881	882	882	882	881	882	881	882	881	882	881	881	881	882	881	881	881	881	881	882	882	881	881	881	881	881	882	881	882	881	881	881	882	883	881	882	881	881	882	882	881	882	881	881	881	881	882	882	882	881	882	882	882	882	882	882	882	882	882	882	882	882	882	882	882	882
1754	-144492	882	883	883	883	882	883	883	883	883	882	882	883	883	882	882	883	882	882	882	882	882	882	883	882	882	882	882	881	883	883	882	882	882	883	883	883	882	882	883	883	882	882	882	882	882	882	882	882	882	882	882	882	882	882	882	882	882	882	882	882	882	882	882	883	882	883	882	882	882	883	882	883	882	882	882	882	882	882	882	883	882	882	882	883	882	882	882	882	882	882	883	883	882	883	883	883	883	882	882	882	883	883	882	882	882	883	882	882	882	882	882	882	882	882	882	882	882	882	882	882	882	882	883	882	882	882	882	883
1755	-143999	882	883	883	882	882	883	883	883	882	883	882	883	882	883	882	883	883	883	882	883	882	883	883	883	882	883	883	883	883	883	883	882	883	883	883	883	883	883	883	883	883	883	883	883	883	884	883	883	883	883	883	883	883	883	883	883	883	882	883	883	884	883	882	883	883	883	883	883	883	883	883	883	883	883	883	883	883	883	883	884	883	883	883	883	883	883	883	882	882	883	883	883	883	882	883	882	884	883	883	883	883	883	882	882	883	883	883	883	883	883	883	882	882	882	882	882	882	882	883	882	883	883	883	882	882	883	882	883
1756	-143507	883	884	883	883	883	883	883	883	883	883	883	883	883	883	883	883	883	883	884	883	883	884	884	884	883	884	884	884	883	883	884	883	883	884	884	884	883	884	884	884	884	884	884	884	884	884	884	884	884	884	883	883	884	883	883	884	884	883	883	883	883	883	883	883	883	883	883	884	883	883	883	883	883	883	883	883	883	883	883	883	883	884	883	883	883	883	883	883	883	883	884	884	884	884	883	883	884	884	883	884	883	884	884	883	884	883	884	884	884	883	883	884	883	884	884	883	883	884	884	884	884	884	884	884	884	884	884	884
1757	-143015	884	884	884	884	884	884	883	884	884	884	884	884	884	883	883	884	884	884	884	884	883	883	884	883	884	884	884	884	884	884	883	883	883	883	883	883	884	883	884	883	883	884	884	884	884	883	884	884	884	884	884	884	883	884	883	884	884	884	883	884	884	884	884	884	884	884	885	884	885	885	884	884	884	884	884	884	884	884	884	884	884	884	884	884	884	884	885	884	884	884	884	884	883	884	884	884	884	884	884	884	884	884	884	884	883	884	884	884	884	883	884	884	883	883	884	884	884	884	884	884	884	884	884	884	883	884	884	884
1758	-142523	885	885	884	884	884	885	885	885	884	885	884	884	884	884	885	885	884	885	885	884	884	885	884	885	884	884	885	885	884	885	886	884	884	884	884	884	885	884	884	884	884	884	884	884	884	884	884	884	884	885	884	884	885	885	884	884	884	884	885	885	884	884	884	884	885	884	885	884	885	884	885	885	885	885	885	885	884	885	884	884	884	884	884	884	885	884	884	885	885	885	885	885	884	885	885	884	885	885	885	885	885	885	885	884	884	885	885	884	885	884	884	884	885	885	884	885	885	884	885	884	885	885	884	884	884	885	884	885
1759	-142030	885	885	885	885	884	883	885	885	885	885	885	885	885	885	885	884	885	885	884	884	884	885	885	885	885	884	884	885	885	885	885	885	885	885	885	885	885	885	884	885	884	885	885	886	885	884	885	884	885	885	885	885	884	885	885	885	885	885	885	885	885	885	884	884	885	885	884	884	884	884	884	884	884	884	884	884	884	884	884	884	885	885	884	885	885	884	885	884	884	884	885	885	885	885	885	885	885	885	885	885	886	885	885	885	885	885	886	885	885	886	885	885	885	885	884	884	884	885	885	884	885	884	885	884	885	885	885	885
1760	-141538	885	885	884	885	885	885	885	885	886	885	885	885	885	886	885	885	885	885	885	886	886	885	885	886	886	886	886	885	886	885	885	885	886	886	886	886	886	886	886	885	886	886	886	886	886	885	886	885	885	886	886	885	886	886	886	885	886	886	886	885	885	886	885	885	885	885	885	886	886	885	885	886	885	885	886	885	885	885	885	886	885	885	885	885	885	885	885	885	885	886	885	886	885	885	885	885	885	885	885	885	886	886	886	885	885	885	885	885	885	885	886	885	885	886	885	885	885	886	885	885	885	885	885	885	885	886	884	885
1761	-141046	886	886	886	886	886	886	887	886	886	886	886	886	886	886	887	886	886	886	886	886	885	886	886	885	886	885	886	886	886	886	885	886	885	886	886	886	886	886	886	886	886	885	886	885	886	886	885	886	886	886	885	885	885	886	885	885	886	886	885	885	885	885	885	886	886	886	885	885	886	885	886	886	885	885	886	885	886	886	885	886	885	886	886	886	886	886	886	885	886	886	886	886	886	886	886	886	886	886	887	886	886	886	886	886	886	885	885	886	886	886	886	886	886	886	886	885	886	886	886	886	886	885	886	886	886	886	885	886
1762	-140553	887	887	887	887	887	887	886	886	886	887	887	887	886	886	886	886	886	886	886	886	886	886	886	886	886	887	886	886	886	886	886	887	886	886	886	887	887	886	886	886	886	886	886	886	886	886	886	886	886	886	886	886	887	887	886	887	886	887	886	886	886	886	886	886	886	887	887	887	886	887	887	886	886	887	887	886	887	886	886	887	887	887	887	886	887	886	887	886	886	886	887	886	886	886	886	886	886	886	886	887	886	887	886	886	886	887	887	886	886	886	887	886	887	887	887	886	886	886	886	886	886	886	886	886	887	886	886	886
1763	-140061	887	887	887	887	887	886	886	886	887	887	886	886	887	886	886	886	886	886	886	886	886	887	886	886	886	886	887	887	887	887	887	888	887	887	887	887	887	887	887	887	887	887	887	887	887	887	887	888	887	887	887	887	887	888	887	887	887	887	888	887	887	887	887	887	887	887	886	887	887	887	886	887	888	887	887	887	887	887	887	886	887	887	887	887	886	887	887	887	887	887	887	887	887	887	887	886	887	887	887	887	887	887	888	888	888	887	887	888	887	887	887	887	887	887	887	887	887	887	886	887	887	887	887	886	887	887	886	886
1764	-139569	887	887	887	887	888	887	888	887	887	888	887	888	888	887	887	887	887	887	887	887	887	887	887	887	887	887	887	887	887	887	887	887	887	887	887	887	887	887	887	887	887	887	888	887	887	887	887	887	886	888	887	887	887	887	887	887	887	887	887	887	887	887	887	887	887	887	887	887	887	887	887	886	887	887	887	887	887	887	887	887	887	887	887	887	888	887	887	887	887	887	887	887	887	887	888	887	887	887	888	887	887	887	887	888	887	887	888	888	887	888	888	888	888	887	888	887	887	888	888	887	887	888	888	887	888	888	887	887
1765	-139076	888	888	888	887	888	888	888	887	888	888	888	888	888	888	888	888	889	888	888	888	888	888	888	888	888	889	888	888	887	888	888	887	888	888	888	887	888	887	888	888	888	888	888	888	888	888	887	888	888	888	888	888	888	888	888	888	888	888	888	888	888	888	887	888	888	887	888	887	887	887	887	887	887	887	887	887	888	888	887	887	887	888	887	888	888	887	888	887	888	888	888	888	888	887	887	888	887	887	888	887	887	888	888	888	888	887	887	888	887	887	887	887	888	888	888	888	888	888	887	888	888	888	888	888	888	888	888	888
1766	-138584	888	888	888	888	889	888	888	887	888	888	888	889	888	888	888	889	889	889	889	888	889	889	888	889	889	888	889	888	888	889	889	888	889	888	888	889	889	888	888	888	889	888	888	889	888	889	889	889	888	888	889	888	888	888	888	889	888	888	888	888	888	888	888	888	888	888	888	888	888	888	888	888	888	888	888	888	888	888	888	888	888	888	888	888	888	888	888	888	888	888	888	888	888	888	888	888	888	888	888	888	889	888	888	889	888	888	888	888	888	888	888	888	888	888	889	888	888	888	888	888	888	888	888	888	888	888	888	888
1767	-138092	889	889	889	888	889	888	889	889	888	889	889	889	889	889	889	889	888	888	889	888	889	889	889	888	888	889	889	889	889	888	888	888	889	889	889	889	889	888	888	889	888	889	889	888	889	889	889	889	888	888	888	888	889	888	889	888	889	889	888	889	889	888	889	889	888	888	889	888	889	889	888	888	888	888	889	888	888	888	889	889	888	889	889	889	889	888	888	888	888	888	888	888	888	888	889	889	889	889	889	889	888	889	889	889	888	888	888	888	889	888	888	889	888	888	889	889	889	888	889	889	888	889	888	889	888	889	889	889
1768	-137599	890	890	890	890	890	889	889	889	889	889	889	889	889	889	889	889	889	889	889	888	889	889	889	889	888	889	889	889	889	889	889	889	889	889	889	888	888	889	889	889	889	889	889	889	889	889	889	889	889	890	888	889	888	889	889	889	889	889	889	889	889	889	889	889	889	889	889	889	889	889	889	889	889	889	889	890	889	889	889	889	889	889	889	889	889	889	889	889	889	889	889	889	889	889	889	889	889	889	889	889	889	889	889	889	889	890	890	890	890	889	889	889	889	889	889	889	889	889	889	889	889	889	889	889	890	889	890	889
1769	-137107	889	890	890	890	890	891	890	890	891	890	890	890	890	890	890	890	890	890	890	890	890	890	889	890	889	890	889	890	889	890	889	889	890	890	889	889	889	890	890	890	890	890	889	890	889	890	890	890	890	890	890	890	889	890	890	890	890	890	890	890	890	890	890	890	890	890	890	890	890	890	891	890	890	891	890	890	890	890	889	889	889	890	889	890	889	889	890	889	889	890	890	890	889	890	890	890	890	890	889	890	889	890	889	889	890	889	890	889	890	889	890	889	890	890	890	889	890	890	890	889	890	890	889	889	889	890	889	890
1770	-136615	891	890	891	890	891	891	891	890	890	890	891	890	891	891	891	891	891	891	891	891	890	890	890	891	890	891	891	891	890	891	890	891	891	891	890	890	890	891	890	890	890	890	891	891	891	890	890	891	890	890	890	891	890	890	890	890	890	890	890	890	890	890	890	890	890	890	891	890	891	890	891	890	890	890	890	890	890	890	890	890	890	890	890	890	890	891	890	890	890	891	890	890	889	890	890	890	890	890	890	890	890	891	890	891	890	891	891	890	890	890	890	890	890	890	890	890	891	890	890	890	890	891	891	891	891	891	891	890
1771	-136123	891	890	890	891	891	891	891	891	891	891	891	891	891	891	891	891	891	891	891	890	891	891	891	891	891	891	891	891	891	891	892	891	891	890	891	891	891	891	891	890	891	891	891	891	891	891	891	891	891	891	891	891	891	892	891	890	891	891	891	891	891	891	891	891	890	890	891	891	891	891	891	891	891	891	891	891	890	891	891	891	891	891	891	891	891	891	891	891	890	891	891	891	891	891	891	891	890	891	891	890	891	891	891	890	890	890	890	890	890	890	890	891	891	891	891	891	891	891	890	891	890	890	891	890	891	890	890	891
1772	-135630	891	892	892	891	891	891	891	891	892	892	892	891	892	892	891	892	891	892	892	892	892	892	892	892	892	892	892	891	892	891	892	892	892	891	891	892	891	892	891	892	891	891	891	891	891	891	891	891	891	891	890	891	891	891	891	891	891	891	891	891	891	891	891	891	891	891	892	891	891	891	892	891	891	891	891	891	892	891	892	892	892	891	892	891	891	891	891	891	891	891	891	892	891	891	891	891	891	891	891	891	891	892	891	891	891	892	891	891	891	891	891	892	891	891	891	891	892	891	891	891	892	891	891	891	891	891	891	891
1773	-135138	892	892	892	892	892	892	892	892	892	892	891	892	892	892	892	891	892	892	892	892	892	892	892	892	893	892	892	892	892	893	892	892	892	892	892	892	892	892	891	892	892	891	891	891	892	891	890	891	892	892	892	892	892	892	891	892	892	892	892	892	892	892	891	891	892	892	891	892	891	892	892	892	892	892	892	892	892	891	892	892	892	892	892	892	892	892	892	892	892	892	892	892	892	892	892	892	892	892	892	892	892	892	892	892	891	892	892	892	892	892	892	892	891	892	892	892	891	892	892	891	891	891	892	891	892	891	891	891
1774	-134646	892	893	892	892	893	892	892	892	892	892	892	892	892	892	892	892	893	893	893	892	893	893	892	892	892	892	893	892	893	892	892	892	892	893	892	892	892	892	892	892	892	892	892	892	892	892	893	891	892	892	892	892	892	892	892	893	892	892	892	892	892	892	892	892	893	892	892	892	892	892	892	892	892	893	892	893	892	892	892	892	892	892	892	892	892	893	893	893	893	892	892	893	893	893	892	892	892	892	892	892	892	892	892	892	893	892	892	892	892	892	892	892	892	892	892	892	892	892	892	892	892	892	892	892	892	892	892	892
1775	-134153	893	893	893	893	893	893	893	893	893	893	893	892	893	893	893	893	892	893	892	893	892	893	892	892	892	892	893	892	892	892	892	892	892	892	892	893	893	892	892	892	893	893	893	892	892	892	892	892	892	892	892	892	892	892	892	892	893	893	892	893	892	892	892	892	892	892	892	892	893	893	892	892	892	892	892	892	892	892	892	892	892	892	893	892	893	893	893	893	893	893	892	893	893	893	893	892	892	892	893	893	893	892	892	893	892	893	893	893	892	892	893	893	892	893	892	892	893	892	893	892	893	893	892	892	892	893	893	893
1776	-133661	893	893	893	893	893	894	893	893	893	893	893	893	893	893	893	893	893	893	894	893	893	893	893	893	893	893	893	893	894	893	893	893	893	893	893	893	893	893	893	892	893	893	893	893	893	893	893	893	893	893	894	893	893	893	893	893	893	893	893	893	894	894	893	894	893	893	892	893	893	893	893	893	893	893	893	893	893	894	893	893	893	893	893	893	893	893	893	893	893	893	893	893	893	893	893	893	893	893	892	893	892	893	893	892	892	893	892	893	893	892	893	893	894	893	893	893	893	893	893	893	893	893	893	893	894	893	893	893
1777	-133169	894	894	894	894	894	894	894	894	894	894	894	894	894	894	894	894	894	894	894	894	894	894	894	893	895	894	894	894	894	893	894	894	894	893	894	894	894	893	894	894	894	894	894	894	894	894	894	894	894	894	893	894	894	894	894	894	894	893	894	894	894	893	893	894	894	894	893	894	894	893	894	894	894	894	894	894	894	894	894	894	894	894	894	894	895	894	894	893	894	894	894	893	894	894	893	894	894	894	894	894	893	893	894	894	894	894	894	894	893	894	894	893	894	894	894	893	893	894	893	893	894	893	893	893	894	893	893	894
1778	-132676	894	894	894	895	895	894	894	894	895	894	894	895	894	894	894	894	895	894	895	894	894	894	894	894	894	894	894	894	894	895	894	894	894	894	894	894	894	894	894	894	894	894	894	894	894	893	894	894	894	893	893	894	894	895	894	894	893	894	894	894	894	894	894	894	893	895	894	894	894	894	894	894	894	894	894	894	894	894	894	894	894	894	894	894	894	894	894	894	894	894	895	894	894	894	894	894	894	894	894	894	894	894	894	894	894	894	894	894	894	893	894	894	894	895	894	894	894	894	894	894	894	894	894	894	893	894	894	894
1779	-132184	894	894	894	894	894	894	894	895	894	894	894	895	894	894	895	894	894	895	894	894	894	894	894	894	895	894	895	894	894	895	894	895	895	895	894	895	895	894	895	895	894	895	894	895	895	894	895	894	895	895	894	895	895	895	896	895	896	895	895	895	895	895	895	895	895	895	895	894	896	895	894	895	895	895	895	895	895	895	895	895	894	894	895	895	894	894	895	894	894	894	895	894	894	895	895	895	894	895	895	894	895	895	894	894	894	894	894	895	895	894	895	894	895	895	895	895	894	894	895	894	895	894	895	895	894	894	894	895
1780	-131692	894	895	895	894	896	895	895	895	895	895	895	895	894	895	896	896	895	895	895	896	894	896	895	896	895	895	895	895	896	895	895	895	895	895	894	895	895	895	895	895	895	896	895	895	895	895	895	895	895	895	895	894	894	895	894	895	895	895	895	895	896	895	895	896	895	895	896	895	896	895	895	895	895	895	895	896	895	895	896	895	896	895	895	895	895	895	896	895	895	896	896	895	896	896	896	896	896	895	895	895	896	895	895	895	896	896	895	895	896	895	895	895	895	894	895	895	895	895	896	895	896	896	895	895	895	895	896	896
1781	-131199	896	896	895	896	896	895	895	895	896	896	896	896	896	896	895	896	896	896	896	896	896	896	896	896	896	896	895	896	896	896	896	896	896	895	896	896	896	896	896	896	896	896	896	896	896	896	896	896	896	896	896	896	896	896	896	896	896	896	896	896	896	896	896	896	896	896	896	896	896	896	896	896	896	896	896	895	896	896	896	896	896	896	896	896	896	896	896	896	896	896	896	896	896	896	896	896	896	896	896	896	896	896	896	896	896	896	896	896	896	896	896	896	896	896	896	896	896	896	896	896	896	895	896	896	896	896	897	896
1782	-130707	896	896	896	896	896	896	896	896	896	897	896	897	896	896	896	897	896	897	897	897	897	897	897	896	896	896	897	896	896	897	896	897	897	897	897	897	897	896	896	897	896	897	897	896	897	896	897	896	896	896	896	897	897	896	897	896	897	896	896	897	896	897	897	896	897	896	897	896	896	897	896	896	896	896	896	897	896	897	897	896	897	897	896	896	896	896	896	896	896	896	896	896	896	896	896	896	896	896	896	896	896	896	896	896	897	896	896	896	896	896	896	896	896	896	896	896	896	896	896	896	896	896	896	896	896	896	896	896
1783	-130215	896	897	897	897	896	897	897	897	897	897	897	896	897	897	896	896	897	897	897	896	896	897	897	897	897	897	896	897	896	897	896	896	896	896	896	896	897	896	896	897	896	896	897	897	897	897	896	897	897	896	897	897	897	897	897	897	896	896	897	896	896	897	896	897	897	897	897	896	897	897	897	897	897	897	897	897	897	897	897	897	897	898	897	897	897	897	897	897	897	897	897	897	897	896	896	897	896	897	897	896	896	896	897	897	896	896	897	897	896	897	896	896	896	896	896	896	896	896	897	896	896	896	897	897	896	897	896	897
1784	-129723	897	897	897	897	897	897	898	897	897	897	897	897	897	897	897	897	897	897	897	897	897	897	897	897	897	898	897	897	898	897	897	897	897	897	897	898	898	898	898	897	898	897	898	898	897	897	897	897	897	898	898	897	897	898	897	898	898	898	898	897	897	898	898	897	898	897	897	897	897	897	897	897	897	897	897	897	897	897	897	897	896	897	897	897	897	897	897	897	897	897	897	896	897	896	897	897	897	896	897	897	896	897	897	897	897	897	896	896	897	897	897	897	897	898	897	897	897	897	897	897	897	897	897	898	897	897	897	896
1785	-129230	897	898	897	897	897	897	897	897	898	898	897	897	898	897	897	897	897	897	898	898	898	897	897	898	897	898	898	898	898	898	898	898	898	898	898	898	898	898	897	898	898	898	898	898	898	898	898	898	898	898	897	898	898	898	898	898	897	897	898	898	898	897	897	898	897	897	898	898	897	898	898	898	898	898	898	897	897	897	898	898	898	897	897	897	898	897	897	897	898	898	897	898	898	898	898	897	897	898	898	898	897	898	897	898	898	897	898	898	898	898	897	898	898	897	898	897	897	898	898	898	898	898	897	897	898	897	899	897
1786	-128738	898	898	898	898	898	897	898	898	899	898	898	898	898	898	898	898	899	898	898	898	899	898	899	899	898	898	899	898	898	899	898	898	898	899	898	899	898	898	898	898	898	898	898	899	899	898	898	898	898	898	899	898	898	898	898	898	898	898	898	899	898	897	898	897	898	898	898	898	898	898	898	898	898	898	899	898	898	898	897	899	898	897	898	898	898	898	898	898	898	897	898	898	898	898	898	898	898	898	898	898	898	898	898	898	898	897	898	898	898	899	898	898	899	898	898	899	899	899	899	899	898	899	899	899	898	898	898	898
1787	-128246	899	899	899	898	899	899	899	899	899	899	899	899	899	899	899	899	899	898	899	899	899	899	899	899	899	899	899	899	899	899	899	899	899	899	899	899	898	899	899	899	899	899	898	899	899	899	898	899	899	899	899	899	899	898	899	899	899	899	899	899	899	899	899	899	899	899	899	899	899	899	899	899	899	899	899	899	899	899	899	899	899	899	898	899	899	899	899	898	899	898	899	898	898	899	898	899	899	899	899	898	898	898	898	899	898	899	899	898	899	898	899	898	898	899	898	899	898	899	899	899	899	899	899	899	899	899	899	899
1788	-127753	899	899	899	899	899	899	898	899	899	899	899	899	899	899	899	899	899	899	899	899	899	899	899	899	899	899	899	899	899	899	899	899	899	899	899	899	899	900	899	899	899	899	899	899	899	899	899	899	899	899	899	899	899	899	900	899	900	900	900	899	899	899	900	899	899	899	899	899	899	899	899	900	899	899	899	899	899	899	899	899	899	899	899	899	900	899	899	899	900	899	899	899	899	899	899	899	899	899	899	899	899	899	899	899	899	898	899	899	899	899	899	899	899	899	899	899	899	898	899	899	899	899	899	899	899	899	899	899
1789	-127261	899	899	899	899	900	900	899	900	900	900	899	899	900	899	900	900	900	899	899	899	900	899	899	900	900	900	900	900	900	899	899	900	899	900	900	899	900	900	900	899	899	899	900	899	899	900	899	900	899	899	899	900	899	899	900	899	899	900	899	899	900	900	899	899	900	899	900	900	901	899	900	900	900	899	900	899	899	899	899	899	899	900	900	900	900	900	900	899	899	900	899	899	899	900	900	900	899	899	900	900	900	900	899	900	900	899	899	900	900	900	899	899	899	900	900	899	899	899	900	900	899	899	899	899	899	900	900	900
1790	-126769	900	900	901	900	900	901	900	900	900	900	900	900	900	900	900	900	901	900	900	900	900	900	900	900	900	900	900	899	900	900	900	900	900	900	899	899	900	900	900	900	900	900	900	900	900	900	900	900	900	900	900	899	900	899	899	900	900	900	900	900	900	900	900	900	900	900	900	900	900	900	900	899	900	899	900	900	900	900	899	900	899	900	900	900	900	900	900	900	900	900	900	900	900	900	900	900	900	900	900	900	900	900	900	900	899	900	900	899	900	900	900	900	900	900	900	899	901	900	900	900	900	900	900	900	900	900	900	900
1791	-126276	901	901	901	901	901	901	900	901	900	901	900	901	900	901	900	901	900	901	900	900	900	901	901	900	900	901	901	900	901	900	901	901	901	901	901	901	901	900	901	900	900	901	900	901	900	901	900	901	901	900	901	901	901	901	901	901	901	900	901	901	900	900	901	901	901	901	901	901	900	901	901	901	901	901	901	901	901	901	901	901	901	900	901	901	901	901	900	901	901	900	901	901	901	901	901	901	901	902	901	901	901	901	901	901	901	901	901	901	901	901	901	901	901	901	901	901	901	901	901	901	901	901	901	902	901	901	901	901
1792	-125784	901	900	901	901	901	901	901	902	901	902	901	901	901	902	901	901	901	901	902	901	901	902	901	901	901	901	901	901	902	901	901	900	901	901	901	901	901	901	901	901	902	900	900	901	901	901	901	901	901	901	900	901	900	901	901	900	901	900	900	901	901	901	900	901	901	901	901	901	901	901	901	901	901	901	901	901	901	901	901	901	901	901	901	901	901	901	901	901	902	901	901	901	901	901	902	901	901	901	901	901	901	902	901	902	902	901	902	901	901	901	902	901	901	901	901	900	901	901	901	901	901	900	901	902	901	901	901	901
1793	-125292	903	902	902	902	902	902	902	902	902	901	901	901	902	902	902	902	902	902	902	902	902	902	902	901	902	901	902	901	902	901	902	902	901	901	901	902	902	901	901	901	901	902	901	902	901	901	902	902	901	902	901	902	901	902	902	901	901	901	901	901	901	901	902	902	901	901	901	902	901	901	902	901	901	901	902	902	901	901	901	901	902	902	902	901	901	902	902	902	902	902	902	901	902	902	902	902	902	902	902	901	902	902	902	902	902	902	902	902	903	902	902	902	902	902	902	902	902	902	902	901	902	902	902	902	902	902	901	902
1794	-124799	902	902	902	901	901	902	902	902	902	902	902	902	903	903	902	902	903	902	902	902	902	902	902	902	902	902	902	902	902	902	903	902	902	902	902	902	903	902	902	902	902	902	902	902	902	902	902	902	902	902	903	902	903	902	902	902	901	902	901	901	902	901	902	902	902	901	902	902	901	902	902	902	901	902	902	902	902	901	902	902	902	902	902	901	902	902	902	902	902	902	902	902	901	902	901	902	902	902	901	902	902	902	902	902	902	902	902	902	902	902	902	902	902	902	902	902	902	902	902	902	902	901	902	902	903	903	902	902
1795	-124307	902	902	903	902	902	903	902	902	903	902	902	902	902	903	902	903	903	903	903	903	902	902	902	903	902	903	902	903	903	902	903	903	903	903	903	902	902	902	903	902	902	903	903	903	903	903	903	903	903	902	903	903	902	902	902	902	902	902	903	903	903	903	903	903	903	903	903	903	902	902	903	903	902	903	902	903	902	902	903	903	903	902	903	903	902	903	902	903	903	903	903	903	903	903	902	902	902	902	902	903	903	903	902	902	903	903	902	902	902	902	903	902	902	902	902	902	903	903	902	902	902	902	902	902	902	902	902	903
1796	-123815	903	903	903	903	903	903	903	903	903	903	903	903	904	903	904	903	903	903	903	903	903	903	903	903	903	903	903	903	903	903	903	903	903	903	903	903	903	903	903	903	903	903	904	903	903	903	903	904	904	903	904	904	903	904	903	903	903	904	903	904	903	903	903	903	903	903	903	903	903	903	903	904	904	904	904	904	903	903	904	903	903	904	904	903	904	903	904	903	903	903	903	903	903	903	903	903	903	903	903	903	903	903	903	903	904	903	903	903	903	903	903	903	903	903	903	903	904	903	903	904	903	903	903	903	904	903	904	904
1797	-123323	903	904	903	903	903	903	903	904	903	904	903	904	904	904	904	903	904	903	903	904	904	904	903	903	904	903	903	903	904	904	904	904	904	903	904	904	903	904	903	904	904	903	904	903	904	904	904	904	904	904	904	904	904	904	904	904	904	903	904	904	903	903	903	903	904	904	903	903	903	904	904	903	904	904	903	904	904	904	904	904	904	904	903	904	904	903	904	904	904	904	904	903	903	904	903	903	903	903	903	904	904	904	903	904	904	904	904	904	904	904	903	903	903	903	904	904	903	903	903	904	903	903	904	903	903	903	904	903
1798	-122830	903	903	903	903	904	904	904	904	904	904	904	904	904	904	904	904	905	904	904	904	904	904	904	904	904	904	904	904	904	905	904	904	904	904	904	904	904	904	904	904	904	904	904	904	904	904	905	905	905	904	904	904	904	905	904	904	904	904	904	904	904	904	904	904	904	905	904	904	904	904	905	904	904	904	904	904	904	904	904	904	904	904	904	904	904	904	904	905	904	904	904	904	904	904	904	904	904	904	904	904	904	904	905	904	904	904	904	904	904	904	905	905	905	905	905	904	904	904	905	905	904	904	904	904	904	904	905	904
1799	-122338	905	904	904	905	904	904	904	904	904	904	905	905	904	904	904	905	904	905	904	904	904	904	905	905	905	905	904	905	904	904	905	904	904	904	904	904	904	904	904	904	904	904	904	904	904	904	904	904	905	905	904	904	905	905	904	904	904	904	904	904	904	904	904	904	904	904	904	904	904	904	904	904	904	904	904	904	904	904	904	904	904	904	904	904	904	904	904	904	904	904	904	904	904	904	904	904	904	904	904	905	904	904	904	904	904	904	904	904	904	904	905	905	905	904	904	904	904	904	904	904	904	905	905	904	904	904	904	904
1800	-121846	904	905	905	905	905	905	905	904	905	905	905	906	905	906	905	905	905	905	905	905	905	905	905	905	905	905	905	905	905	905	905	905	905	905	905	905	905	905	905	905	905	905	905	905	905	905	905	905	905	905	905	906	905	905	905	905	906	905	905	905	905	905	905	906	905	905	905	905	905	904	905	905	904	905	905	905	905	905	905	905	904	905	905	905	904	905	904	905	905	905	904	904	905	905	904	904	905	905	904	905	905	905	905	905	904	905	905	905	904	904	905	905	905	904	904	904	905	904	905	905	904	905	905	905	905	905	905	904
1801	-121353	906	906	906	905	906	906	906	905	906	905	906	905	906	906	905	906	906	906	906	906	905	906	905	906	906	906	906	905	906	906	906	905	905	906	905	906	905	905	905	905	906	906	906	906	906	906	906	905	906	905	906	906	906	906	905	906	906	906	906	906	906	906	905	905	906	906	905	906	906	906	906	905	906	905	906	906	905	906	906	905	906	905	905	905	905	906	905	905	905	905	906	906	905	905	905	906	905	905	905	905	906	905	906	905	906	906	905	905	905	905	905	905	906	904	905	905	905	906	906	906	906	906	906	906	906	906	906	906
1802	-120861	906	906	906	906	906	906	906	906	906	906	906	906	906	906	906	906	906	906	906	906	906	905	906	906	906	907	906	906	907	906	906	906	906	906	906	906	906	906	906	907	906	906	906	906	907	906	907	907	906	906	907	906	906	906	906	906	906	906	906	906	906	906	906	906	906	906	906	906	906	906	906	906	906	906	906	906	906	906	906	906	906	906	906	906	906	905	905	905	905	906	905	905	905	905	905	906	905	906	905	906	905	905	906	905	906	906	906	906	905	906	906	906	906	905	905	906	905	906	905	906	905	906	906	905	906	905	905	905
1803	-120369	907	906	907	906	906	906	906	907	907	906	906	906	906	907	907	907	907	907	906	906	906	907	907	907	906	906	906	906	907	907	906	907	906	907	907	906	907	907	907	907	906	906	906	906	906	906	907	907	906	906	907	907	907	907	906	906	907	907	907	907	907	906	906	907	907	906	907	907	907	907	907	907	907	907	907	907	907	907	906	907	907	906	907	906	907	907	907	906	907	907	907	907	907	906	907	907	907	907	906	906	907	906	906	906	906	906	906	906	907	907	907	906	906	906	907	907	907	906	907	907	906	906	906	906	906	906	906	906
1804	-119876	907	907	907	907	907	907	908	907	908	907	907	907	907	907	907	907	907	907	907	908	907	907	907	907	907	907	907	907	906	907	907	907	907	906	907	907	907	907	907	907	907	907	907	906	907	906	907	907	907	907	907	907	907	906	907	907	906	907	907	907	907	907	907	907	908	907	907	907	907	907	907	907	907	908	907	908	908	907	907	907	907	907	907	908	908	907	907	907	907	907	907	907	907	907	907	907	907	907	908	907	907	907	907	907	907	906	907	907	907	908	907	907	907	907	907	907	908	907	907	907	907	907	907	907	907	907	907	907
1805	-119384	908	908	908	908	907	908	908	908	908	908	907	907	908	908	908	907	907	908	908	908	908	907	908	907	908	907	907	908	907	907	908	907	907	907	907	908	907	908	908	908	907	907	908	907	908	907	907	907	907	908	908	908	908	908	907	907	907	908	907	907	908	908	908	908	908	908	908	907	908	908	908	908	908	907	908	908	908	908	908	908	908	908	908	908	908	908	908	908	908	908	907	908	908	908	908	908	908	908	908	908	908	908	907	908	907	908	907	907	908	908	908	908	907	907	907	907	907	907	908	908	907	907	908	908	907	908	907	907
1806	-118892	908	908	908	908	908	908	908	908	908	908	908	907	908	908	908	908	908	908	908	908	909	908	908	909	908	908	908	909	908	908	908	908	907	908	908	908	908	908	908	908	908	908	908	908	908	908	908	908	908	908	908	908	908	908	908	908	909	908	908	908	908	908	908	908	908	908	908	908	908	908	908	908	908	908	908	908	908	908	908	908	908	908	908	908	907	908	908	908	908	908	909	908	909	908	908	908	908	908	908	908	909	908	908	908	908	908	908	908	908	908	908	908	907	908	908	909	908	908	908	908	908	908	908	908	908	908	908	908
1807	-118399	908	908	909	908	909	909	908	908	908	909	908	908	908	908	909	908	909	909	908	909	908	909	909	909	909	909	909	908	909	909	909	909	909	909	909	908	909	908	909	909	909	908	909	908	909	909	909	909	908	909	908	909	908	909	909	909	909	908	909	908	908	909	908	908	908	908	909	908	909	908	908	909	909	908	908	908	909	908	908	908	908	909	909	908	908	909	908	908	908	908	908	908	909	908	908	908	908	908	908	908	909	908	909	908	909	909	908	909	908	908	908	908	908	908	908	908	908	909	908	908	908	908	908	908	908	908	908	909
1808	-117907	910	909	909	909	909	909	908	909	909	909	909	909	909	909	909	909	909	909	909	908	909	909	909	909	909	909	909	909	909	909	909	909	908	908	909	909	909	909	908	909	909	909	909	909	909	908	909	909	909	909	909	909	909	909	910	909	909	909	909	909	908	909	910	909	909	909	909	909	909	909	909	909	909	909	909	909	909	909	908	909	909	909	908	908	909	909	909	909	909	909	909	909	909	909	908	909	909	909	909	909	909	909	909	909	909	909	909	909	909	909	909	909	909	909	909	910	909	910	909	909	909	909	909	909	909	909	909	909
1809	-117415	910	909	910	909	910	909	909	909	909	910	910	910	910	910	909	909	909	910	910	910	909	910	909	910	909	909	909	909	909	909	909	909	910	909	910	909	909	909	910	910	909	910	910	910	909	909	910	910	909	909	909	909	909	910	910	910	910	910	910	909	909	909	909	909	910	910	909	909	909	910	909	909	909	909	910	909	910	910	909	910	909	910	910	909	909	909	910	910	910	909	909	910	909	909	909	909	909	909	909	910	909	910	909	910	910	909	910	909	909	909	909	909	909	909	910	910	910	910	910	910	909	910	909	910	909	909	909	909
1810	-116923	910	910	910	910	910	910	910	910	910	910	910	910	910	910	910	910	910	911	910	910	910	911	910	910	911	910	910	910	910	911	910	910	910	910	911	910	911	910	910	910	911	910	911	910	910	911	910	911	910	910	910	910	910	910	910	910	910	910	910	910	910	910	910	910	910	910	909	910	910	910	909	910	909	910	909	910	910	910	910	910	910	910	910	910	909	910	910	910	910	910	910	910	910	910	911	910	911	911	910	911	911	910	911	910	910	910	911	911	910	910	910	910	910	910	910	910	910	910	910	911	910	910	911	910	911	910	910	910
1811	-116430	911	910	910	910	911	910	911	910	910	911	910	910	910	910	910	910	910	911	910	911	910	910	911	910	910	910	910	910	910	910	910	910	910	911	910	910	911	910	910	910	910	910	910	910	910	911	910	910	910	910	910	910	910	910	910	910	911	910	910	910	910	910	910	910	910	910	910	911	910	910	910	910	910	910	910	911	910	911	910	911	910	910	910	910	910	911	910	910	910	910	911	911	910	910	910	911	911	910	911	911	910	910	911	911	911	910	911	911	910	911	911	910	911	911	911	911	910	911	910	911	911	911	911	911	911	911	911	911
1812	-115938	910	911	911	911	911	911	911	911	911	910	911	911	911	911	911	911	911	912	911	911	911	911	912	911	911	911	911	911	911	911	911	911	911	911	911	911	911	911	911	911	911	911	911	910	911	911	911	911	911	911	911	910	911	911	911	911	911	911	911	911	911	912	911	911	911	911	911	911	911	911	911	911	911	911	911	911	911	911	911	911	911	911	912	911	911	912	911	911	911	911	911	911	911	911	911	911	911	911	912	912	912	912	912	911	911	912	911	912	911	911	911	911	912	911	912	912	912	911	911	911	911	911	911	911	911	911	911	911
1813	-115446	912	912	912	912	912	912	912	911	912	912	912	912	912	912	912	912	911	912	912	912	912	912	912	912	913	912	912	912	912	912	912	912	912	911	912	912	912	912	912	912	912	912	912	912	912	912	911	912	912	912	912	912	912	912	911	911	911	911	911	911	911	912	912	912	912	912	912	912	912	911	912	911	912	912	911	911	911	911	911	911	911	911	911	911	911	911	911	911	911	911	911	911	912	912	912	911	912	912	912	912	912	912	912	912	912	911	912	912	912	912	912	912	912	912	911	912	912	912	912	911	912	912	912	912	912	912	912	912
1814	-114953	912	911	912	912	912	911	912	912	912	912	912	912	912	911	912	912	912	912	912	912	912	911	912	912	911	912	911	912	911	912	912	911	912	912	912	912	912	912	912	912	912	912	912	912	911	912	911	912	912	912	912	912	912	912	912	912	911	911	912	912	911	912	912	911	912	912	912	912	912	912	912	911	911	912	911	911	912	912	911	911	911	911	911	911	911	912	911	911	911	911	911	912	912	911	911	911	912	911	912	911	912	911	911	911	911	912	912	911	912	911	912	912	912	912	912	912	912	912	912	912	912	912	911	912	912	912	911	912
1815	-114461	912	912	912	912	912	912	912	913	913	912	913	912	913	913	912	912	912	912	912	912	912	913	912	912	912	912	913	912	912	912	913	913	912	912	913	913	912	913	913	912	912	913	912	912	912	912	912	912	912	912	912	912	912	912	912	912	912	912	912	912	913	913	912	913	912	913	913	912	912	913	912	912	913	913	912	913	912	912	912	913	913	913	912	913	912	912	913	912	912	913	912	913	912	912	913	913	912	912	913	912	912	913	912	912	912	912	912	912	912	912	912	913	912	912	912	912	912	912	913	912	913	912	912	913	913	912	912	912
1816	-113969	913	912	912	913	913	913	913	913	912	912	913	913	913	913	913	913	913	913	913	913	913	913	912	912	913	912	912	912	912	912	912	912	913	912	913	913	913	913	913	913	913	913	913	913	913	913	913	913	913	913	914	913	913	913	912	913	913	913	913	913	913	913	913	913	912	913	912	913	913	913	912	912	913	912	912	913	913	913	913	913	913	913	913	913	913	913	913	913	913	913	913	913	913	913	913	913	913	913	913	913	913	913	913	913	914	913	913	914	913	913	913	913	913	913	913	913	913	914	914	913	914	914	914	914	914	913	913	913
1817	-113476	913	913	913	914	912	913	913	913	913	913	913	913	913	913	913	913	913	912	913	913	913	913	913	914	913	914	913	913	914	913	913	913	914	913	914	914	913	914	914	913	914	913	913	913	913	913	914	914	914	913	913	914	913	913	913	912	913	913	913	913	913	913	913	913	913	913	913	913	913	913	913	913	914	913	913	913	913	913	913	913	913	914	914	913	913	913	913	914	913	913	913	913	913	913	913	913	913	913	913	914	913	914	913	913	913	913	913	913	913	913	913	913	912	913	913	913	913	913	913	913	913	913	913	913	913	914	913	913
1818	-112984	914	914	914	914	914	915	914	914	914	914	914	915	914	914	914	914	914	914	914	914	915	914	914	914	914	914	914	914	914	914	914	914	913	913	914	914	914	914	914	914	914	914	914	914	914	914	914	913	914	914	914	914	914	914	915	914	914	914	914	915	914	914	914	913	914	914	914	914	913	913	913	913	914	913	913	914	914	914	913	913	913	913	913	914	913	914	913	913	913	913	913	913	913	913	913	914	914	914	914	913	913	914	913	913	913	913	914	914	913	914	913	914	914	914	914	913	914	914	914	914	913	914	914	914	914	914	914	914
1819	-112492	915	914	915	914	915	914	914	915	915	914	915	914	914	914	914	914	914	914	914	914	914	914	914	914	914	914	915	915	915	914	914	914	914	915	914	915	914	915	914	915	915	915	915	915	914	915	915	915	914	915	914	914	914	915	915	915	914	914	914	915	915	915	915	914	914	915	915	914	915	914	914	914	914	914	915	914	914	914	914	914	915	915	914	914	914	914	915	914	914	914	914	914	914	914	914	914	915	914	914	914	914	913	914	914	914	914	914	914	914	915	914	914	914	915	915	915	915	915	915	915	914	914	914	914	914	914	914	915
1820	-111999	915	915	916	915	916	916	915	915	915	915	915	915	916	915	916	915	916	916	915	916	915	915	915	915	915	915	915	915	915	915	915	915	915	915	915	915	915	915	915	915	915	914	915	915	915	915	914	915	914	915	914	914	914	914	914	914	915	914	915	915	914	915	915	914	915	915	915	915	915	915	914	915	914	915	915	914	915	915	915	915	914	915	914	915	915	915	916	915	916	915	915	915	915	916	915	915	915	915	915	915	915	914	915	915	915	915	915	915	915	915	915	915	915	915	914	915	915	915	916	915	915	915	914	915	915	915	914	915
1821	-111507	916	915	916	916	916	916	915	916	915	915	915	916	915	916	915	915	915	916	915	915	915	915	915	915	916	916	916	916	916	916	915	915	915	915	915	915	914	914	915	915	915	915	915	915	916	915	915	916	915	915	915	915	915	915	915	915	915	915	915	915	915	915	915	915	915	915	915	915	914	914	915	915	915	915	916	915	915	915	915	915	915	915	915	915	915	915	915	915	915	915	915	915	915	915	915	915	915	915	915	915	915	915	916	916	915	916	916	916	916	916	915	916	915	916	915	915	915	916	916	915	915	916	916	915	915	916	915	915
1822	-111015	916	916	915	916	916	916	916	916	916	916	916	916	916	916	916	916	916	916	915	916	915	916	917	916	916	916	916	916	916	916	916	916	916	915	916	916	917	916	916	916	916	916	916	916	916	916	916	916	916	916	916	916	916	916	916	916	916	915	916	916	916	916	916	915	916	916	916	916	916	916	916	916	916	916	916	915	916	916	916	916	917	916	916	915	916	916	916	916	916	916	916	916	916	915	916	916	916	916	916	917	916	916	916	916	916	916	916	916	916	916	916	916	916	916	916	916	916	916	915	916	916	915	915	915	916	916	915	915
1823	-110523	916	915	915	916	916	916	916	916	916	916	916	916	916	916	916	916	916	916	917	916	916	916	917	916	916	916	917	916	916	916	917	917	916	916	916	916	916	917	916	917	917	916	917	916	916	916	916	917	917	916	916	916	916	916	916	916	916	916	917	916	916	916	916	916	917	916	916	917	916	916	916	916	916	916	916	916	916	916	916	915	916	916	916	916	916	916	916	916	916	916	916	916	916	916	916	916	916	916	916	916	916	916	916	916	916	916	916	916	917	916	916	917	916	916	916	917	917	916	917	916	916	916	916	917	917	916	916	917
1824	-110030	917	918	917	917	917	917	917	917	916	917	916	916	916	917	916	917	916	917	917	916	917	917	917	917	917	917	917	917	917	917	917	917	917	917	917	917	917	917	917	917	917	917	917	917	918	917	917	917	917	917	917	917	917	917	917	917	917	917	917	917	917	917	916	917	917	917	917	917	917	917	917	917	917	917	917	918	917	917	917	917	917	917	917	917	916	917	917	917	917	917	917	917	917	917	918	918	917	917	917	917	917	917	917	917	918	917	917	918	917	917	917	917	917	917	917	917	917	916	917	917	916	917	916	916	916	916	917	917
1825	-109538	917	917	918	918	918	917	917	917	917	917	917	917	918	917	917	917	917	917	918	917	917	917	917	918	917	917	917	917	917	917	917	917	917	918	917	917	917	918	918	917	917	917	918	917	917	917	917	917	918	918	917	917	918	918	917	917	917	918	917	917	918	917	918	917	917	917	917	918	917	917	918	917	917	918	918	918	917	918	917	917	918	917	917	917	918	917	917	917	918	917	917	918	918	917	917	918	917	917	917	918	917	918	917	917	918	917	918	918	917	917	918	918	918	918	917	918	918	918	918	917	917	917	917	918	917	918	917	918
1826	-109046	918	917	918	918	918	917	918	918	918	917	918	918	918	918	918	918	917	918	918	918	918	918	918	918	918	918	918	918	917	918	918	918	918	918	918	918	918	918	917	918	918	917	918	917	918	918	917	918	917	918	918	918	918	917	918	917	918	918	918	918	918	918	918	917	918	918	917	918	918	918	918	918	918	918	918	918	918	918	918	918	919	918	918	918	918	918	918	917	918	918	918	918	918	918	918	917	917	917	918	918	917	917	918	918	917	917	917	918	918	917	917	917	917	918	918	917	917	918	918	918	917	917	918	917	918	918	918	918
1827	-108553	918	918	918	918	918	918	918	918	918	918	918	918	918	918	918	919	919	918	918	918	918	918	918	919	919	918	918	918	918	918	918	919	918	919	919	919	918	918	918	918	919	918	919	918	918	919	919	918	918	918	918	918	918	918	918	918	918	918	918	918	918	918	918	919	918	918	919	918	918	918	919	918	918	919	918	918	918	918	918	918	918	918	918	918	918	918	918	918	918	918	918	918	918	918	918	918	918	919	918	918	919	918	918	918	918	918	918	919	918	918	919	918	918	918	919	919	918	918	918	918	918	919	918	919	919	918	918	918
1828	-108061	919	919	918	919	919	919	919	918	919	919	919	919	919	919	919	919	919	919	919	919	919	920	919	920	919	919	920	919	919	919	919	919	920	919	919	919	919	919	919	919	919	919	919	919	919	919	919	919	919	919	919	919	918	919	918	919	919	919	918	918	919	919	918	918	918	919	919	918	918	919	919	918	918	919	919	919	919	919	919	919	919	919	919	920	919	919	919	919	919	919	919	919	919	919	919	919	919	919	919	919	919	919	919	919	919	919	919	918	919	919	919	918	918	919	919	918	918	918	918	919	918	918	918	919	919	919	919	919
1829	-107569	920	920	920	920	920	920	920	920	919	919	920	920	919	920	919	920	919	920	919	920	920	919	919	919	919	920	919	919	919	919	919	919	919	919	919	919	919	919	919	919	919	919	919	919	919	919	920	919	919	919	919	919	918	919	919	919	919	919	919	919	919	919	919	919	919	919	919	919	919	920	920	918	919	919	920	920	920	919	919	919	919	919	919	919	919	919	919	919	920	919	919	919	919	919	919	920	919	919	919	919	919	920	919	919	919	919	919	919	919	919	920	920	919	919	920	919	919	920	919	920	919	919	919	919	919	919	919	919
1830	-107076	920	920	920	920	920	919	920	920	920	920	920	920	920	920	920	920	920	920	920	920	920	920	920	920	920	920	920	920	920	920	920	920	920	920	920	920	920	920	919	920	920	920	920	920	920	920	920	920	920	920	920	920	920	920	920	920	920	920	920	920	920	919	920	920	920	920	920	920	920	920	920	920	920	920	920	920	920	920	920	920	920	920	920	920	920	919	920	920	919	920	920	920	920	919	920	920	920	920	919	920	920	920	920	920	920	920	920	920	920	920	920	920	920	920	919	920	920	920	920	920	920	920	919	920	920	920	920	920
1831	-106584	920	920	921	920	920	920	920	920	920	920	920	920	920	920	920	920	921	920	920	920	921	921	921	920	920	920	921	921	921	921	920	921	921	921	921	921	920	920	921	920	920	920	921	921	921	920	921	921	921	920	920	920	921	921	921	920	921	921	920	920	921	920	920	921	921	920	921	921	921	920	920	920	921	921	921	921	921	920	921	921	920	920	921	920	920	921	920	920	920	921	920	921	920	920	920	921	920	920	920	920	921	920	921	920	920	921	921	920	921	920	921	920	921	920	920	921	920	920	920	921	921	920	921	921	920	920	920	921
1832	-106092	921	921	921	920	920	920	920	921	920	920	920	921	921	921	921	921	920	921	921	920	921	921	921	921	920	921	920	921	921	920	920	921	920	920	920	920	920	920	921	921	921	921	921	921	921	920	921	921	921	921	921	921	921	921	921	921	920	921	921	920	921	921	921	921	921	921	921	921	921	921	921	921	921	921	921	921	921	921	920	921	921	920	921	921	921	921	921	921	920	921	921	921	921	922	921	921	921	921	921	921	921	921	921	921	921	921	921	921	921	921	922	921	920	921	921	921	921	921	921	921	921	921	921	921	921	920	921	920
1833	-105599	921	921	921	921	921	921	921	921	921	921	921	921	921	921	921	921	921	922	921	922	921	921	922	922	921	921	921	921	921	921	921	921	921	921	922	921	922	921	922	921	921	922	921	922	922	921	922	921	921	921	921	921	921	921	921	921	921	921	921	921	921	921	921	921	921	921	921	921	921	921	921	921	921	921	921	921	921	920	921	921	921	921	921	921	922	921	922	921	921	921	922	921	922	921	922	922	921	921	921	921	922	921	921	921	920	921	921	921	921	922	921	921	921	921	922	921	921	921	920	921	921	921	921	920	921	921	921	921
1834	-105107	922	921	922	922	922	922	922	922	922	922	922	923	922	922	921	921	922	922	922	922	922	922	922	921	922	921	921	922	921	921	922	922	922	921	921	922	921	921	921	922	921	922	921	922	921	921	922	922	922	921	920	922	921	922	922	921	921	921	921	922	921	922	922	922	921	921	922	922	922	922	922	922	921	921	922	922	921	921	921	921	920	921	921	921	922	921	922	922	922	922	921	921	921	922	921	922	922	922	921	921	921	921	921	921	921	922	921	921	922	922	922	922	922	922	922	922	922	922	921	922	922	921	922	921	921	922	921	922
1835	-104615	922	922	922	922	922	923	922	922	922	922	922	922	922	922	923	922	922	922	923	922	922	922	922	923	922	922	922	922	922	922	922	923	922	923	922	922	922	922	922	922	922	922	922	922	922	922	922	922	922	922	922	922	923	922	922	922	922	922	922	922	922	922	922	921	922	922	922	922	922	922	922	922	922	922	922	922	922	922	922	922	921	922	922	922	922	922	922	923	923	923	922	923	922	923	922	922	922	922	923	922	922	923	922	923	922	922	922	922	923	923	923	923	923	923	922	923	923	923	923	922	923	923	922	922	922	922	922	922
1836	-104123	923	923	923	923	923	923	923	922	923	923	923	923	923	923	923	923	923	923	923	923	923	923	923	923	923	923	923	923	923	923	923	923	922	923	923	923	923	923	923	923	922	923	923	923	922	922	922	923	923	922	923	923	923	923	922	922	922	923	923	922	923	923	923	923	923	922	923	923	923	923	923	923	923	923	923	923	922	923	923	923	923	923	923	923	923	923	923	924	923	923	923	923	923	923	923	924	923	923	923	923	923	923	923	923	923	923	923	923	923	923	923	922	923	923	923	923	923	923	923	923	923	923	923	924	924	923	922	923
1837	-103630	923	923	923	923	922	924	923	923	923	923	923	923	922	923	923	923	923	923	923	923	923	923	923	922	922	923	923	923	923	923	923	923	923	923	924	924	924	924	924	923	924	923	923	922	923	923	923	923	923	923	923	923	924	923	923	924	923	924	923	923	923	923	923	923	923	923	923	923	923	923	923	923	923	923	923	923	923	924	923	924	923	923	924	923	923	923	924	924	924	924	923	923	923	923	923	923	924	924	923	924	923	924	924	924	924	923	923	923	923	924	924	923	924	924	924	923	923	924	923	923	923	923	923	923	922	923	923	923
1838	-103138	924	924	924	923	923	923	924	923	923	924	924	923	923	924	924	924	924	924	923	924	924	924	924	924	924	923	924	924	924	924	923	924	924	924	924	924	924	924	924	924	925	924	924	924	924	925	925	924	925	924	924	924	924	924	924	924	924	924	925	924	924	923	924	924	924	923	924	923	924	923	923	923	924	923	923	923	924	923	924	924	924	924	924	924	923	924	923	924	924	924	923	924	924	924	924	924	924	924	924	924	924	924	924	924	924	924	923	924	923	924	924	924	924	923	924	924	923	923	923	923	924	923	924	923	924	924	923	923
1839	-102646	924	924	925	924	924	925	924	924	924	924	924	924	924	924	924	924	924	924	924	924	924	924	924	924	924	924	924	925	924	924	925	924	924	924	925	924	924	924	924	924	924	924	925	924	924	925	924	924	924	924	924	924	924	924	924	925	924	924	924	924	924	924	924	925	925	925	924	925	924	925	924	924	924	924	924	924	924	924	924	924	924	925	924	924	924	924	924	924	924	924	924	924	924	924	924	924	924	924	924	925	925	925	925	925	924	925	925	925	925	924	925	924	925	924	924	924	925	925	925	924	925	924	924	924	924	924	925	925
1840	-102153	925	925	925	925	925	925	925	924	925	925	924	925	925	925	925	924	924	925	925	925	924	925	924	925	924	925	925	925	925	924	925	925	925	924	925	925	925	925	924	925	925	926	924	925	925	924	925	925	925	924	925	925	924	925	925	925	925	925	925	925	925	925	925	925	925	924	924	924	924	924	924	925	925	925	924	925	925	925	924	924	925	925	925	924	924	925	925	924	924	924	925	924	924	925	925	924	925	925	925	925	924	925	925	925	925	925	925	925	925	925	925	925	925	925	925	925	925	925	925	925	925	925	925	925	924	924	925	925
1841	-101661	925	925	926	925	925	925	925	926	925	925	926	925	926	926	925	925	925	925	925	925	925	925	926	925	925	926	926	925	925	925	926	925	926	926	926	926	926	926	925	926	925	925	925	925	925	925	925	924	925	925	924	925	925	925	925	925	925	925	925	925	925	926	926	925	925	925	925	925	926	925	925	925	925	925	925	925	925	925	925	925	926	925	925	925	925	925	925	925	926	925	925	925	925	926	926	926	925	926	926	926	926	925	925	926	925	926	925	926	925	926	925	926	926	926	926	926	926	926	926	925	925	926	926	926	925	925	926	926
1842	-101169	926	926	926	926	926	926	926	926	926	926	926	926	926	926	926	926	926	926	925	926	925	926	926	926	925	926	925	925	926	925	925	926	925	926	925	925	926	925	926	925	926	926	926	925	926	926	925	926	926	926	926	926	925	926	925	925	926	926	926	925	926	925	926	926	926	926	925	926	926	926	926	926	926	926	925	926	926	926	926	926	925	926	925	926	926	926	926	925	925	925	925	926	925	925	925	926	925	925	925	926	925	925	925	925	926	926	925	925	925	926	926	926	925	925	925	926	925	926	925	926	926	925	926	926	926	926	926	926
1843	-100676	926	926	926	926	926	926	926	926	926	926	926	926	926	926	926	926	926	926	926	926	926	926	926	926	926	926	926	926	926	926	926	926	926	926	926	926	926	926	926	926	926	926	926	926	926	926	926	926	926	926	927	927	926	926	926	926	926	926	926	926	926	926	926	926	926	926	925	926	926	926	926	926	926	926	926	926	926	927	926	926	927	926	926	926	926	926	926	926	926	926	926	926	926	926	926	926	926	926	926	927	927	926	926	926	927	927	926	926	926	926	927	927	927	926	927	926	927	927	926	926	927	926	927	927	926	927	926	927
1844	-100184	927	926	926	926	926	927	927	927	926	927	926	926	926	926	926	926	926	927	927	927	926	926	926	926	927	927	927	926	927	927	926	926	927	926	927	926	927	927	926	926	927	926	926	926	927	927	927	926	926	927	927	927	927	927	927	927	927	927	927	927	927	927	927	927	927	927	927	927	927	927	927	927	927	927	927	926	927	927	927	927	927	927	927	927	927	928	927	927	927	927	927	927	927	926	927	927	927	927	926	927	926	926	926	926	927	927	926	927	927	927	926	927	927	927	927	927	927	927	926	927	926	926	927	926	927	927	927	926
1845	-99692	927	927	927	927	927	927	927	927	927	927	927	927	927	927	928	927	927	927	927	927	927	927	927	927	927	927	927	927	927	927	927	927	927	927	927	927	927	927	927	927	927	927	928	927	927	927	928	928	928	928	927	927	928	928	927	927	927	928	928	927	927	928	927	927	927	927	927	928	928	927	927	928	927	927	927	927	927	927	927	927	927	927	927	927	927	927	927	927	927	928	928	927	928	928	927	927	927	928	927	927	927	927	927	927	927	927	927	927	927	928	927	927	927	927	927	927	927	927	927	928	927	927	927	927	927	927	927	927
1846	-99199	928	927	927	927	927	927	928	927	927	928	928	927	927	928	928	928	927	927	928	928	927	927	928	928	928	927	927	927	927	927	927	927	927	927	928	928	928	927	927	927	927	927	928	927	927	927	928	927	927	928	928	927	928	928	928	928	928	928	928	928	928	927	928	927	928	927	928	928	928	928	928	928	928	928	928	928	928	928	928	928	928	929	927	928	927	927	928	928	928	928	927	928	928	928	927	927	927	927	928	927	928	928	927	927	928	927	927	928	928	928	928	928	928	928	927	928	928	928	928	928	927	928	928	928	928	928	928	928
1847	-98707	928	928	928	928	928	928	928	928	928	928	928	928	928	928	928	928	928	928	928	928	928	928	928	928	928	927	928	928	928	928	928	929	928	928	928	928	928	928	929	928	928	928	928	928	928	928	928	927	928	928	928	929	927	928	927	928	928	927	928	928	928	928	928	928	928	928	928	928	928	928	928	928	928	928	928	928	928	928	929	928	928	928	928	928	928	928	928	928	928	928	928	928	928	928	928	928	929	929	928	928	928	929	929	928	928	928	928	928	928	928	929	928	928	928	928	928	928	928	928	929	929	928	929	929	929	929	928	928
1848	-98215	929	929	930	929	929	929	929	929	929	929	929	928	929	928	928	928	928	929	929	929	929	929	928	929	929	929	929	929	929	929	929	929	928	929	928	929	929	929	929	929	929	928	929	929	929	928	929	929	929	928	929	929	929	929	929	929	929	929	928	929	928	929	928	929	928	928	928	928	928	928	929	929	928	928	928	928	928	928	929	929	928	929	929	928	928	929	929	929	929	929	929	929	929	929	929	929	929	929	929	929	929	929	929	929	928	928	929	929	929	929	929	929	929	929	929	929	929	929	929	929	929	929	929	929	929	929	929	928
1849	-97723	929	929	929	929	929	929	929	929	930	929	929	929	930	930	929	929	928	928	929	929	929	928	929	929	929	929	929	929	929	929	929	929	929	929	929	929	929	929	929	930	929	929	929	929	929	929	929	929	929	929	929	929	929	929	929	929	930	929	928	930	930	929	929	929	929	930	929	929	929	930	929	929	929	929	929	929	929	929	929	929	929	929	929	929	929	929	929	929	929	930	929	930	929	930	930	929	930	929	929	929	929	929	929	929	929	929	929	929	929	929	929	929	929	929	929	928	930	929	929	929	929	929	929	929	929	929	929	929
1850	-97230	929	930	930	929	929	930	930	930	930	930	930	930	930	930	931	930	929	930	930	930	930	929	930	929	930	930	930	929	930	930	930	929	930	930	930	931	930	930	930	930	930	930	930	931	930	930	929	930	930	930	930	930	930	930	930	930	930	930	930	930	930	930	930	930	930	930	930	930	930	930	930	930	930	930	930	930	930	929	929	930	930	930	929	930	930	930	930	930	930	930	930	930	930	930	929	929	929	930	930	930	930	929	930	929	930	930	930	930	930	930	930	930	930	930	930	930	930	930	930	930	930	929	930	930	930	930	930	930
1851	-96738	930	930	930	930	930	930	929	930	930	930	930	930	930	930	930	930	930	930	930	930	930	930	930	929	930	929	930	930	930	930	930	930	930	930	930	931	931	930	930	930	930	930	930	931	930	930	930	930	930	930	930	930	930	930	931	930	930	930	930	930	930	930	930	930	930	930	931	931	930	930	930	930	930	930	931	930	930	930	930	930	930	930	930	930	930	930	930	930	930	930	930	930	931	930	930	930	930	930	930	930	930	930	931	930	930	930	930	930	930	930	930	931	931	931	930	931	931	931	930	931	930	930	931	930	930	930	931	931
1852	-96246	930	931	930	930	931	931	930	931	931	931	931	931	931	931	931	931	931	931	931	931	931	931	931	931	931	931	931	931	930	931	931	931	931	930	931	931	931	931	930	931	930	931	930	930	931	930	930	930	931	930	931	931	931	931	930	931	931	931	930	930	930	930	930	930	930	931	930	931	930	930	930	931	930	931	930	931	931	930	930	930	930	931	931	931	931	931	931	931	931	931	931	931	931	931	931	931	931	930	931	931	931	931	931	931	930	930	931	931	931	931	931	931	931	931	931	930	930	930	930	931	930	930	930	930	930	931	930	931
1853	-95753	931	931	931	931	931	931	931	931	931	931	931	931	931	931	931	931	931	931	931	931	931	931	931	931	931	931	931	931	931	931	931	931	931	931	931	930	931	931	931	931	931	931	931	931	931	931	931	931	932	931	932	931	931	931	931	931	931	931	931	931	931	931	931	932	931	931	932	932	932	931	932	932	931	932	932	932	932	931	932	932	932	931	931	932	932	931	931	932	931	931	931	931	932	931	931	931	931	931	931	931	931	931	931	931	931	931	931	931	931	931	931	931	931	931	931	931	931	931	931	931	931	931	931	931	931	931	932	931
1854	-95261	932	932	931	932	932	932	931	932	932	932	932	932	932	932	932	932	932	932	932	932	931	932	931	931	932	931	932	932	932	932	931	932	932	932	931	931	932	932	932	932	931	932	931	932	931	931	931	931	932	932	932	931	931	931	931	931	932	932	932	932	932	931	931	931	931	931	931	931	932	931	932	931	932	932	932	932	932	932	931	931	932	932	931	931	932	932	932	932	932	932	932	932	932	932	932	931	932	931	932	932	932	932	932	932	932	932	932	931	931	932	931	932	931	931	932	931	931	931	931	931	931	931	931	932	931	932	931	931
1855	-94769	932	932	932	932	932	932	932	932	932	931	932	932	932	932	932	932	932	932	931	932	932	932	932	931	931	932	932	932	932	932	932	932	932	932	932	932	932	932	932	932	932	932	932	932	932	931	932	932	931	932	932	932	931	932	932	932	932	931	932	932	932	932	932	932	932	932	932	932	932	932	931	932	932	932	932	932	932	932	932	932	932	932	932	932	932	932	932	932	932	933	932	932	932	932	932	932	932	932	932	933	933	932	932	932	932	932	932	932	933	932	932	932	932	932	932	931	932	931	932	932	931	932	932	932	932	932	932	932
1856	-94276	932	933	933	933	932	932	933	933	933	932	932	932	932	932	932	932	933	932	933	933	932	933	933	933	932	933	933	932	933	933	933	933	933	932	932	932	933	932	933	932	932	932	933	933	932	932	933	933	933	933	932	933	933	933	932	932	933	933	932	933	932	933	932	932	932	933	933	933	933	933	933	933	933	933	933	933	933	933	933	933	933	933	932	933	933	933	933	933	933	933	933	933	933	933	933	933	934	933	933	933	933	933	933	933	933	933	933	933	933	933	933	933	933	932	933	933	933	933	933	933	933	933	932	932	932	932	933	933
1857	-93784	933	934	933	933	933	933	933	933	934	933	933	933	933	933	934	933	933	933	933	933	933	933	933	933	933	933	933	933	933	932	933	933	933	933	933	932	932	932	933	932	933	932	933	933	933	933	934	933	933	933	933	933	934	933	933	933	933	933	933	933	933	933	933	933	933	933	933	933	934	934	934	934	933	934	933	934	934	934	934	933	933	934	933	934	934	933	933	933	933	934	934	933	933	933	932	933	934	933	933	933	933	933	933	933	932	933	932	933	933	933	933	933	933	933	933	934	933	933	933	933	932	933	933	933	933	933	933	932
1858	-93292	934	934	934	934	934	934	934	934	933	934	933	934	933	933	935	934	934	933	934	934	934	934	934	934	934	934	934	934	934	934	934	934	934	934	933	933	934	933	933	934	934	934	933	934	933	934	934	934	934	933	934	933	933	933	933	934	934	934	934	933	933	933	933	933	933	934	933	934	934	934	933	934	933	933	933	933	933	933	933	933	934	934	934	934	934	933	934	934	934	934	934	934	934	934	934	934	934	934	934	934	934	934	934	934	934	934	934	933	934	934	934	934	933	934	934	934	934	934	933	933	933	933	934	933	934	934	933	934
1859	-92799	934	934	934	934	934	934	935	934	934	934	934	934	934	934	934	935	934	935	934	934	934	935	935	934	934	935	934	934	935	935	935	934	935	934	934	934	934	934	934	934	934	934	935	934	934	934	934	935	934	934	934	934	934	934	934	934	934	934	934	934	934	934	934	934	934	934	934	934	934	934	933	934	934	934	935	934	934	934	934	934	935	935	934	934	934	934	935	934	934	934	934	934	934	935	934	934	934	934	934	934	935	934	935	934	934	934	934	934	934	934	935	935	935	934	934	934	934	935	935	935	935	934	934	934	934	934	934	934
1860	-92307	934	934	934	934	934	934	934	935	934	935	935	935	935	935	935	935	935	935	935	935	934	935	935	935	935	934	934	935	935	935	934	934	935	935	934	935	935	934	935	935	935	935	934	935	934	934	935	935	934	934	934	935	935	935	934	935	935	935	934	934	935	935	935	934	935	934	934	934	935	934	934	934	934	934	934	934	934	934	934	934	934	935	934	934	934	934	935	934	935	935	934	935	934	935	935	935	934	934	935	935	935	934	935	935	934	934	935	935	935	935	934	934	935	935	935	935	935	935	935	934	934	935	935	935	934	934	935	934
1861	-91815	935	935	935	935	935	935	935	935	935	935	935	935	935	935	935	936	935	935	935	935	935	935	935	935	935	935	935	935	935	935	935	935	935	935	935	935	935	935	935	935	935	935	935	935	935	935	935	935	935	935	935	935	935	935	934	935	935	935	935	935	935	935	935	935	935	935	935	935	935	935	936	935	935	935	935	935	935	935	936	935	935	935	935	935	936	935	935	936	935	936	936	935	935	935	935	935	935	935	935	935	935	935	935	935	935	935	935	935	935	936	936	936	935	936	935	936	935	935	935	935	935	935	935	935	935	935	935	935
1862	-91323	936	936	936	936	936	936	936	936	936	936	936	936	936	935	935	936	936	935	936	936	936	935	935	936	936	936	935	936	936	936	935	936	936	936	936	936	936	936	935	935	936	936	936	935	935	936	936	936	936	935	935	936	935	936	936	936	936	935	936	936	936	936	936	935	936	936	936	936	936	936	935	936	935	936	935	935	935	935	935	935	936	935	936	936	935	936	935	936	936	936	936	935	936	936	936	936	935	935	935	935	936	935	935	935	936	935	935	935	936	936	936	935	936	936	936	936	936	936	936	936	936	936	936	936	936	936	936	935
1863	-90830	936	937	936	937	936	936	936	936	936	936	936	936	936	936	936	936	936	936	936	936	936	936	936	936	936	936	936	936	936	936	936	936	936	937	936	936	936	936	936	936	936	936	936	936	936	936	936	936	936	936	936	936	936	937	936	936	936	936	936	936	936	936	936	936	936	936	936	936	936	936	936	936	936	936	936	936	936	936	936	937	936	936	936	936	936	936	936	936	936	936	936	936	936	936	936	936	936	936	936	936	936	936	936	936	936	936	936	936	936	936	936	936	936	936	936	936	936	936	936	936	936	936	936	936	936	937	936	937
1864	-90338	936	936	937	936	936	936	937	937	937	937	937	937	936	936	937	937	937	937	937	937	937	936	936	937	937	936	936	936	936	937	937	937	936	936	937	937	937	936	936	936	936	936	936	936	936	936	937	936	936	936	936	936	936	936	936	937	936	936	936	936	937	936	936	937	936	936	936	937	936	936	936	937	936	936	936	936	936	936	937	936	937	936	937	936	936	937	937	936	936	936	936	936	936	936	936	936	936	936	936	936	936	936	936	936	937	936	937	936	937	936	936	937	936	937	936	936	936	936	936	936	936	936	937	937	936	937	936	936
1865	-89846	937	937	937	937	937	937	937	937	937	937	937	937	937	938	937	937	937	937	937	937	937	937	937	937	938	937	937	937	938	937	937	937	937	937	937	937	937	938	937	937	937	937	937	937	937	937	937	937	937	937	937	937	937	937	937	937	938	937	937	937	937	937	937	937	937	936	937	937	937	937	938	937	938	937	937	937	937	937	937	937	937	937	937	937	937	938	937	937	937	937	937	937	937	937	937	937	937	937	937	937	937	937	937	938	937	937	937	937	937	937	937	936	937	936	937	937	938	937	937	937	937	937	937	936	937	937	937	937
1866	-89353	938	938	938	938	938	937	937	938	938	938	938	938	937	937	937	937	938	937	937	937	937	937	938	938	938	938	938	937	938	937	938	938	938	937	938	938	938	938	938	938	938	937	937	937	937	937	937	937	938	937	937	938	938	938	938	938	937	938	937	938	937	938	938	938	937	938	938	938	938	937	937	938	938	938	938	938	938	937	938	937	938	938	937	937	937	937	938	937	937	937	938	937	938	938	937	938	938	938	938	938	939	938	938	938	937	938	938	938	938	938	938	938	938	937	938	938	938	938	938	938	937	938	938	938	938	938	938	937
1867	-88861	939	938	938	938	938	938	938	938	938	938	938	938	938	938	938	937	938	938	938	938	938	938	938	938	937	938	938	938	938	938	938	938	938	938	938	938	938	938	939	939	939	938	939	938	938	938	938	939	938	938	938	938	938	938	938	938	938	938	938	938	938	938	938	938	938	938	938	938	938	938	938	938	938	938	938	938	938	938	938	938	938	939	938	938	938	938	938	938	939	938	938	938	938	939	938	938	938	938	939	938	938	938	938	938	938	938	938	938	938	938	938	938	938	938	938	938	938	937	938	938	938	938	938	938	938	938	938	939
1868	-88369	938	938	938	939	939	938	938	939	938	938	938	938	939	938	938	938	938	939	938	938	938	938	938	938	939	939	939	938	938	938	939	938	939	938	938	938	938	938	938	938	938	938	938	938	938	938	938	938	939	939	938	939	939	938	939	939	939	938	939	938	938	939	938	938	939	938	938	939	939	938	938	939	939	939	939	938	939	938	938	938	939	939	939	939	938	939	939	938	939	939	938	939	938	938	938	939	939	939	938	938	938	938	938	938	938	938	938	938	938	939	938	939	938	938	938	939	938	938	939	938	938	938	938	939	938	938	938	939
1869	-87876	939	940	939	939	939	939	939	939	939	939	939	939	939	939	939	939	939	939	940	939	939	939	939	939	939	939	939	939	939	939	939	939	939	939	939	939	939	939	940	939	939	939	939	939	939	939	939	939	940	939	939	939	939	939	939	939	939	939	939	940	939	939	939	939	939	939	939	939	939	940	939	939	939	939	939	939	939	940	939	939	939	939	939	939	939	939	939	939	939	939	938	939	939	938	938	939	939	939	939	938	938	939	938	939	939	939	939	939	939	939	939	938	939	939	939	939	939	938	939	939	938	939	939	939	939	939	939	939
1870	-87384	940	940	940	940	940	940	940	940	940	940	940	940	940	940	940	939	940	940	939	940	940	940	940	940	940	940	940	940	939	939	940	939	940	939	939	939	939	939	939	939	939	939	939	939	939	939	939	939	939	939	939	939	939	939	939	939	939	939	939	939	940	940	939	939	940	939	940	940	939	940	939	939	940	940	940	939	939	940	940	940	939	939	940	939	939	939	940	939	940	940	940	940	940	940	940	939	940	940	940	940	939	940	940	940	940	940	940	940	939	939	940	940	940	940	941	940	940	939	939	940	940	940	939	940	940	940	940	939
1871	-86892	940	940	940	941	940	940	940	940	941	940	940	940	940	940	940	940	940	940	940	940	940	940	940	940	940	941	940	940	940	940	941	940	940	940	940	940	940	940	941	940	940	940	940	940	940	940	940	940	940	940	940	940	941	940	940	940	940	940	940	940	940	940	940	940	941	940	940	940	940	940	940	940	940	940	940	940	940	940	940	940	940	940	940	940	940	941	940	940	940	939	940	940	940	940	940	940	940	940	940	940	940	940	940	940	940	940	940	940	940	940	941	940	940	940	940	940	941	941	940	940	940	940	941	941	940	941	940	940
1872	-86399	940	941	940	941	941	941	940	940	941	941	941	940	940	941	940	941	940	940	941	941	941	940	941	941	941	941	940	941	941	941	941	941	940	941	941	941	940	941	940	940	941	941	940	940	941	940	941	940	941	941	940	940	940	940	941	941	940	940	940	940	940	940	940	940	940	940	940	941	941	941	940	940	940	940	940	940	940	940	940	940	940	940	940	940	940	941	941	941	941	940	941	940	941	940	940	940	940	940	940	940	941	940	940	940	940	941	940	940	941	940	941	941	941	940	940	941	941	941	941	941	941	941	941	941	940	940	940	940
1873	-85907	941	941	941	941	941	940	941	941	941	941	941	941	941	941	941	942	941	941	941	941	941	941	941	941	941	940	941	941	941	941	941	941	941	941	941	941	941	941	941	941	941	941	941	941	941	941	941	941	940	941	941	941	941	941	941	941	941	941	941	941	942	941	941	941	941	941	941	941	942	941	941	941	941	942	942	942	942	941	941	941	942	942	942	941	941	941	942	941	942	941	942	942	941	942	941	941	941	941	941	941	941	941	941	942	941	942	941	941	942	941	941	941	941	941	941	941	941	940	940	940	941	941	941	941	941	941	941	941
1874	-85415	941	941	941	941	941	942	942	941	941	941	941	942	941	941	941	942	941	942	941	941	941	941	941	941	941	941	942	941	941	942	942	942	942	942	941	941	942	942	941	941	941	942	941	942	941	942	941	941	941	941	941	941	941	941	942	942	941	941	941	942	941	941	941	942	942	942	942	942	942	942	942	942	941	941	942	942	942	942	942	942	942	942	942	942	942	942	942	942	941	942	942	941	942	942	942	942	942	942	942	941	941	941	941	941	941	941	941	942	941	941	941	942	941	941	941	942	942	942	942	941	941	942	941	942	941	941	941	941
1875	-84923	942	942	942	942	942	942	942	942	942	942	942	942	942	943	942	943	943	942	942	942	942	942	941	942	942	942	942	942	941	942	942	942	942	942	942	942	942	942	942	943	942	942	943	942	942	942	942	942	942	942	942	942	942	941	942	942	942	942	941	942	942	941	942	942	942	942	942	942	942	942	942	942	942	942	942	942	942	942	941	942	941	942	941	942	941	942	941	942	942	942	942	942	941	942	942	942	942	942	941	942	942	941	942	942	942	942	942	942	942	942	942	942	942	942	942	942	942	943	942	942	942	942	942	942	942	942	942	942
1876	-84430	943	943	942	943	943	942	943	942	943	943	943	942	943	943	943	943	943	943	942	942	943	942	942	943	943	943	943	943	943	942	943	943	943	942	943	942	942	943	943	943	943	943	943	943	942	942	942	943	943	943	942	942	942	942	942	942	943	942	943	943	942	942	942	942	942	943	942	942	942	942	943	942	942	943	943	942	943	943	943	942	942	943	943	943	943	943	943	943	943	943	943	942	943	943	942	943	943	943	943	942	943	943	943	943	943	943	943	942	942	943	943	942	942	942	942	942	942	943	943	942	942	942	942	942	942	942	943	943
1877	-83938	943	944	943	943	943	943	943	943	943	943	943	943	943	943	943	943	943	943	943	943	943	942	943	943	943	943	943	943	943	943	943	943	944	943	943	943	943	943	943	943	943	943	943	943	943	943	943	943	943	943	942	943	943	943	943	943	943	943	943	943	943	943	943	943	943	943	943	943	943	943	943	943	943	943	943	943	943	943	943	943	943	943	943	943	943	943	943	943	943	943	943	944	943	943	943	943	943	943	943	943	943	943	943	943	943	943	943	943	943	943	943	943	943	943	943	943	943	943	943	943	943	943	943	943	943	943	943	943
1878	-83446	943	944	944	944	943	943	944	944	944	944	944	944	943	944	944	944	943	944	943	943	944	943	944	943	943	943	944	943	943	944	944	943	943	944	944	944	943	944	943	944	944	943	944	943	944	944	943	944	944	943	944	944	944	944	944	944	944	944	944	944	944	944	944	944	944	944	943	944	944	943	943	943	943	943	943	943	944	943	943	943	943	943	943	943	943	943	943	943	943	943	943	943	944	943	943	943	943	943	943	943	943	944	944	943	943	943	943	942	943	943	944	943	943	944	944	944	944	944	944	944	944	944	944	944	944	944	944	944
1879	-82953	944	944	944	944	944	944	944	944	944	944	944	944	944	944	944	944	944	944	944	945	944	944	944	944	944	944	945	945	944	944	944	944	945	944	944	944	944	944	944	944	944	944	944	944	944	944	944	944	944	944	944	944	944	944	944	943	944	944	944	944	944	944	944	944	944	944	944	944	945	944	944	944	944	945	944	944	944	944	944	944	944	944	943	944	944	944	944	944	944	944	944	944	944	944	944	944	944	944	944	944	944	944	944	944	944	944	944	944	944	944	944	944	945	944	944	944	944	944	945	944	944	944	944	944	944	944	944	944
1880	-82461	944	944	945	944	944	944	944	945	944	944	944	944	944	944	944	944	944	944	944	944	944	944	944	944	944	944	944	944	944	944	944	944	944	944	944	944	944	944	944	944	944	944	944	944	944	944	944	944	944	944	944	944	944	944	944	944	944	944	943	944	944	944	944	944	944	944	944	944	944	944	944	944	944	944	944	944	944	944	945	945	944	944	944	944	944	944	944	944	945	945	944	944	945	944	944	944	944	944	945	944	944	944	944	944	944	944	944	945	944	945	944	944	944	944	944	944	944	944	944	944	944	944	944	945	945	944	944	944
1881	-81969	945	945	945	945	945	945	945	945	945	945	945	945	945	945	944	945	945	945	945	945	945	945	945	945	945	946	945	945	946	945	946	945	945	945	945	945	945	945	945	946	946	945	945	945	945	945	945	945	945	945	945	945	945	945	945	945	945	946	945	945	945	945	945	946	945	945	945	945	945	945	945	945	944	945	945	945	944	945	945	945	945	945	945	945	945	945	945	945	945	945	945	945	945	944	945	945	945	945	945	945	945	945	945	945	944	944	945	945	944	945	945	945	945	945	945	945	945	945	945	945	946	945	945	945	945	945	945	944
1882	-81476	945	945	945	945	945	945	945	945	946	945	945	945	945	945	945	945	945	945	945	946	945	945	945	946	945	945	945	945	946	945	945	945	945	945	946	946	946	946	945	945	946	946	946	945	946	946	945	946	946	945	945	946	946	945	946	946	946	946	946	946	946	945	945	945	945	945	946	946	945	945	945	945	945	945	945	945	945	945	945	945	945	946	946	946	946	946	946	946	946	946	946	946	946	946	946	945	945	945	945	946	945	945	945	946	945	946	946	946	946	945	945	945	946	945	945	945	945	945	946	946	945	946	945	946	946	946	946	945
1883	-80984	946	946	946	946	946	946	945	945	945	945	945	945	945	946	945	946	945	945	945	945	945	945	945	946	946	946	946	946	946	946	946	946	946	946	946	946	946	946	945	946	946	946	946	946	946	946	946	946	945	946	946	946	946	946	946	945	946	946	946	946	946	946	945	946	946	946	946	946	946	946	946	947	946	946	946	946	946	946	946	946	946	946	946	946	946	946	946	946	946	946	946	946	946	946	946	946	946	946	946	945	946	946	946	946	945	946	945	946	946	946	946	946	945	946	946	946	946	946	946	946	945	946	946	946	946	946	946	946
1884	-80492	946	947	947	946	946	946	946	946	946	946	946	946	947	946	946	946	946	946	947	946	947	946	946	946	946	946	946	946	946	946	946	946	946	946	946	946	946	946	946	946	946	946	946	946	946	946	946	946	946	947	947	946	947	946	947	947	947	947	947	947	947	947	947	947	947	947	946	947	946	947	947	947	947	946	946	946	947	947	947	946	946	947	947	947	946	947	947	947	947	946	947	946	946	946	946	946	946	946	946	946	946	946	946	946	946	946	946	946	946	946	946	946	946	946	947	947	947	946	947	946	946	946	947	946	946	946	946	947
1885	-79999	947	947	947	947	947	947	947	947	947	947	947	947	947	947	947	947	946	947	947	947	947	947	947	947	946	947	947	947	947	947	947	947	948	947	947	948	947	947	947	947	947	947	947	947	947	947	947	947	947	947	947	947	947	946	947	947	947	948	947	947	947	947	947	947	947	947	947	947	947	947	947	947	947	947	946	946	946	947	947	947	947	946	947	947	946	946	947	946	946	947	946	947	946	947	947	946	946	946	946	947	947	946	946	947	947	947	947	946	947	947	946	947	947	947	947	947	947	947	947	947	947	947	947	947	947	947	947	947
1886	-79507	947	947	947	947	948	947	947	947	947	948	948	948	947	947	948	948	948	947	948	947	947	948	948	948	947	948	947	947	948	947	947	947	947	947	948	948	948	948	948	947	948	948	948	947	948	947	948	947	948	948	947	947	947	947	947	948	948	947	947	947	947	947	947	947	947	947	948	947	947	947	947	947	947	948	947	948	947	948	948	948	948	947	948	948	947	948	947	948	948	947	947	948	948	948	947	947	947	948	947	947	947	947	947	947	947	947	948	947	947	947	947	947	947	947	948	947	947	948	947	947	947	947	947	947	948	948	948	947
1887	-79015	948	948	948	948	948	948	948	948	948	948	948	948	948	948	948	948	948	948	948	948	948	948	948	948	949	948	949	948	948	948	948	948	948	948	948	948	948	948	948	948	948	948	948	948	948	948	948	948	948	948	948	948	948	948	948	948	948	947	947	947	947	947	948	948	948	948	948	948	947	948	948	948	948	948	948	947	948	948	948	948	948	948	948	948	948	948	948	947	948	948	947	948	948	948	948	948	948	947	948	948	948	948	948	948	948	948	948	948	948	947	947	948	948	948	947	947	947	948	947	947	948	948	948	948	948	948	947	948
1888	-78523	948	948	949	948	949	948	948	949	949	949	949	949	949	949	949	949	949	949	949	948	949	949	948	948	948	949	949	949	949	948	948	949	948	948	949	949	949	949	948	948	949	949	948	949	949	949	949	949	948	949	949	948	948	949	948	949	948	948	948	949	949	949	949	949	948	949	949	949	948	949	948	948	949	948	949	949	948	949	948	948	948	948	949	949	949	948	949	948	948	949	948	948	948	948	949	948	948	948	949	948	948	948	948	948	948	948	948	949	949	948	948	948	949	949	948	948	948	948	948	949	948	948	948	948	948	949	948	948
1889	-78030	949	949	949	949	949	949	949	949	949	948	948	949	949	949	949	948	949	950	949	949	949	949	949	949	949	949	949	949	949	949	949	949	949	949	949	949	949	949	949	949	948	949	949	949	949	949	949	949	949	949	950	949	949	949	950	949	949	949	949	949	949	949	949	950	949	949	949	949	949	949	949	949	948	949	949	948	949	949	949	949	949	948	949	949	949	949	949	949	949	949	949	948	949	949	949	949	949	948	949	948	949	948	948	948	949	949	948	948	949	949	949	949	949	949	949	949	949	949	949	949	949	949	949	948	949	949	949	949
1890	-77538	949	949	949	949	949	949	949	949	949	949	949	949	950	949	950	949	949	950	950	949	949	950	949	950	949	949	950	949	949	949	949	949	949	949	949	949	949	949	949	949	949	949	949	949	949	949	950	949	950	949	949	949	950	949	950	949	949	949	949	949	949	949	949	949	950	949	950	950	950	950	950	950	950	950	949	949	949	950	950	949	949	949	949	949	949	949	950	949	949	949	949	949	949	949	949	949	949	949	949	949	949	949	949	949	949	950	949	949	949	949	949	950	950	950	950	949	949	949	950	949	949	949	949	950	949	950	949	950
1891	-77046	950	950	950	951	950	950	950	950	950	950	950	950	950	950	950	950	950	950	950	950	950	950	950	950	950	950	950	950	950	950	950	950	950	950	950	950	950	950	950	950	950	950	950	950	950	950	949	950	949	950	949	950	950	950	950	950	950	950	950	950	950	950	950	950	950	950	950	951	950	950	950	950	950	950	950	950	950	950	950	950	950	950	950	950	950	950	950	950	950	950	950	950	950	950	950	950	950	950	950	950	950	950	950	950	950	949	950	950	949	950	950	949	950	949	950	950	950	950	950	950	950	950	950	950	950	950	950	950
1892	-76553	950	950	951	950	950	950	951	950	951	950	950	950	951	951	950	950	951	950	950	951	951	951	950	950	951	950	950	950	950	951	950	950	950	950	950	950	950	951	951	951	950	950	951	950	950	950	950	950	950	950	950	950	950	951	950	950	950	951	950	950	950	950	951	950	950	950	950	950	950	950	950	950	950	950	950	950	950	950	950	950	950	950	950	950	951	950	950	950	950	950	950	951	950	950	950	951	950	951	950	951	950	951	950	950	951	950	950	950	950	950	950	951	950	951	950	950	951	951	951	950	951	950	950	950	950	951	951	951
1893	-76061	951	951	951	950	950	951	951	951	951	951	950	950	950	951	951	951	951	951	951	951	951	951	951	951	952	951	951	951	951	951	951	951	951	951	951	951	951	951	951	951	951	951	951	951	951	951	951	951	951	951	952	951	951	951	951	951	951	951	951	951	951	951	951	951	951	951	951	951	951	951	951	951	952	951	951	951	951	951	951	951	951	951	951	951	951	950	951	951	950	951	951	951	951	951	951	951	951	951	951	951	951	951	951	951	951	951	951	951	952	951	951	951	951	951	951	951	951	951	951	951	951	951	951	951	951	950	950	951
1894	-75569	952	951	951	952	951	951	951	951	951	952	951	951	951	951	951	952	951	952	952	952	952	952	952	952	952	952	952	952	951	952	951	952	952	951	952	951	951	952	952	951	952	952	951	952	952	951	952	951	952	952	951	952	951	951	951	951	951	951	951	951	952	951	951	952	952	952	951	952	952	952	952	951	951	951	951	951	951	951	951	951	951	951	951	951	951	951	951	952	951	951	951	951	951	951	951	951	951	951	951	950	951	951	951	951	951	951	951	951	951	951	952	952	951	951	951	952	952	952	951	951	951	951	952	951	951	951	951	951
1895	-75076	952	952	951	951	951	952	952	952	951	951	952	952	952	952	952	952	952	952	953	952	952	952	952	952	952	952	952	952	952	952	952	952	952	952	952	952	952	952	952	951	952	952	951	952	952	952	952	952	952	952	952	952	952	951	952	952	952	951	952	952	952	952	952	952	952	952	952	952	952	952	952	952	952	952	952	952	952	952	952	952	952	952	952	952	952	952	953	952	952	952	952	952	952	952	952	952	952	952	952	952	952	952	952	952	952	952	953	953	953	953	953	953	952	953	952	952	952	952	952	952	952	952	952	952	952	952	952	952
1896	-74584	952	952	952	952	952	952	952	952	952	952	952	952	952	952	952	952	952	952	952	952	952	952	952	952	953	952	952	952	952	953	952	952	952	953	952	952	952	952	952	952	952	953	952	952	952	952	952	952	952	953	952	952	952	952	952	952	952	953	953	952	952	952	952	952	952	952	952	952	953	952	952	952	952	952	953	952	953	952	953	952	953	953	953	953	953	953	953	953	952	952	952	953	952	953	953	953	952	952	952	953	952	953	952	953	952	952	953	953	952	952	952	952	952	952	952	952	952	952	952	952	952	952	952	952	952	952	952	952
1897	-74092	952	952	952	953	952	953	952	952	953	952	953	953	952	952	952	953	953	953	952	953	953	953	953	952	953	952	953	953	953	953	953	953	953	953	953	953	953	953	953	953	953	952	953	953	953	953	953	953	952	953	953	953	953	952	952	953	953	953	953	953	953	953	953	953	953	953	953	953	953	953	952	953	953	952	953	953	952	953	953	953	952	953	953	952	953	953	953	953	953	953	954	953	954	953	953	953	953	953	953	953	953	953	953	952	953	953	953	952	953	953	953	953	953	953	953	953	953	953	954	953	953	953	953	953	952	953	952	952
1898	-73599	953	953	953	953	953	954	953	953	953	953	953	953	953	953	953	953	953	953	953	953	953	953	953	953	953	953	953	953	953	953	953	954	954	954	954	953	953	953	953	953	953	954	953	953	953	954	954	953	953	954	953	953	953	953	953	953	953	953	953	953	953	953	953	953	953	953	953	953	953	953	953	954	953	954	953	953	954	954	953	954	953	953	953	953	953	953	953	953	953	953	953	953	953	953	953	953	953	953	953	953	953	953	953	953	953	953	953	953	953	953	953	954	953	953	953	953	952	953	953	953	953	953	953	953	953	953	953	954
1899	-73107	954	954	953	954	953	953	954	953	954	954	954	954	954	954	954	954	954	954	954	954	954	954	954	954	953	953	953	953	953	954	954	953	953	954	953	953	954	954	954	954	953	953	953	953	953	953	953	954	953	954	954	954	953	954	953	953	954	953	953	953	953	954	953	954	953	953	953	953	954	953	953	953	953	953	953	953	953	953	954	953	953	953	954	954	954	954	954	953	954	954	953	953	953	954	953	954	954	954	953	953	954	953	953	954	953	954	953	953	954	954	954	953	953	953	953	954	953	954	954	953	953	954	953	953	953	953	953	953
1900	-72615	955	955	955	954	954	955	955	954	954	954	954	954	954	955	955	954	954	955	954	954	954	953	954	954	954	954	954	953	954	954	954	954	954	954	955	955	954	954	954	955	954	954	954	954	955	954	954	955	954	954	954	954	954	954	954	954	954	954	954	954	954	954	954	955	954	954	954	954	954	954	954	954	954	954	954	954	955	954	954	954	954	954	954	953	954	953	954	954	953	954	954	954	954	954	954	954	954	953	954	954	954	954	954	954	953	953	954	954	954	954	954	953	954	954	954	954	954	954	954	954	954	954	954	954	954	954	954	954
1901	-72123	955	955	955	955	954	955	955	955	954	954	955	955	955	955	955	955	955	955	955	954	955	955	955	955	954	954	955	955	955	955	955	955	955	955	955	955	955	955	955	955	955	954	955	955	954	955	954	955	955	955	954	955	955	955	955	955	955	955	955	955	955	955	955	955	955	955	955	955	955	955	955	954	954	955	955	955	955	955	955	955	955	955	955	954	955	955	955	955	955	955	955	955	955	955	955	955	954	955	955	955	955	955	955	954	954	955	955	955	955	955	955	955	954	955	955	955	955	955	954	955	954	954	954	955	955	955	955	954
1902	-71630	955	956	956	956	955	955	955	956	956	956	956	955	956	955	956	956	955	956	956	956	956	955	955	955	955	956	955	955	956	955	955	955	955	955	955	955	955	955	955	955	955	955	955	956	955	955	956	956	955	956	955	955	955	955	955	956	956	955	956	955	956	956	955	955	956	955	955	955	955	955	955	955	955	955	956	955	955	955	955	955	955	955	955	955	955	955	955	955	955	955	955	955	955	955	954	955	955	955	955	955	955	955	956	955	955	955	955	955	955	955	955	955	956	955	955	955	955	955	956	955	955	956	955	955	955	955	955	955
1903	-71138	955	956	956	956	956	956	956	956	955	956	956	956	956	955	956	956	955	956	956	956	956	955	956	955	955	956	955	955	955	956	955	956	956	956	956	956	956	956	955	955	955	956	956	956	955	956	955	956	955	956	956	955	956	956	956	956	956	956	955	955	956	956	955	956	956	956	956	955	956	956	956	956	956	956	957	956	956	956	955	955	956	956	956	956	955	955	956	956	956	956	956	955	956	956	956	956	956	956	956	956	956	956	956	956	956	956	956	956	956	956	956	956	956	956	956	955	956	956	956	956	955	956	956	956	956	956	956	956
1904	-70646	956	956	956	956	956	956	956	956	956	956	957	956	956	956	956	956	956	956	956	956	956	957	957	956	956	956	956	956	956	956	956	956	956	956	957	956	957	957	956	956	956	956	957	956	957	956	956	956	956	956	956	956	956	956	956	956	956	956	956	955	956	956	956	956	956	956	956	956	956	956	956	956	956	956	956	956	955	955	956	956	956	956	956	955	956	956	956	956	956	956	956	956	956	956	956	956	956	956	956	956	956	956	956	956	957	956	956	956	956	956	956	956	956	956	956	957	956	956	956	957	956	956	957	956	956	956	956	956
1905	-70153	956	956	957	957	956	956	956	957	957	956	957	956	957	957	957	957	957	957	957	957	956	956	956	956	956	956	957	957	958	957	957	957	957	957	957	957	957	957	957	957	957	957	957	957	958	958	957	957	957	957	956	957	957	957	957	957	957	957	957	957	957	957	957	957	957	957	957	957	957	957	957	957	957	957	957	957	957	957	957	957	957	957	957	957	957	957	957	956	957	957	956	956	957	957	956	956	956	957	957	956	957	957	956	957	957	956	956	957	956	957	957	957	957	956	957	957	957	956	957	957	957	957	957	956	957	956	957	956
1906	-69661	957	957	957	957	957	957	957	957	957	957	957	957	957	957	958	957	957	957	957	957	957	957	958	958	957	957	958	958	957	957	957	958	958	958	957	958	957	958	957	957	958	958	958	958	958	957	958	958	958	957	958	957	958	957	957	958	958	957	957	957	958	958	957	958	958	957	958	957	958	957	958	958	957	958	958	958	958	958	957	957	957	958	958	957	958	958	958	957	958	957	957	957	957	958	957	957	957	958	957	957	958	957	957	958	957	957	957	957	958	957	957	957	957	957	957	957	957	957	957	957	957	956	957	957	956	957	957	957
1907	-69169	958	958	958	958	958	958	958	958	958	958	958	958	958	958	958	958	958	958	958	958	958	959	959	958	958	958	958	959	958	958	958	958	958	957	958	958	958	958	958	958	958	958	957	958	958	957	958	958	958	958	957	957	957	958	958	957	958	958	957	958	958	957	958	958	957	958	957	957	957	958	958	957	958	958	957	958	958	958	958	957	958	958	958	957	957	957	958	958	958	958	958	958	958	958	958	958	958	958	958	958	958	957	958	958	958	958	958	958	958	958	958	958	958	958	958	958	957	958	958	958	958	958	958	957	958	957	957	958
1908	-68676	958	958	958	958	958	958	958	958	958	958	958	958	958	958	958	958	958	958	958	958	958	958	958	958	959	958	958	958	958	958	958	958	958	958	958	958	958	958	958	958	958	958	959	958	958	958	959	958	958	958	958	958	958	958	958	958	958	958	958	958	959	958	958	959	958	958	959	959	959	958	958	959	958	958	958	959	958	958	958	958	958	958	958	958	958	958	958	958	958	958	959	958	959	959	958	959	958	959	959	958	959	958	958	958	958	959	958	959	958	958	958	958	958	958	959	958	958	959	959	959	958	958	958	958	959	958	959	958
1909	-68184	958	959	959	958	959	959	958	958	958	959	959	959	959	959	959	959	959	959	959	959	959	959	959	960	959	959	959	959	959	959	959	958	959	958	959	959	959	959	959	959	959	958	959	959	959	959	959	959	959	959	959	959	959	959	959	959	959	959	959	959	959	959	958	959	959	958	958	958	959	959	959	958	959	959	958	959	959	959	958	959	959	959	959	959	959	959	959	959	958	959	959	959	959	959	959	959	959	959	959	958	959	959	959	959	959	959	959	958	959	959	959	959	959	959	959	959	959	959	959	959	959	959	959	959	959	959	959	959
1910	-67692	958	959	959	959	959	959	959	959	959	960	959	959	959	959	959	959	959	959	959	959	959	959	960	959	959	959	960	959	960	959	959	959	959	960	960	960	959	959	959	959	959	960	959	959	959	959	959	959	960	959	959	960	959	960	959	959	960	959	959	959	959	959	959	960	959	959	959	959	959	960	960	959	959	959	959	960	959	959	959	959	959	959	959	960	960	959	960	959	960	959	959	959	959	959	960	960	959	959	959	959	960	960	960	959	959	959	959	959	959	960	960	960	960	960	959	960	959	960	960	959	960	960	959	959	960	959	959	959
1911	-67199	960	960	960	960	960	960	960	960	960	960	960	960	960	960	960	960	960	960	960	960	960	960	960	960	959	960	960	960	960	960	960	960	960	960	960	960	960	960	960	960	960	960	960	960	960	960	960	960	960	960	960	960	960	960	960	960	960	960	960	960	960	960	960	960	960	959	960	959	960	960	960	960	959	959	960	959	960	960	960	960	960	960	960	960	960	960	960	960	960	960	960	960	959	960	960	960	959	959	960	959	960	960	960	960	960	960	960	960	960	960	960	960	960	960	960	960	960	960	960	960	960	960	960	960	960	960	959	960
1912	-66707	961	961	961	961	961	960	960	960	961	960	961	960	960	960	960	961	960	960	960	960	960	961	961	961	961	960	961	961	960	960	960	960	960	960	960	960	960	960	961	961	961	961	961	960	961	960	960	961	961	960	960	960	960	960	960	960	960	960	960	960	960	960	960	960	960	960	961	960	960	961	961	960	961	961	961	960	960	960	960	960	960	960	960	960	960	960	960	960	961	960	960	960	961	960	961	960	960	960	960	960	960	960	960	960	960	960	960	960	960	960	960	960	960	960	961	960	961	960	961	961	960	961	960	960	960	961	960	960
1913	-66215	961	961	961	961	961	961	960	960	961	960	961	961	960	961	961	961	961	961	961	961	961	961	961	961	961	961	961	961	960	960	961	960	961	961	960	960	960	960	961	960	960	960	960	960	960	960	960	961	961	960	961	960	960	961	960	960	961	960	961	960	960	960	960	961	960	960	961	960	960	960	960	960	961	961	961	961	960	961	961	960	961	961	961	961	961	961	961	961	961	961	960	961	961	961	961	961	961	961	961	961	961	960	961	960	961	960	960	961	961	960	961	960	960	960	960	961	961	961	961	961	960	961	961	962	961	961	961	961
1914	-65723	961	961	961	961	961	961	961	961	961	961	961	961	960	961	961	961	961	961	961	961	961	961	961	961	961	961	961	961	961	961	962	961	961	961	961	961	961	961	961	961	961	961	961	961	961	961	961	961	961	961	961	961	961	961	961	961	961	961	961	961	961	961	961	961	961	961	961	961	961	961	961	961	962	962	961	961	961	961	961	961	961	961	962	961	961	962	961	962	962	961	961	961	961	961	962	961	961	961	961	961	961	961	961	961	961	961	961	961	961	961	961	961	961	961	961	962	962	962	961	961	961	961	961	962	961	961	962	961
1915	-65230	961	962	962	962	962	962	961	962	962	962	962	962	962	962	962	962	962	961	962	962	962	962	961	961	962	961	962	961	962	961	961	961	962	962	962	962	962	961	962	961	961	961	962	962	962	962	962	962	962	962	962	962	962	962	962	962	962	962	961	962	962	962	962	962	962	962	962	962	962	962	962	962	962	962	962	962	961	962	961	961	961	961	961	962	961	961	961	961	962	961	962	962	962	962	961	962	962	961	962	962	961	961	961	962	962	962	961	961	961	962	962	962	962	962	962	962	962	962	962	962	962	962	962	961	961	962	961	962
1916	-64738	962	961	962	961	962	962	962	962	962	962	962	962	962	962	962	962	962	962	962	962	962	962	962	962	962	962	962	962	962	962	962	962	962	962	962	963	963	962	962	962	962	963	963	962	962	962	963	963	962	962	962	962	962	962	962	962	962	962	963	962	963	963	962	963	963	963	963	963	962	962	963	963	962	962	963	962	962	963	963	963	963	963	963	963	963	963	962	962	963	963	963	963	962	963	963	962	963	963	963	962	963	962	962	962	962	962	962	962	962	963	962	963	963	962	963	962	963	963	962	962	962	963	962	962	962	962	962	962
1917	-64246	963	963	963	963	963	963	963	963	963	963	963	963	963	963	963	963	963	963	963	963	963	963	963	963	963	963	963	963	963	963	963	963	963	963	963	963	963	963	963	963	963	963	963	963	962	963	963	963	963	962	963	962	963	962	962	963	962	963	962	963	963	963	963	962	962	963	963	963	962	963	963	963	963	963	963	963	962	963	963	963	963	962	963	963	963	963	962	963	963	962	963	963	963	963	963	963	963	963	963	963	963	963	962	962	963	963	963	963	963	963	963	963	963	963	963	963	963	962	962	963	962	962	962	962	963	963	963	962
1918	-63753	964	963	963	963	963	964	963	963	964	963	964	963	963	963	963	963	963	963	963	963	963	963	963	963	963	963	963	963	964	963	963	963	963	963	963	963	963	963	963	963	963	963	963	963	963	963	963	963	963	963	963	963	964	963	963	963	963	963	963	963	963	963	963	963	963	964	963	963	963	963	963	963	963	963	963	963	963	963	963	963	963	963	963	963	963	963	962	963	963	963	963	963	963	963	963	963	963	963	963	963	963	963	963	963	963	962	963	963	963	963	963	963	963	963	963	963	963	963	963	963	963	964	963	963	963	963	963	963
1919	-63261	964	964	965	964	964	964	964	964	965	964	964	964	964	964	964	964	964	964	964	964	964	964	964	964	964	964	964	964	964	964	964	964	964	964	964	964	964	964	964	964	964	964	964	964	964	964	964	964	964	964	964	964	964	964	964	964	964	963	964	963	964	964	964	964	963	964	964	964	964	964	964	964	964	964	965	964	964	964	964	964	964	964	964	964	964	964	964	965	964	964	964	964	964	964	964	964	964	964	964	964	964	964	964	964	964	964	964	963	964	964	964	964	964	963	964	964	963	964	964	964	964	964	963	963	964	964	963	964
1920	-62769	963	963	964	964	964	963	964	964	964	964	964	964	964	964	964	964	964	964	964	964	965	965	965	964	965	964	965	964	964	964	964	964	964	964	965	964	964	964	964	964	964	964	964	964	964	964	964	964	964	964	964	964	964	964	965	965	964	965	964	964	964	964	964	964	964	964	964	964	964	964	964	964	964	964	964	964	964	964	964	964	964	964	964	964	964	964	964	964	964	964	964	964	964	964	964	964	964	964	964	964	964	965	964	964	964	964	965	964	964	964	965	964	964	964	964	964	965	964	964	964	965	964	964	965	964	964	965	965
1921	-62276	964	965	964	964	964	965	965	964	965	964	964	964	964	965	964	965	965	964	965	965	965	964	964	964	964	965	965	965	965	965	965	965	965	965	965	964	965	965	965	965	965	965	965	965	965	964	965	965	965	965	965	965	965	964	965	965	965	965	965	965	965	965	964	965	964	964	964	965	965	965	964	965	965	965	965	965	964	965	965	965	965	965	965	965	965	965	965	965	965	965	965	965	965	965	965	965	965	965	965	965	965	965	965	964	965	965	965	965	965	965	965	965	965	965	965	965	965	965	965	965	965	964	965	965	965	964	965	965
1922	-61784	965	965	965	965	965	965	965	965	965	965	965	965	965	965	965	965	966	965	965	965	965	965	965	965	965	965	965	965	965	965	965	965	964	965	965	964	965	965	965	965	965	965	966	965	966	965	966	965	966	965	965	966	965	965	965	965	965	966	965	965	965	965	965	966	965	965	965	965	966	966	966	965	965	965	965	966	965	965	966	965	966	966	966	966	965	966	966	966	966	966	966	965	965	966	965	965	965	965	965	965	965	965	965	965	965	965	965	965	965	965	965	965	965	965	965	965	965	965	965	966	966	966	966	966	965	966	966	966
1923	-61292	966	966	966	966	966	966	965	966	966	966	966	965	966	966	966	966	966	966	966	966	965	966	966	965	966	966	966	966	966	965	965	966	966	966	965	966	965	965	965	966	965	966	965	966	965	966	965	966	966	965	966	966	965	966	966	966	966	966	966	966	966	966	966	966	966	966	966	966	965	966	966	966	966	966	966	966	966	966	966	966	966	966	966	966	965	966	966	966	966	966	966	966	966	966	966	966	965	966	966	966	966	966	966	966	966	966	966	966	966	965	965	966	965	966	966	966	966	966	966	966	966	966	966	966	966	966	966	966
1924	-60799	966	966	966	966	966	966	966	967	966	966	966	966	966	966	967	967	966	966	966	966	966	966	966	966	966	966	966	966	966	966	966	966	966	966	966	966	966	966	966	966	966	966	966	965	966	966	966	966	966	966	966	966	966	965	966	966	966	966	966	966	966	966	966	966	966	966	966	966	966	966	966	967	966	966	966	966	967	966	966	966	966	967	966	967	967	966	966	967	966	966	966	967	966	966	967	966	966	966	966	966	966	966	966	966	966	966	966	966	966	966	966	966	966	966	966	966	966	966	966	966	966	966	966	966	967	966	966	966
1925	-60307	967	967	967	967	967	967	967	967	967	967	967	967	966	967	967	967	967	967	967	967	967	967	967	967	967	966	966	966	966	967	966	966	966	966	966	966	966	966	966	966	967	966	966	967	967	966	966	966	966	966	966	966	966	966	966	966	966	966	966	966	966	966	966	966	966	966	966	967	966	966	967	967	967	967	967	967	966	967	966	967	967	967	966	967	967	967	967	967	967	967	967	967	967	966	967	966	967	967	966	967	967	966	967	967	966	966	966	966	966	966	966	966	967	966	967	967	966	966	967	967	967	967	967	967	967	966	967	966
1926	-59815	967	967	967	968	967	967	967	967	967	967	967	967	967	968	967	967	967	967	967	967	967	968	967	967	967	967	967	967	967	967	967	968	967	967	967	967	968	968	967	968	968	967	967	967	967	967	967	968	967	967	968	967	967	968	967	968	967	967	967	967	968	967	967	967	968	967	968	967	968	968	967	967	967	967	967	967	968	967	967	967	967	967	967	967	967	967	967	967	967	967	967	967	967	967	967	967	967	967	967	966	967	967	967	967	967	967	967	967	966	967	967	966	967	967	966	967	966	967	966	967	967	967	968	967	967	967	967	967
1927	-59323	967	967	967	967	968	966	967	967	967	968	967	967	967	967	967	968	968	968	967	968	968	968	968	968	968	968	967	967	968	967	968	968	968	967	967	967	968	968	968	967	968	967	968	968	967	968	968	967	967	967	968	968	968	967	968	967	968	967	968	967	967	968	967	967	967	967	967	968	967	968	967	968	967	968	968	967	967	967	967	967	968	968	968	968	967	968	967	967	968	968	967	967	968	968	968	967	968	968	968	968	967	968	968	967	967	967	967	967	967	968	967	968	967	968	968	967	967	968	967	968	967	968	967	967	967	967	968	967
1928	-58830	968	968	969	969	968	968	968	968	968	968	968	968	968	968	968	968	968	968	968	968	968	968	968	968	968	968	968	968	968	968	968	968	967	968	968	967	968	968	967	968	968	968	968	968	968	968	968	968	968	968	968	969	968	968	969	968	968	968	968	968	968	968	968	968	968	968	968	968	968	969	968	968	968	968	968	968	968	968	968	968	968	969	968	968	968	968	968	968	968	968	968	968	968	968	968	968	968	968	968	968	968	968	969	968	968	968	968	968	969	968	968	969	968	968	968	968	968	968	968	968	968	968	968	968	969	968	969	968
1929	-58338	968	969	968	968	967	968	968	968	968	968	968	968	968	968	968	968	969	968	969	969	969	968	969	969	968	968	969	969	969	969	969	968	968	969	969	968	969	969	968	968	969	969	969	969	969	969	969	969	968	968	969	969	969	968	968	968	969	969	969	969	969	969	969	969	969	968	968	969	969	969	969	969	969	968	969	968	968	969	969	969	969	969	969	968	969	968	968	969	969	969	969	969	968	969	969	968	969	968	969	969	969	968	968	969	968	968	968	969	969	969	969	969	969	969	969	969	969	969	969	968	968	969	968	969	968	968	969	969
1930	-57846	969	969	970	969	969	969	970	969	969	969	969	969	969	969	969	969	969	969	969	969	969	969	969	969	969	969	969	969	969	969	969	969	969	969	969	969	969	969	970	969	969	969	969	969	969	969	969	968	969	969	969	969	969	969	969	968	969	969	968	969	969	969	969	969	969	969	969	969	969	969	969	969	968	969	969	969	969	969	969	969	968	969	969	969	969	969	969	968	968	968	969	969	969	969	969	969	969	969	969	969	969	969	969	970	969	969	969	969	969	969	969	969	969	969	969	969	969	969	969	969	969	969	969	968	969	968	969	969
1931	-57353	970	970	970	970	970	970	970	970	970	970	970	970	970	970	969	970	970	970	970	969	970	969	969	969	970	969	970	970	969	970	970	970	970	970	970	969	969	969	969	969	969	970	970	970	969	970	970	969	970	970	970	969	969	970	969	970	969	970	970	969	970	969	970	970	969	969	969	970	970	969	969	969	969	970	970	970	970	969	970	969	969	969	970	970	970	970	970	969	970	970	969	969	969	970	969	969	970	969	970	970	970	970	970	970	970	970	970	970	969	970	970	970	970	969	969	970	970	969	970	969	970	969	969	970	970	970	970	970
1932	-56861	970	970	970	970	970	970	970	971	971	971	971	970	970	970	971	971	970	970	971	970	970	971	970	970	970	971	971	970	971	970	970	970	970	970	970	970	971	970	970	970	970	970	970	971	970	970	970	970	970	970	970	970	971	970	970	970	970	970	970	970	970	970	970	970	970	970	970	970	970	970	970	970	970	970	970	970	970	969	970	970	970	970	970	970	969	969	970	970	970	970	970	969	970	970	970	970	970	969	970	970	970	970	970	970	970	970	970	970	970	970	970	970	970	970	970	970	970	971	970	970	970	970	970	970	970	970	970	970
1933	-56369	971	971	971	971	971	970	970	970	971	970	971	970	970	971	970	970	971	971	971	970	970	970	970	970	971	970	970	971	970	970	970	970	971	970	970	971	971	970	970	971	971	970	971	970	971	971	971	971	971	970	971	971	971	971	971	971	971	971	971	971	970	971	971	970	971	970	970	970	971	971	971	971	970	970	970	971	970	970	970	970	970	971	970	970	970	970	971	970	971	971	971	970	971	971	971	970	971	971	971	970	971	970	970	971	970	970	970	970	971	970	970	971	971	971	971	971	971	971	970	971	971	971	971	971	970	971	971	971
1934	-55876	971	972	971	971	971	971	971	971	971	971	971	971	971	971	971	971	972	972	971	972	971	971	972	971	971	971	971	971	972	971	972	972	971	972	972	972	972	971	972	971	971	972	971	971	972	971	971	971	971	971	971	971	971	971	971	971	971	971	971	971	971	971	971	971	971	971	971	971	971	971	971	971	971	971	971	971	971	971	971	972	971	971	971	971	971	971	971	971	971	971	971	971	971	971	971	971	970	971	971	971	971	971	971	971	972	971	972	972	971	971	971	971	971	971	971	971	971	971	971	971	971	970	971	971	970	970	971	971
1935	-55384	971	972	972	971	971	971	971	971	971	972	971	971	972	971	971	971	971	971	971	971	972	971	971	972	972	971	972	972	971	972	972	972	971	972	972	972	972	972	972	972	971	972	972	972	972	972	972	972	972	972	971	972	972	972	972	971	972	972	972	971	972	972	972	972	971	972	972	971	972	972	972	972	972	972	971	971	971	972	971	972	972	971	971	972	972	972	971	972	972	971	972	971	971	972	971	971	972	972	971	971	971	972	971	971	972	971	972	971	971	971	972	972	971	972	971	972	972	971	971	971	972	972	971	972	972	972	972	972
1936	-54892	972	972	972	972	972	972	972	972	972	972	972	972	972	973	973	972	972	973	972	972	972	972	972	972	972	973	972	972	972	972	972	972	972	972	972	972	972	972	972	972	972	972	972	972	972	972	972	973	972	972	972	972	972	973	973	972	972	972	972	972	972	972	972	972	972	972	972	972	972	972	972	972	972	972	972	972	972	972	972	973	972	972	972	972	972	972	972	972	972	972	973	972	972	972	972	972	972	972	972	972	972	973	972	972	972	972	972	972	972	972	972	972	972	972	973	972	972	972	972	972	972	972	972	972	972	971	972	972
1937	-54399	972	973	972	972	972	972	972	972	973	973	973	972	973	973	973	973	973	973	973	973	973	973	972	973	973	972	972	972	973	972	973	973	972	972	973	972	973	972	972	972	972	973	973	973	973	973	973	973	972	973	973	973	973	973	973	973	973	972	973	972	973	973	972	973	973	973	973	973	973	974	973	973	973	972	973	973	973	973	973	972	972	973	973	973	973	972	972	972	973	972	973	973	972	973	972	973	972	973	973	973	973	973	973	973	972	973	973	972	973	972	972	972	972	972	972	972	973	972	972	972	972	972	973	972	972	972	972	972
1938	-53907	973	973	973	973	973	973	973	973	973	973	972	973	973	973	973	973	973	973	973	973	973	973	973	973	973	973	973	973	973	974	974	973	974	973	973	973	973	973	973	973	973	973	973	973	973	973	973	974	972	973	973	973	973	973	974	973	974	973	973	973	973	974	974	973	973	973	973	973	973	973	973	973	973	973	973	973	973	973	973	974	974	973	974	973	973	973	973	974	973	973	973	973	973	973	973	973	973	974	973	973	973	973	974	973	973	973	974	974	974	973	973	973	974	972	973	973	973	973	973	973	973	973	973	974	973	973	974	973
1939	-53415	973	973	974	973	973	974	974	973	973	973	973	973	973	974	973	973	973	973	973	974	974	973	974	973	973	973	973	973	973	974	973	974	974	974	974	973	973	974	973	973	974	973	974	974	974	974	973	974	974	974	974	974	974	974	974	974	974	974	974	973	974	974	974	974	974	974	973	974	974	973	973	973	974	974	974	973	973	973	973	973	973	973	973	973	973	973	973	974	974	974	973	974	974	973	973	974	973	973	973	973	973	973	973	973	973	973	973	973	973	973	973	973	973	973	973	974	973	974	973	973	974	974	974	974	973	974	973	974
1940	-52923	974	974	974	974	973	974	974	974	974	974	974	974	974	974	974	974	974	974	974	974	974	974	974	974	974	974	974	974	974	974	974	974	974	974	974	974	974	974	974	974	974	974	974	974	974	974	974	973	974	974	974	974	974	974	974	974	973	974	974	974	974	974	974	974	974	974	974	974	974	974	974	974	974	974	974	974	973	974	974	974	974	973	974	974	974	974	974	974	974	974	974	974	974	974	974	974	974	974	974	975	974	974	974	974	974	974	974	974	973	974	974	974	974	974	974	974	974	974	974	974	974	974	974	974	974	975	974	974
1941	-52430	975	975	975	975	975	974	975	975	975	975	975	974	974	975	975	975	975	975	975	974	975	975	975	974	975	974	975	975	975	974	975	974	975	975	975	975	975	975	975	975	974	975	975	975	975	975	975	975	975	974	975	975	975	974	975	974	975	974	974	974	975	975	974	975	974	974	975	975	975	975	975	975	975	975	975	975	975	975	975	975	975	975	975	974	975	975	974	975	975	974	974	975	975	975	975	975	974	975	975	975	975	975	975	975	974	975	975	974	975	975	974	975	974	975	974	975	974	974	974	974	974	974	974	975	974	975	975	975
1942	-51938	976	975	976	976	976	975	975	975	975	975	975	975	975	975	975	975	975	975	975	975	974	975	975	975	975	975	975	975	975	975	975	975	975	975	975	976	975	975	975	975	975	976	975	976	975	975	975	975	975	975	975	975	975	975	975	975	975	975	975	975	975	975	976	975	975	975	975	975	975	975	975	975	975	975	975	975	975	975	975	975	975	975	975	975	975	975	975	975	975	975	975	975	975	975	975	975	975	975	975	975	975	975	975	975	975	975	975	975	974	975	975	975	975	975	975	975	975	975	975	975	975	975	975	975	975	975	975	975
1943	-51446	975	975	975	976	976	975	975	975	975	976	976	975	976	976	975	976	976	976	976	976	976	976	976	976	976	976	976	976	976	976	975	975	976	976	976	976	976	976	976	975	976	976	976	976	976	975	976	975	976	975	975	975	975	975	975	976	975	975	975	975	975	975	975	975	975	975	975	975	975	975	975	975	975	975	975	976	975	975	975	976	975	975	975	975	975	975	975	975	975	975	975	975	975	975	976	975	975	975	975	975	976	975	975	976	976	975	975	975	975	975	976	975	975	975	976	976	975	976	975	976	975	976	976	976	976	976	976	975
1944	-50953	976	976	975	975	975	976	976	976	976	976	976	976	976	976	976	977	977	976	976	977	976	976	975	976	976	976	975	976	976	976	976	976	975	976	976	976	976	976	976	976	976	976	976	976	976	976	976	976	975	975	975	976	976	976	976	975	976	976	976	976	976	976	976	975	976	976	976	976	976	976	975	975	975	975	976	976	976	975	975	976	976	976	976	976	976	976	975	976	976	975	976	975	976	976	976	976	976	976	976	976	976	976	976	976	976	976	976	976	976	976	976	976	976	976	976	976	976	976	976	976	975	976	976	976	975	975	976	975
1945	-50461	977	977	977	976	977	977	976	977	977	976	976	976	977	976	976	976	976	976	976	976	976	976	976	976	976	975	976	976	976	976	976	976	976	976	976	977	976	976	976	976	976	977	976	977	976	977	976	976	977	977	976	977	976	977	976	977	977	976	977	977	977	977	977	977	977	977	976	977	977	977	977	977	977	977	977	976	976	977	976	977	976	977	977	976	977	977	977	977	977	976	976	976	977	976	977	976	976	977	976	977	977	977	977	976	977	977	977	977	976	977	976	977	976	977	977	976	977	976	976	977	976	976	976	976	976	976	976	976
1946	-49969	977	977	977	977	976	977	977	977	977	977	977	977	977	977	977	977	977	977	977	977	977	977	977	977	977	977	977	977	977	977	977	977	977	977	977	978	977	977	978	977	977	977	978	978	978	977	977	977	977	977	978	977	977	977	977	978	977	977	977	978	977	978	977	977	977	977	977	977	977	977	977	978	978	977	978	978	978	978	978	978	978	978	977	978	978	977	978	978	978	977	977	977	977	977	978	977	977	977	977	978	977	977	977	977	977	977	977	977	977	977	977	976	977	977	977	977	977	977	977	977	977	977	976	977	977	977	977	977
1947	-49476	978	978	977	978	977	978	977	978	977	977	977	977	977	978	977	978	978	978	978	978	978	977	977	977	977	977	977	977	977	977	977	977	977	977	977	977	977	977	977	977	977	977	977	977	976	976	976	977	976	977	977	977	977	977	977	977	976	977	977	977	977	977	977	977	977	977	977	977	977	977	977	977	977	977	977	977	977	977	977	978	977	977	978	977	978	978	977	977	977	978	977	977	977	977	977	978	977	977	977	977	977	977	977	977	977	977	977	977	978	977	978	977	977	977	977	977	977	977	977	978	978	977	977	977	977	977	977	977
1948	-48984	979	978	978	978	978	978	978	978	978	977	978	978	978	978	978	978	978	977	977	977	978	978	978	978	978	978	978	978	978	977	978	978	978	977	978	977	977	978	978	978	978	978	978	978	978	977	978	978	978	978	978	978	978	977	978	978	978	978	978	978	978	978	978	978	978	978	978	978	978	978	978	979	978	978	979	978	978	978	978	979	978	978	978	978	978	978	978	978	978	978	978	978	978	978	977	977	978	978	978	978	978	978	978	978	978	978	978	977	978	978	978	978	978	978	978	978	978	978	978	978	978	978	978	978	978	978	978	978
1949	-48492	979	979	978	979	979	979	979	979	978	979	979	978	979	979	979	978	978	978	979	979	979	978	979	979	978	978	978	978	979	979	979	979	979	979	979	978	979	978	979	979	978	979	978	979	979	979	979	979	979	979	979	979	979	979	979	978	979	978	978	978	979	978	978	979	978	978	979	979	978	978	978	978	979	978	978	978	978	979	978	979	979	978	978	978	978	978	978	978	978	978	978	978	978	978	978	978	978	978	978	978	979	979	978	978	978	978	978	978	977	978	978	978	978	978	978	978	978	978	978	979	978	978	978	978	978	978	978	978
1950	-47999	979	979	979	979	979	979	979	979	979	978	979	979	979	979	979	979	979	979	979	979	979	979	979	979	979	979	979	979	979	979	979	979	979	979	979	979	979	979	979	979	979	978	979	979	979	979	979	979	979	979	979	979	979	979	979	979	979	979	979	979	979	979	979	979	979	979	979	979	979	979	979	978	979	979	979	978	979	979	979	979	979	979	979	979	979	979	979	979	979	979	979	979	979	979	979	979	979	979	979	979	979	980	979	979	979	979	979	979	979	979	979	979	979	979	980	979	979	979	979	979	979	979	980	979	979	979	979	979
1951	-47507	980	980	979	979	979	980	979	979	979	979	979	979	979	980	979	980	979	980	979	980	979	980	979	979	979	979	979	979	979	979	979	979	979	979	980	979	979	980	979	980	979	980	980	980	979	979	979	979	979	980	979	979	979	980	979	980	980	980	979	980	979	980	979	980	980	980	979	980	980	980	980	980	980	980	980	980	980	980	980	980	980	980	980	980	979	980	980	980	980	980	979	980	979	979	980	980	979	979	979	979	979	979	979	979	980	979	980	979	980	980	979	979	979	979	979	979	979	979	979	979	979	979	979	979	979	979	979	979
1952	-47015	980	980	980	980	980	980	980	980	980	980	980	981	980	980	980	980	980	980	980	981	980	980	980	980	980	980	980	980	980	980	981	980	980	980	981	980	980	980	980	980	980	980	980	980	980	980	980	980	980	980	980	980	980	980	980	980	980	980	979	980	980	980	980	980	980	980	980	980	980	980	980	979	979	980	979	980	980	979	980	980	979	980	980	980	980	979	979	980	979	980	979	980	980	980	980	980	980	980	979	979	979	980	979	980	980	979	980	980	979	980	980	979	980	980	980	980	980	980	980	980	980	980	980	980	980	980	980	980
1953	-46523	980	980	980	981	980	980	980	980	980	980	980	980	980	980	980	980	980	980	980	980	981	980	981	981	981	980	981	981	980	981	981	981	981	981	981	980	981	981	980	981	981	981	981	981	981	981	981	981	981	981	980	981	980	981	981	981	981	981	981	981	980	981	980	981	980	981	981	981	980	981	981	980	981	980	980	980	981	980	980	980	980	980	981	980	980	980	981	980	981	981	981	981	980	980	981	980	981	980	980	981	980	981	981	981	980	980	981	980	980	980	980	981	980	981	980	981	981	981	981	980	981	980	980	980	980	980	980	981
1954	-46030	981	981	982	980	981	981	981	981	980	981	980	980	981	980	981	980	981	981	981	981	980	981	981	981	981	980	981	981	980	981	981	981	981	981	981	981	981	981	981	980	981	981	981	981	981	980	981	980	980	981	980	980	980	980	981	981	981	980	981	981	981	981	981	981	981	981	981	981	981	981	981	981	981	981	981	981	981	981	981	980	981	981	981	981	981	981	981	981	981	981	981	981	982	981	981	980	981	981	981	981	981	981	981	981	981	981	981	981	982	981	981	981	981	981	981	981	981	981	981	981	981	981	981	981	981	981	981	980
1955	-45538	981	982	981	981	981	982	982	982	982	982	981	982	982	982	981	982	982	982	982	982	981	982	982	982	981	982	982	982	982	982	982	981	982	982	982	982	981	982	982	982	982	982	982	981	982	982	981	982	982	981	981	982	981	981	982	982	981	981	982	981	981	982	981	982	982	981	982	981	982	982	981	981	981	981	981	982	981	981	981	981	981	981	982	982	981	981	981	981	982	982	982	982	982	981	982	981	981	981	982	982	981	981	981	981	981	981	982	981	982	981	982	981	981	982	982	981	982	981	982	982	982	982	982	982	982	982	982	982
1956	-45046	982	982	982	982	982	982	982	982	982	982	982	982	982	981	982	982	982	981	982	982	982	981	981	982	982	982	982	982	982	981	981	982	981	982	982	982	982	982	981	982	982	982	982	982	982	982	982	982	982	982	982	982	982	982	982	982	981	981	981	981	981	982	981	982	981	982	981	982	982	982	982	981	982	982	982	982	982	982	982	982	982	982	982	982	982	982	982	982	982	982	982	982	982	982	982	981	982	982	982	982	982	982	982	982	982	982	982	982	982	982	982	982	981	982	981	982	982	981	982	982	982	982	981	982	981	981	982	982
1957	-44553	982	982	982	982	982	982	982	982	983	982	982	982	983	983	982	982	983	982	983	982	983	982	982	983	982	982	982	982	982	983	982	982	983	983	983	983	982	982	983	982	983	982	983	983	982	983	983	983	983	983	983	983	983	983	982	983	983	983	983	983	982	982	982	983	983	982	982	982	982	983	982	982	982	982	982	982	982	982	982	982	982	981	982	982	982	981	982	982	982	982	982	982	982	982	982	982	982	982	982	983	982	982	982	982	982	982	983	982	983	983	983	983	983	982	983	983	982	982	982	982	982	982	983	983	982	983	982	982
1958	-44061	983	982	982	982	983	983	983	983	983	983	983	983	982	983	982	982	983	982	983	982	983	983	983	983	983	983	983	983	983	983	983	983	983	983	983	983	983	984	983	983	983	983	983	983	983	983	983	983	983	983	983	983	983	983	983	983	983	983	983	983	983	983	983	983	983	983	983	983	983	983	983	983	983	983	983	983	984	982	983	983	983	983	983	983	983	983	983	983	983	983	983	983	983	983	983	983	983	983	983	983	983	983	983	983	983	983	983	983	983	983	983	984	983	984	984	983	983	983	983	983	983	983	983	983	983	983	983	983
1959	-43569	983	983	983	984	983	983	983	983	983	984	983	983	983	983	983	983	983	983	983	983	983	983	982	983	983	983	982	982	983	983	982	983	983	983	983	983	982	983	983	983	983	983	983	983	983	983	983	983	983	983	984	983	983	983	984	983	983	983	983	983	984	983	983	984	984	983	984	984	983	984	984	984	983	983	984	983	984	983	983	984	983	983	983	983	983	983	983	983	983	983	983	983	983	983	983	983	983	984	983	983	983	983	983	983	983	983	983	983	983	983	983	983	983	984	983	984	983	983	983	983	984	983	984	983	983	983	983	983
1960	-43076	984	984	984	984	984	984	984	984	983	984	984	984	984	984	984	984	984	984	984	984	984	984	984	984	984	984	983	984	984	984	984	984	984	984	984	984	983	984	984	984	984	984	984	984	984	984	984	984	984	984	984	984	984	984	984	984	984	984	984	984	984	984	984	984	984	984	984	984	984	984	984	984	984	984	984	984	984	984	984	984	984	984	984	984	984	984	984	984	984	984	984	984	984	984	984	984	984	984	984	984	984	984	984	984	984	984	984	984	984	984	984	984	984	984	984	984	984	984	984	984	985	984	984	984	985	984	984	984
1961	-42584	985	985	985	985	984	984	984	984	984	985	984	985	985	984	985	985	985	985	985	985	985	984	985	984	985	984	985	984	984	984	985	984	984	985	985	984	985	984	984	984	985	984	984	984	985	984	984	984	984	984	984	984	984	984	984	984	984	984	984	984	984	984	984	984	984	984	984	984	984	984	984	985	984	984	984	984	984	984	984	984	984	984	984	984	984	984	984	984	984	984	984	984	984	985	983	984	984	985	984	984	984	984	985	985	985	984	985	984	984	984	985	984	985	984	984	984	984	984	984	984	984	984	984	984	985	984	984	984
1962	-42092	985	985	985	984	985	984	985	985	985	985	984	985	984	985	985	984	985	985	985	985	985	985	985	985	985	985	986	985	985	985	985	985	985	985	985	985	985	985	985	985	985	985	985	985	985	985	985	985	985	985	985	985	986	985	985	985	985	985	985	985	985	985	985	985	985	985	985	985	985	985	984	985	985	985	985	984	984	985	985	985	985	985	985	985	985	985	985	985	985	985	985	985	985	985	985	985	985	985	985	985	985	985	985	986	985	985	985	985	985	985	985	985	984	984	985	984	985	985	985	985	985	985	984	985	985	985	985	985
1963	-41599	985	986	985	986	986	985	986	985	986	985	985	985	985	986	985	985	985	985	985	985	985	985	985	986	985	985	985	985	985	985	985	986	985	985	985	985	985	985	986	985	985	985	985	985	985	985	986	986	985	986	985	985	985	985	985	984	985	985	985	985	985	985	985	985	985	985	985	985	985	985	985	985	985	985	985	986	986	986	985	985	986	986	985	986	986	985	986	985	985	986	986	986	986	985	986	986	985	985	985	986	986	985	985	986	985	986	986	986	985	986	985	985	985	986	985	985	985	985	985	985	985	985	985	986	985	986	985	986
1964	-41107	986	986	986	986	985	985	986	985	986	986	986	986	986	986	986	986	985	986	986	985	985	986	986	986	986	986	986	986	985	986	986	986	986	986	986	986	986	986	986	986	986	986	986	986	986	986	986	986	986	986	986	985	986	986	986	986	986	986	986	986	986	986	986	986	986	986	986	986	986	986	986	986	986	987	986	986	986	986	986	986	986	987	986	986	986	986	986	986	986	985	986	986	986	987	986	986	986	986	987	986	987	986	986	986	986	986	986	986	986	986	986	987	986	986	986	986	986	986	986	986	986	986	986	986	986	985	985	986
1965	-40615	986	987	987	987	987	987	987	987	987	987	987	987	987	987	987	987	987	987	986	987	987	986	986	987	986	987	987	987	987	987	987	986	987	987	987	987	987	987	987	987	987	987	986	986	986	986	987	986	986	987	987	987	987	987	987	986	986	987	987	987	987	987	986	987	987	986	987	987	987	987	986	986	987	986	986	986	986	986	987	986	986	986	986	986	987	986	986	986	986	986	986	986	986	986	986	986	986	986	987	986	986	987	986	986	986	986	986	986	986	986	986	986	986	987	986	986	987	987	987	986	986	986	986	986	986	987	986	986
1966	-40123	987	986	987	987	987	986	987	987	987	987	987	987	987	987	987	987	987	987	987	987	988	988	987	987	987	987	987	987	987	987	987	987	987	986	987	987	987	987	987	987	987	987	987	987	987	987	986	987	987	987	987	987	986	987	987	987	987	987	987	986	986	986	986	986	986	986	987	987	987	986	987	986	987	987	987	987	987	986	987	987	987	987	987	987	987	987	987	987	987	987	987	987	987	987	987	987	987	987	986	987	987	987	987	987	987	987	987	987	987	987	987	987	987	987	987	987	988	987	987	987	987	987	987	987	988	987	987	987
1967	-39630	987	987	988	987	987	988	987	988	988	988	987	988	987	987	988	988	987	987	987	988	987	987	987	987	987	987	987	988	987	987	988	987	988	988	987	988	988	988	987	987	988	987	987	987	987	987	987	987	987	987	987	987	987	987	987	988	987	988	988	988	988	988	988	988	988	987	988	988	987	988	988	988	988	988	987	988	988	987	988	987	988	987	988	988	988	988	988	988	988	988	988	987	988	987	988	988	987	988	987	987	988	987	988	987	988	988	987	988	988	988	987	988	987	988	987	987	987	988	987	987	987	987	987	987	987	987	987	987
1968	-39138	988	988	988	988	988	988	987	988	988	988	988	988	988	988	988	988	988	988	988	988	988	988	988	988	988	988	988	988	988	988	988	988	988	988	988	989	989	988	989	988	988	988	988	988	988	988	988	988	988	988	988	988	988	988	988	988	988	988	988	988	988	988	988	988	988	988	988	988	987	988	987	988	988	987	988	988	988	988	988	988	988	988	988	988	988	988	988	987	988	988	988	988	988	988	988	988	988	988	988	988	988	988	988	988	987	988	988	988	988	988	988	988	988	988	987	988	988	987	987	988	988	988	988	988	988	987	987	988
1969	-38646	988	989	988	989	989	988	988	988	988	988	988	988	988	988	988	988	989	988	988	988	988	988	988	988	988	988	988	989	988	988	988	988	988	989	987	989	988	988	988	988	988	989	988	988	988	989	988	989	988	988	988	989	988	988	988	988	988	988	988	988	988	988	988	988	988	988	988	989	988	988	988	988	988	989	989	988	988	989	988	988	988	988	989	988	988	988	988	989	989	988	988	988	988	988	988	989	988	988	988	988	989	988	988	988	988	988	988	988	988	988	988	988	988	988	988	988	988	988	988	988	988	988	988	988	988	988	988	988
1970	-38153	989	988	989	989	989	989	989	989	989	988	989	989	989	989	989	989	989	989	989	989	989	989	989	989	989	988	989	989	989	989	989	989	989	988	989	989	989	989	989	989	988	989	989	989	989	989	989	989	989	989	989	989	989	989	988	989	989	989	989	989	989	989	990	989	989	989	989	989	989	989	989	989	989	989	989	989	989	989	989	989	989	989	988	988	988	989	988	989	989	989	989	989	989	989	989	989	989	989	989	989	989	989	989	989	989	989	989	989	989	989	989	988	989	989	988	989	988	988	989	989	989	989	989	989	989	989	989	989
1971	-37661	989	990	990	989	989	989	990	989	990	989	989	989	989	990	989	989	989	990	989	989	989	989	989	989	989	989	989	989	989	989	989	989	989	989	989	989	989	989	989	990	989	989	989	989	989	989	989	989	989	989	989	989	989	989	990	989	989	989	990	989	990	989	989	990	989	989	989	989	989	989	989	989	989	989	989	989	990	989	989	989	989	989	989	989	990	990	989	989	989	989	989	990	989	989	989	989	989	989	990	989	989	988	988	989	989	989	989	989	989	988	989	989	989	989	989	989	989	989	989	989	989	989	989	989	989	989	989	989
1972	-37169	990	990	989	989	989	990	990	989	990	989	990	990	989	990	990	989	989	990	989	990	990	989	990	989	990	990	990	990	990	989	990	990	990	990	990	990	990	990	990	990	990	990	990	990	990	990	990	990	990	990	990	990	990	990	990	990	990	991	990	990	990	990	990	990	990	990	990	990	990	990	990	990	990	991	990	990	990	990	991	990	991	991	990	990	990	990	990	990	990	991	990	990	990	990	990	990	990	990	990	990	990	990	990	991	990	990	990	991	990	990	990	990	990	990	990	990	990	990	990	990	990	990	990	990	990	989	990	990
1973	-36676	990	990	990	991	990	990	990	990	990	990	990	990	991	990	990	991	990	990	991	990	990	990	990	990	990	990	990	990	991	990	990	990	991	990	990	990	990	990	990	990	990	990	991	990	990	990	990	990	990	990	990	991	990	990	990	990	990	990	990	990	990	990	990	991	990	991	991	990	990	991	990	990	990	990	990	990	990	990	990	990	990	990	990	990	989	990	990	990	990	989	990	990	990	990	990	990	990	990	990	990	990	990	990	990	990	990	991	990	990	990	990	991	990	991	990	991	990	991	990	990	991	991	991	991	991	991	991	991
1974	-36184	991	990	991	990	990	991	991	991	991	991	991	991	991	991	990	991	991	991	990	991	990	991	990	990	991	991	991	990	991	991	991	991	991	991	991	991	991	991	991	991	991	991	991	991	991	991	991	991	991	991	991	991	991	990	991	991	991	992	991	991	991	991	991	991	991	991	991	991	991	991	991	991	991	991	991	990	991	991	991	991	991	991	990	990	991	991	991	991	991	991	991	991	991	991	991	991	991	991	991	991	991	991	991	991	991	991	991	991	991	991	991	991	991	990	990	990	990	990	990	990	990	991	991	991	991	990	990	990
1975	-35692	991	992	991	992	992	991	991	992	991	992	992	992	992	991	992	991	992	991	992	991	991	991	991	991	991	991	991	991	991	991	991	991	991	992	992	991	992	991	992	991	991	991	991	991	991	992	991	991	992	991	992	992	991	991	992	991	992	992	992	991	990	991	991	991	991	991	991	991	991	991	991	991	991	991	991	991	991	991	991	991	991	991	991	991	991	991	992	991	992	991	991	991	991	991	991	991	991	991	991	992	991	992	991	991	991	991	991	991	991	991	992	992	991	992	992	991	991	992	991	991	991	991	992	991	991	991	991	992
1976	-35199	992	992	992	992	992	992	992	992	992	992	992	992	992	992	992	992	992	992	991	991	992	991	991	992	991	992	992	991	992	991	992	992	992	991	991	991	991	991	991	991	991	992	991	991	992	991	992	992	991	991	992	992	991	992	992	992	992	992	992	992	991	992	992	991	992	992	992	992	992	992	991	992	992	992	992	992	992	992	992	992	992	992	992	992	992	992	991	992	992	992	992	992	992	992	991	992	992	991	992	992	992	992	992	992	992	992	992	992	992	992	992	992	992	992	992	992	991	992	992	992	992	992	992	991	992	992	991	992
1977	-34707	992	992	992	992	992	992	991	992	992	992	992	992	992	992	992	992	992	992	992	992	992	992	992	992	992	992	992	992	992	992	992	992	992	992	992	992	992	992	992	993	992	993	992	992	992	992	992	992	992	992	992	992	992	992	992	992	992	992	992	992	992	992	992	992	992	992	992	992	992	992	992	992	992	992	992	992	992	992	992	992	992	992	992	992	992	992	992	993	992	992	992	992	993	992	992	992	992	992	992	992	992	992	992	992	992	992	993	992	992	992	992	992	993	993	993	993	993	993	993	992	993	992	993	993	992	992	993	992
1978	-34215	993	993	993	993	993	993	993	993	993	993	993	993	993	993	993	993	993	993	993	993	993	992	993	993	993	993	993	992	993	992	992	992	993	993	993	993	993	993	993	993	993	993	993	993	993	993	993	992	993	993	993	992	992	993	993	993	992	993	993	993	993	993	992	993	993	992	993	992	992	992	992	993	992	993	993	993	992	993	993	993	993	992	993	993	993	993	993	993	993	992	993	992	993	992	992	992	992	992	992	992	992	992	992	993	993	992	993	992	992	992	992	993	993	993	992	992	992	992	993	993	993	993	992	992	992	993	992	992
1979	-33723	993	993	993	993	993	993	993	993	993	993	993	993	993	993	993	993	993	993	993	993	993	993	993	993	993	993	993	993	993	993	993	993	993	993	992	993	993	993	993	994	993	994	992	993	993	993	993	993	993	993	993	993	993	993	993	993	993	993	993	993	993	993	993	993	993	993	993	993	993	993	993	993	993	993	993	993	993	993	993	993	993	993	993	993	993	993	993	993	993	993	993	993	993	993	994	994	994	993	993	993	994	994	993	993	993	994	993	993	993	993	993	994	993	994	993	993	994	993	993	994	993	994	994	994	993	994	993	993
1980	-33230	993	993	993	994	993	993	993	993	993	993	993	993	993	994	994	994	993	994	993	993	994	993	993	994	993	993	994	994	994	993	993	994	994	994	994	994	993	993	994	994	994	994	994	994	994	994	993	994	994	994	993	994	994	994	993	994	994	994	993	994	994	994	994	994	994	994	993	993	993	993	993	993	994	993	993	993	993	994	993	993	993	994	994	994	994	994	994	994	993	994	993	994	994	994	994	994	994	994	994	994	994	994	994	994	994	994	993	993	994	994	994	993	993	994	994	993	994	994	994	994	994	994	994	994	994	994	994	994
1981	-32738	994	994	994	994	994	994	993	994	994	993	994	994	993	993	994	994	994	994	994	993	994	994	994	994	994	994	994	994	994	994	994	994	994	995	994	994	995	995	994	995	994	994	994	994	995	994	994	994	995	995	994	994	995	994	994	995	994	995	994	994	994	995	994	994	994	994	994	994	994	994	994	994	994	994	994	994	994	994	994	994	994	994	995	994	994	994	994	994	994	994	994	994	994	994	994	994	994	994	994	994	994	994	995	994	994	995	995	995	995	995	994	995	994	994	995	995	994	994	995	994	994	994	994	994	994	994	994	994
1982	-32246	995	995	995	995	995	995	994	994	995	995	995	995	994	995	994	995	995	994	994	994	995	995	995	995	995	995	995	995	995	995	995	994	995	994	995	995	995	995	995	995	995	995	995	995	995	995	995	995	995	995	995	995	995	995	995	995	995	994	994	994	994	995	994	995	995	995	994	995	994	995	995	994	994	995	995	995	994	994	994	995	994	995	995	995	994	995	995	994	994	994	995	995	994	994	994	995	995	994	994	995	995	995	995	995	995	995	994	995	995	995	995	995	995	995	995	995	995	995	995	995	995	995	995	995	994	995	995	995
1983	-31753	995	996	996	995	995	996	996	995	995	996	996	995	996	996	996	996	996	996	995	996	996	995	995	995	996	996	995	995	995	996	995	995	995	995	995	995	995	995	995	995	995	995	995	995	995	995	996	995	995	995	995	995	995	995	995	996	995	996	995	995	996	995	995	995	995	995	995	995	995	995	995	995	995	995	995	995	995	995	995	995	995	996	995	995	995	995	995	995	995	995	995	996	995	995	996	996	996	995	995	996	996	996	995	995	995	995	995	995	996	995	995	996	995	995	995	995	995	995	995	995	995	995	995	995	995	995	995	995
1984	-31261	996	995	995	995	996	996	996	996	996	995	996	995	996	996	996	996	995	996	996	996	995	996	996	995	996	996	996	995	995	996	996	995	996	995	995	995	996	995	995	995	996	995	996	995	995	995	995	996	995	995	995	995	995	995	995	996	995	996	996	996	996	996	996	996	996	996	996	996	996	996	996	996	997	996	997	996	996	996	996	996	996	996	996	997	996	996	996	996	996	996	996	996	996	996	996	996	996	996	996	996	996	996	996	995	996	995	995	996	996	996	996	996	996	996	995	996	996	996	996	995	996	996	996	996	995	995	995	996
1985	-30769	996	996	996	996	997	996	996	996	997	996	996	996	996	996	997	996	996	996	996	996	997	996	996	996	996	996	996	996	996	996	996	996	996	996	996	996	996	996	996	996	996	996	996	996	996	996	996	996	996	997	997	997	996	997	997	996	997	997	996	996	996	996	996	996	996	997	996	996	996	996	996	996	997	996	996	996	997	996	996	997	996	996	996	996	996	996	996	997	996	997	997	996	996	996	996	997	996	996	997	996	996	997	996	996	997	996	996	997	996	997	996	996	996	996	997	996	996	996	996	996	996	996	997	996	996	996	996	997
1986	-30276	996	996	996	996	996	997	997	997	997	996	996	996	997	997	997	997	997	997	997	997	997	997	997	996	997	997	997	997	997	997	996	997	997	996	997	997	997	997	997	997	997	997	997	997	997	997	997	997	997	997	997	996	996	997	997	997	996	996	997	996	997	996	997	996	996	996	997	996	996	996	996	997	997	997	996	996	996	997	997	997	997	997	997	997	997	997	997	997	997	997	997	997	997	997	997	997	997	996	997	997	997	996	997	997	997	997	997	997	997	997	997	997	997	996	996	996	996	997	997	997	997	996	996	997	997	997	996	997
1987	-29784	997	997	998	997	997	997	997	997	997	997	997	997	997	997	998	997	998	997	998	997	997	997	997	997	997	997	997	997	997	997	997	997	997	997	997	997	997	997	997	997	997	997	998	997	997	997	997	997	997	997	997	997	997	997	997	997	997	997	997	997	997	997	997	997	997	998	998	997	998	997	997	998	998	997	997	998	998	997	998	997	997	997	997	997	997	997	997	997	997	997	997	997	997	997	997	997	998	998	997	997	998	998	997	997	997	997	998	997	998	998	997	998	997	997	998	998	997	998	998	997	997	997	998	997	998	997	997	998
1988	-29292	998	998	997	998	997	998	998	998	998	997	997	998	997	997	997	998	998	997	997	997	997	997	997	998	997	998	998	998	998	997	997	997	998	998	998	998	998	997	997	997	997	997	997	997	998	997	998	997	998	998	998	998	998	998	998	998	998	998	998	998	998	998	998	998	998	997	998	998	998	998	998	998	998	998	998	998	998	998	998	998	998	997	997	998	998	998	998	998	998	998	998	998	998	998	998	999	998	998	998	997	998	998	998	998	998	998	998	998	998	998	997	998	998	998	998	997	998	998	998	998	998	998	998	998	998	998	998	998
1989	-28799	998	998	998	998	998	998	998	999	999	998	998	999	998	998	998	998	998	998	998	998	998	998	998	998	998	998	999	999	999	998	998	998	999	998	998	998	998	998	998	998	998	998	998	998	998	998	998	998	998	998	998	998	997	998	998	998	998	998	998	998	997	998	998	998	998	998	998	998	998	998	997	998	998	998	998	998	998	998	997	998	997	998	998	998	998	998	997	998	998	998	998	998	998	998	998	998	998	998	998	998	999	998	998	998	998	999	998	998	999	998	998	998	999	997	998	998	998	998	999	998	999	998	999	999	998	999	999	999
1990	-28307	998	999	999	999	999	999	999	999	999	999	999	999	998	999	999	999	999	999	998	999	999	999	999	999	999	999	999	999	998	998	999	999	999	999	999	999	999	999	999	999	999	999	999	999	999	999	999	999	999	999	999	999	999	999	999	999	999	999	999	999	999	999	999	999	998	998	999	999	999	999	999	998	999	999	999	999	999	999	999	999	999	999	999	999	999	998	999	999	999	999	999	999	999	999	999	999	999	999	998	999	999	999	999	999	999	999	999	999	999	999	999	999	999	999	999	999	999	999	999	999	999	999	998	999	999	998	998	999
1991	-27815	999	999	999	999	999	999	999	999	999	999	1000	998	999	999	999	999	999	999	999	999	999	999	999	999	1000	999	999	999	1000	999	999	999	999	999	1000	999	999	999	999	999	999	999	999	999	999	999	999	999	999	999	999	999	1000	998	999	999	999	999	999	999	999	999	999	999	999	999	999	999	999	999	999	999	999	999	999	999	998	999	999	999	999	999	999	999	999	999	999	999	999	999	999	999	999	999	999	999	999	999	999	999	999	1000	999	1000	999	999	999	999	999	999	999	999	999	1000	1000	1000	999	999	1000	1000	1000	999	1000	999	999	999	1000	1000
1992	-27323	1000	999	999	1000	999	1000	999	1000	999	1000	1000	999	999	999	999	1000	1000	1000	1000	1000	1000	999	1000	999	999	999	999	999	999	1000	1000	1000	1000	999	1000	1000	999	1000	1000	999	1000	1000	1000	999	1000	1000	1000	999	1000	1000	1000	1000	1000	1000	1000	1000	1000	1000	999	1000	1000	1000	1000	1000	1000	999	1000	1000	1000	1000	999	999	1000	1000	999	999	1000	1000	999	999	999	1000	1000	1000	999	999	1000	1000	1000	1000	1000	999	999	1000	999	1000	1000	1000	1000	1000	1000	1000	999	1000	1000	999	999	1000	1000	999	1000	999	1000	1000	999	1000	1000	999	999	999	999	1000	999	999	999	999	1000	999
1993	-26830	1000	1000	1000	1000	1000	1000	1000	1000	1000	1000	1000	1000	1000	1000	1000	1000	1000	1000	1000	1000	1000	1000	1000	1000	1000	1000	1000	1000	1000	1000	1000	1000	1000	1001	1000	1001	1001	1000	1000	1000	1000	1000	1000	1000	1000	1000	1000	1000	1000	1000	1000	1000	1000	1000	1000	1000	1000	1000	1000	999	1000	1000	1000	1000	1000	1000	1000	1000	1000	1000	1000	1000	1000	1000	1000	1000	1000	1000	1000	1000	1000	1000	1000	1000	1000	1000	1001	1000	1000	1000	1000	1000	1000	1000	1000	1000	1000	1000	1000	1000	1000	1000	1000	1000	1000	1000	1000	1000	1000	1000	1000	1000	1000	1000	1000	1001	1001	1000	1000	1000	1001	1000	1000	1000	1001	1000	1000	1000
1994	-26338	1000	1001	1001	1000	1000	1000	1001	1001	1000	1001	1001	1001	1000	1001	1000	1001	1000	1001	1001	1000	1000	1000	1000	1000	1000	1000	1000	1000	1000	1000	1000	1000	1000	1000	1000	1000	1000	1000	1000	1000	1001	1001	1001	1001	1000	1001	1001	1000	1001	1000	1000	1000	1000	1000	1000	1000	1001	1001	1000	1000	1000	1001	1000	1001	1000	1000	1000	1000	1001	1000	1000	1001	1000	1000	1001	1000	1000	1000	1001	1001	1000	1001	1001	1001	1001	1000	1000	1000	1001	1001	1000	1000	1000	1000	1000	1000	1000	1000	1001	1001	1001	1000	1000	1001	1000	1001	1001	1000	1001	1001	1001	1001	1001	1001	1001	1000	1001	1000	1001	1000	1000	1001	1001	1001	1001	1001	1001	1001
1995	-25846	1001	1001	1002	1002	1001	1001	1002	1001	1001	1001	1001	1002	1001	1001	1002	1001	1001	1001	1002	1001	1001	1001	1001	1001	1002	1002	1001	1002	1002	1001	1002	1001	1001	1002	1002	1002	1001	1001	1001	1002	1002	1001	1001	1001	1001	1001	1001	1002	1001	1001	1001	1001	1001	1001	1001	1001	1001	1001	1001	1001	1001	1001	1001	1001	1001	1001	1001	1001	1001	1001	1001	1001	1001	1001	1001	1001	1001	1000	1001	1001	1001	1001	1001	1001	1001	1001	1001	1001	1000	1001	1000	1001	1001	1000	1001	1000	1000	1001	1001	1001	1000	1001	1001	1001	1001	1001	1000	1001	1000	1000	1000	1000	1001	1001	1001	1001	1001	1001	1001	1001	1001	1001	1001	1002	1001	1001	1001	1001
1996	-25353	1001	1001	1002	1002	1001	1002	1001	1001	1001	1001	1002	1001	1001	1001	1001	1001	1001	1001	1001	1001	1002	1001	1001	1001	1001	1001	1001	1001	1001	1002	1002	1001	1001	1002	1002	1001	1002	1001	1001	1002	1001	1002	1001	1002	1002	1002	1002	1001	1002	1001	1001	1001	1001	1002	1002	1002	1002	1002	1002	1002	1002	1002	1001	1001	1002	1002	1002	1001	1002	1002	1001	1002	1001	1001	1002	1002	1001	1001	1001	1002	1002	1002	1001	1001	1002	1002	1002	1002	1001	1002	1001	1001	1001	1001	1001	1001	1001	1001	1001	1001	1001	1001	1001	1001	1001	1002	1002	1002	1002	1001	1001	1002	1002	1002	1002	1002	1002	1001	1001	1001	1002	1002	1001	1002	1001	1002	1002	1002
1997	-24861	1002	1002	1002	1003	1002	1002	1002	1002	1002	1003	1002	1002	1002	1002	1002	1002	1002	1002	1002	1002	1002	1002	1002	1002	1002	1002	1002	1002	1002	1002	1002	1002	1002	1002	1002	1002	1002	1002	1002	1002	1002	1002	1002	1002	1002	1002	1002	1002	1002	1002	1002	1002	1002	1002	1002	1001	1002	1002	1002	1001	1002	1002	1002	1002	1002	1002	1002	1002	1002	1003	1002	1002	1002	1003	1002	1002	1002	1002	1002	1002	1002	1002	1002	1002	1003	1002	1002	1003	1002	1002	1002	1002	1002	1002	1002	1003	1003	1003	1003	1003	1003	1002	1003	1002	1002	1002	1002	1002	1002	1002	1002	1002	1002	1002	1002	1002	1002	1002	1002	1003	1002	1003	1002	1003	1002	1003	1002	1003
1998	-24369	1002	1002	1002	1002	1002	1002	1003	1002	1002	1002	1002	1002	1002	1002	1002	1002	1003	1002	1002	1002	1003	1002	1002	1002	1002	1002	1002	1002	1003	1003	1003	1003	1002	1002	1002	1003	1003	1002	1002	1003	1002	1002	1002	1003	1003	1003	1002	1003	1003	1002	1003	1002	1003	1003	1002	1003	1002	1002	1002	1003	1003	1003	1003	1003	1002	1003	1003	1002	1003	1002	1003	1003	1002	1003	1002	1003	1003	1003	1002	1003	1003	1002	1002	1003	1003	1003	1003	1003	1003	1002	1003	1003	1003	1003	1002	1003	1003	1003	1002	1003	1002	1003	1003	1002	1003	1003	1003	1002	1003	1003	1002	1003	1003	1003	1003	1002	1003	1003	1003	1002	1002	1003	1002	1002	1002	1003	1003	1003
1999	-23876	1003	1003	1003	1003	1003	1003	1003	1004	1003	1003	1003	1003	1003	1003	1003	1004	1004	1003	1003	1003	1003	1003	1003	1003	1003	1003	1003	1003	1003	1003	1003	1003	1003	1003	1003	1003	1003	1003	1003	1003	1003	1003	1003	1003	1003	1003	1003	1003	1004	1003	1003	1003	1003	1003	1004	1003	1003	1004	1003	1003	1003	1003	1003	1004	1003	1003	1003	1003	1003	1003	1003	1003	1003	1003	1003	1003	1003	1003	1003	1004	1003	1003	1003	1003	1003	1003	1003	1003	1004	1003	1003	1003	1003	1003	1003	1003	1003	1003	1003	1003	1003	1003	1003	1003	1003	1003	1003	1003	1003	1003	1003	1003	1003	1003	1003	1003	1003	1003	1003	1003	1003	1003	1003	1003	1003	1003	1003	1003
2000	-23384	1004	1003	1003	1004	1004	1004	1004	1004	1004	1004	1003	1004	1004	1004	1004	1004	1004	1004	1004	1004	1004	1004	1004	1004	1004	1004	1004	1004	1003	1004	1004	1004	1004	1004	1003	1004	1004	1004	1004	1004	1004	1004	1003	1004	1003	1004	1004	1004	1003	1004	1003	1004	1003	1004	1003	1003	1004	1003	1004	1004	1003	1004	1003	1004	1004	1003	1004	1004	1004	1004	1003	1004	1003	1004	1004	1003	1004	1004	1004	1004	1004	1004	1004	1004	1004	1004	1004	1004	1004	1004	1003	1003	1004	1004	1003	1003	1004	1004	1004	1004	1004	1003	1003	1004	1004	1004	1003	1003	1004	1003	1003	1003	1003	1003	1003	1004	1003	1004	1004	1003	1004	1003	1004	1004	1004	1004	1004	1003
2001	-22892	1004	1004	1004	1004	1004	1004	1004	1004	1003	1004	1004	1004	1004	1004	1004	1004	1004	1004	1004	1004	1004	1004	1004	1004	1004	1004	1004	1004	1004	1004	1004	1004	1004	1004	1004	1005	1004	1004	1004	1004	1004	1004	1004	1004	1004	1004	1004	1004	1005	1005	1005	1004	1004	1004	1004	1004	1004	1004	1004	1004	1004	1004	1004	1004	1005	1004	1004	1004	1004	1004	1004	1004	1004	1004	1004	1004	1004	1004	1004	1004	1003	1003	1004	1004	1004	1004	1004	1004	1004	1004	1004	1003	1004	1004	1004	1004	1004	1003	1004	1004	1003	1004	1003	1004	1004	1004	1004	1004	1004	1004	1004	1004	1003	1003	1004	1004	1004	1003	1004	1004	1004	1004	1004	1004	1003	1004	1004	1004
2002	-22399	1005	1005	1005	1005	1005	1005	1005	1005	1004	1004	1005	1005	1005	1005	1004	1004	1005	1004	1004	1004	1004	1004	1004	1004	1004	1004	1004	1004	1004	1004	1004	1004	1004	1004	1004	1004	1005	1004	1004	1004	1004	1004	1004	1004	1004	1004	1004	1004	1004	1004	1005	1004	1004	1005	1004	1005	1005	1005	1005	1005	1005	1005	1005	1005	1006	1005	1005	1005	1005	1005	1005	1004	1004	1005	1005	1004	1004	1004	1005	1004	1005	1005	1005	1005	1005	1005	1005	1005	1004	1004	1005	1005	1005	1005	1005	1005	1004	1004	1005	1005	1004	1005	1005	1005	1005	1005	1005	1005	1005	1004	1005	1005	1005	1005	1005	1005	1005	1005	1005	1005	1004	1005	1004	1005	1005	1004	1005	1005
2003	-21907	1005	1005	1005	1005	1005	1005	1004	1005	1005	1005	1005	1005	1006	1005	1005	1006	1005	1005	1005	1005	1005	1006	1006	1005	1006	1005	1005	1005	1006	1006	1005	1005	1005	1005	1005	1005	1005	1005	1006	1005	1006	1005	1006	1005	1005	1005	1005	1005	1005	1006	1005	1005	1005	1005	1005	1005	1005	1005	1005	1005	1005	1005	1005	1005	1005	1006	1005	1005	1005	1005	1005	1005	1005	1005	1005	1005	1005	1005	1005	1005	1005	1005	1005	1005	1005	1005	1005	1005	1005	1005	1005	1005	1006	1005	1006	1005	1005	1006	1005	1005	1005	1005	1005	1005	1005	1006	1005	1005	1005	1005	1005	1005	1005	1006	1006	1006	1005	1005	1006	1005	1006	1005	1005	1005	1005	1006	1005	1005
2004	-21415	1005	1006	1005	1005	1005	1005	1005	1005	1006	1005	1006	1006	1006	1006	1005	1006	1005	1006	1005	1005	1006	1006	1006	1006	1005	1005	1005	1005	1006	1005	1005	1005	1005	1005	1005	1005	1006	1005	1006	1006	1006	1005	1005	1006	1005	1006	1005	1005	1005	1005	1005	1005	1006	1006	1006	1006	1006	1007	1007	1006	1007	1007	1007	1007	1007	1007	1006	1006	1007	1007	1007	1006	1006	1006	1006	1006	1006	1006	1006	1006	1006	1005	1006	1006	1005	1005	1006	1005	1005	1005	1005	1006	1005	1005	1005	1005	1005	1005	1005	1005	1005	1005	1006	1005	1005	1006	1006	1005	1005	1005	1005	1005	1005	1005	1005	1005	1005	1005	1005	1005	1005	1005	1005	1005	1005	1005	1005	1005
2005	-20923	1006	1007	1006	1006	1006	1006	1006	1006	1006	1006	1006	1006	1006	1006	1006	1006	1006	1006	1007	1006	1007	1007	1007	1007	1007	1006	1006	1006	1006	1006	1006	1005	1006	1006	1006	1006	1006	1006	1005	1005	1006	1006	1006	1006	1006	1007	1007	1006	1006	1006	1006	1006	1006	1006	1006	1006	1006	1006	1006	1006	1005	1006	1006	1006	1006	1006	1006	1007	1006	1006	1007	1006	1006	1007	1006	1006	1006	1006	1006	1006	1006	1006	1005	1006	1005	1006	1005	1006	1006	1006	1006	1006	1006	1006	1006	1006	1006	1006	1006	1006	1006	1006	1006	1006	1006	1006	1006	1006	1006	1006	1006	1006	1007	1006	1006	1006	1006	1006	1006	1006	1006	1006	1006	1006	1006	1007	1006	1006
2006	-20430	1007	1006	1006	1007	1006	1006	1006	1006	1007	1006	1006	1006	1007	1006	1006	1006	1006	1006	1006	1006	1006	1006	1006	1006	1007	1007	1007	1006	1007	1007	1006	1006	1006	1007	1007	1006	1007	1006	1007	1007	1007	1007	1007	1007	1007	1007	1007	1007	1007	1007	1007	1007	1007	1007	1007	1007	1007	1007	1007	1007	1007	1008	1006	1007	1007	1007	1006	1007	1007	1007	1007	1007	1007	1007	1007	1006	1007	1007	1007	1007	1007	1007	1007	1006	1007	1007	1007	1007	1006	1007	1006	1007	1007	1006	1006	1006	1007	1007	1007	1007	1007	1007	1006	1007	1007	1007	1007	1007	1006	1006	1007	1007	1007	1007	1007	1006	1007	1007	1007	1007	1006	1006	1007	1007	1006	1006	1007	1006
2007	-19938	1007	1008	1007	1007	1007	1007	1007	1007	1007	1007	1008	1007	1007	1007	1007	1007	1007	1007	1007	1007	1006	1007	1007	1007	1007	1007	1007	1008	1007	1007	1008	1007	1007	1008	1007	1007	1007	1007	1007	1007	1007	1007	1007	1007	1007	1007	1007	1007	1007	1007	1007	1007	1007	1007	1007	1007	1007	1007	1007	1007	1007	1007	1007	1007	1007	1007	1006	1007	1007	1007	1007	1007	1007	1007	1007	1007	1006	1007	1007	1007	1007	1007	1007	1007	1007	1007	1007	1007	1007	1007	1007	1007	1007	1007	1007	1007	1007	1007	1007	1007	1007	1007	1007	1007	1008	1007	1007	1007	1007	1007	1007	1007	1008	1007	1007	1007	1007	1007	1007	1007	1008	1007	1008	1007	1007	1007	1007	1007
2008	-19446	1008	1008	1008	1007	1008	1008	1008	1007	1007	1008	1007	1008	1008	1008	1008	1008	1008	1008	1008	1008	1008	1008	1008	1008	1008	1008	1008	1008	1008	1008	1008	1007	1008	1008	1008	1008	1008	1008	1008	1008	1008	1008	1008	1008	1008	1008	1008	1008	1007	1008	1008	1008	1008	1008	1008	1008	1008	1008	1008	1008	1008	1008	1008	1008	1008	1008	1008	1008	1008	1008	1008	1008	1008	1008	1008	1008	1008	1008	1008	1008	1008	1008	1008	1008	1008	1007	1008	1008	1007	1008	1007	1007	1007	1008	1008	1008	1007	1008	1008	1008	1007	1008	1008	1007	1008	1008	1008	1008	1008	1008	1008	1007	1008	1008	1007	1008	1008	1008	1008	1008	1007	1008	1008	1008	1008	1008	1008	1008
2009	-18953	1008	1008	1008	1008	1008	1008	1008	1009	1008	1008	1008	1009	1008	1008	1008	1009	1009	1008	1008	1008	1008	1008	1008	1008	1008	1008	1008	1008	1008	1008	1008	1008	1008	1008	1008	1007	1008	1008	1008	1009	1008	1008	1008	1008	1008	1008	1008	1008	1008	1008	1008	1008	1008	1008	1008	1008	1008	1008	1008	1008	1008	1008	1008	1008	1008	1008	1008	1008	1008	1008	1008	1008	1008	1008	1008	1008	1008	1008	1008	1008	1008	1008	1009	1008	1008	1008	1008	1008	1008	1008	1008	1008	1008	1008	1008	1008	1008	1008	1008	1008	1008	1007	1008	1008	1008	1008	1008	1008	1008	1008	1008	1008	1008	1008	1008	1008	1007	1008	1008	1008	1008	1008	1008	1008	1008	1008	1009	1008
2010	-18461	1009	1009	1009	1009	1008	1008	1009	1009	1009	1009	1009	1009	1009	1009	1009	1009	1009	1009	1009	1009	1009	1009	1009	1009	1009	1009	1009	1009	1009	1008	1009	1009	1008	1009	1008	1008	1009	1008	1008	1009	1009	1009	1008	1009	1009	1009	1009	1009	1009	1008	1008	1008	1009	1009	1009	1008	1009	1008	1008	1008	1008	1008	1008	1008	1008	1008	1008	1008	1008	1008	1008	1008	1008	1008	1008	1008	1008	1009	1009	1008	1009	1008	1009	1009	1008	1009	1009	1008	1008	1008	1009	1009	1009	1009	1009	1008	1009	1008	1008	1008	1008	1008	1008	1008	1008	1009	1008	1008	1009	1008	1008	1008	1008	1009	1008	1008	1008	1008	1009	1008	1009	1008	1008	1009	1009	1009	1009	1009
2011	-17969	1009	1009	1008	1009	1008	1009	1009	1009	1008	1009	1008	1008	1009	1009	1009	1009	1009	1009	1009	1009	1009	1008	1009	1009	1009	1009	1009	1009	1009	1009	1009	1009	1009	1009	1009	1009	1009	1009	1009	1009	1009	1009	1009	1010	1009	1010	1009	1009	1009	1009	1009	1008	1009	1008	1009	1009	1008	1009	1009	1009	1009	1009	1009	1009	1009	1009	1009	1009	1009	1009	1009	1009	1009	1009	1009	1009	1009	1009	1009	1009	1010	1009	1008	1009	1008	1009	1009	1009	1009	1009	1009	1009	1009	1008	1008	1009	1008	1009	1008	1008	1008	1008	1009	1008	1008	1009	1009	1009	1009	1009	1009	1009	1009	1009	1009	1009	1009	1009	1009	1009	1009	1009	1009	1009	1009	1008	1008	1009
2012	-17476	1010	1010	1009	1010	1010	1010	1010	1009	1010	1009	1009	1009	1009	1010	1009	1009	1009	1009	1009	1009	1009	1009	1009	1009	1009	1008	1009	1009	1009	1009	1009	1009	1009	1009	1009	1009	1009	1009	1009	1009	1009	1009	1009	1009	1008	1009	1009	1009	1009	1009	1009	1009	1009	1009	1009	1009	1009	1009	1009	1009	1009	1009	1009	1009	1009	1009	1010	1009	1009	1009	1009	1009	1009	1009	1009	1010	1009	1009	1009	1009	1009	1010	1010	1009	1010	1010	1010	1010	1009	1010	1010	1011	1010	1010	1010	1010	1011	1010	1010	1009	1010	1010	1010	1010	1010	1010	1010	1010	1010	1010	1010	1010	1010	1010	1010	1010	1010	1010	1009	1010	1010	1009	1010	1010	1009	1009	1010	1010
2013	-16984	1010	1010	1010	1010	1010	1010	1010	1010	1010	1011	1010	1010	1011	1010	1011	1011	1011	1011	1010	1011	1010	1010	1010	1010	1010	1010	1010	1010	1010	1010	1010	1010	1010	1010	1010	1010	1010	1010	1010	1010	1010	1010	1010	1010	1010	1010	1010	1010	1010	1009	1010	1010	1010	1010	1009	1011	1010	1010	1010	1010	1010	1010	1010	1010	1011	1010	1010	1010	1010	1010	1010	1010	1010	1009	1010	1011	1010	1010	1010	1010	1010	1010	1010	1010	1010	1010	1010	1010	1010	1010	1010	1011	1010	1010	1010	1010	1010	1010	1010	1011	1010	1010	1010	1010	1010	1010	1010	1010	1010	1010	1010	1010	1010	1010	1010	1010	1010	1010	1010	1010	1010	1010	1010	1010	1010	1010	1010	1010
2014	-16492	1011	1011	1010	1010	1010	1011	1010	1010	1010	1011	1010	1010	1010	1010	1010	1011	1010	1010	1010	1011	1011	1010	1010	1011	1010	1010	1011	1010	1011	1011	1011	1011	1011	1011	1010	1011	1011	1010	1011	1010	1011	1011	1010	1011	1011	1011	1010	1011	1011	1011	1011	1011	1011	1011	1011	1010	1011	1010	1011	1011	1010	1011	1011	1011	1011	1011	1010	1011	1011	1011	1011	1010	1011	1011	1011	1011	1011	1011	1011	1011	1011	1011	1011	1011	1011	1011	1011	1010	1011	1010	1010	1010	1011	1011	1011	1010	1011	1010	1010	1010	1010	1010	1010	1010	1010	1010	1010	1011	1011	1010	1010	1010	1010	1011	1011	1011	1010	1010	1010	1010	1010	1010	1010	1010	1010	1010	1010	1010
2015	-15999	1011	1012	1011	1011	1011	1011	1011	1011	1011	1011	1012	1011	1011	1011	1011	1011	1011	1011	1011	1011	1011	1011	1011	1011	1011	1011	1011	1011	1011	1011	1011	1011	1011	1011	1011	1011	1011	1011	1011	1011	1011	1011	1011	1011	1011	1011	1010	1011	1010	1010	1011	1011	1011	1011	1011	1010	1011	1011	1011	1011	1011	1010	1011	1011	1011	1011	1011	1011	1011	1011	1011	1011	1011	1011	1011	1011	1011	1012	1011	1011	1011	1011	1011	1011	1012	1011	1012	1012	1011	1012	1011	1011	1012	1011	1011	1011	1011	1011	1011	1011	1012	1011	1012	1011	1011	1011	1011	1012	1011	1012	1011	1012	1012	1011	1011	1012	1012	1011	1011	1012	1011	1011	1011	1011	1011	1011	1012	1011
2016	-15507	1012	1011	1012	1012	1011	1011	1011	1011	1011	1011	1011	1011	1011	1011	1011	1011	1011	1011	1011	1011	1011	1011	1011	1011	1011	1011	1011	1012	1012	1011	1011	1011	1012	1012	1012	1011	1011	1011	1012	1011	1012	1012	1012	1012	1012	1011	1011	1012	1012	1011	1011	1011	1011	1011	1011	1011	1011	1011	1011	1011	1011	1011	1011	1011	1011	1011	1011	1012	1012	1012	1011	1012	1011	1012	1011	1012	1011	1011	1011	1011	1011	1011	1011	1012	1011	1011	1011	1011	1012	1011	1011	1012	1012	1012	1012	1012	1011	1012	1012	1012	1012	1011	1012	1012	1012	1012	1012	1012	1011	1011	1012	1012	1012	1012	1012	1012	1012	1012	1012	1012	1012	1011	1012	1012	1012	1011	1011	1012
2017	-15015	1012	1012	1012	1012	1012	1012	1012	1012	1012	1012	1012	1013	1012	1012	1013	1013	1012	1012	1012	1013	1012	1012	1012	1013	1013	1012	1012	1012	1012	1012	1012	1012	1012	1012	1012	1012	1012	1012	1012	1012	1012	1012	1012	1013	1012	1012	1012	1012	1012	1012	1012	1012	1012	1011	1012	1012	1012	1012	1012	1012	1012	1011	1012	1012	1012	1012	1012	1012	1012	1012	1012	1012	1011	1012	1012	1011	1011	1012	1012	1012	1012	1012	1011	1011	1011	1012	1011	1011	1012	1012	1012	1012	1012	1012	1012	1012	1012	1012	1012	1012	1012	1012	1012	1012	1012	1012	1012	1012	1012	1012	1012	1012	1012	1012	1012	1012	1012	1012	1013	1012	1012	1012	1012	1012	1012	1012	1012	1012
2018	-14523	1013	1013	1013	1013	1013	1013	1013	1013	1013	1013	1013	1012	1013	1013	1012	1012	1012	1012	1012	1012	1012	1012	1012	1013	1012	1012	1012	1012	1013	1013	1012	1013	1013	1013	1013	1013	1013	1012	1012	1012	1013	1013	1012	1012	1013	1012	1012	1012	1012	1012	1013	1013	1012	1012	1013	1013	1013	1013	1012	1013	1012	1012	1013	1012	1012	1012	1012	1012	1012	1012	1012	1012	1012	1012	1012	1012	1012	1012	1012	1012	1012	1012	1012	1012	1012	1012	1012	1012	1012	1012	1012	1013	1013	1013	1012	1013	1012	1012	1012	1012	1012	1013	1012	1012	1013	1012	1013	1013	1013	1012	1012	1013	1012	1013	1013	1012	1013	1013	1013	1013	1012	1013	1012	1012	1012	1013	1013	1013
2019	-14030	1012	1013	1012	1013	1013	1013	1012	1013	1013	1012	1013	1013	1013	1013	1013	1013	1013	1013	1013	1013	1013	1013	1014	1013	1013	1013	1014	1013	1013	1013	1013	1013	1013	1013	1013	1014	1013	1013	1014	1014	1014	1014	1014	1014	1014	1013	1014	1013	1014	1013	1014	1013	1013	1013	1014	1013	1013	1013	1013	1013	1013	1013	1013	1013	1013	1013	1013	1013	1013	1013	1013	1013	1013	1013	1013	1013	1014	1013	1013	1014	1013	1013	1013	1013	1013	1013	1013	1013	1013	1013	1013	1013	1013	1013	1013	1013	1013	1013	1013	1013	1013	1014	1013	1013	1013	1013	1013	1013	1013	1013	1013	1013	1013	1013	1013	1013	1013	1013	1013	1013	1014	1013	1013	1013	1013	1013	1013	1013
2020	-13538	1014	1013	1013	1014	1014	1014	1014	1014	1014	1014	1014	1014	1014	1014	1013	1014	1013	1013	1014	1013	1013	1013	1014	1014	1014	1014	1014	1014	1014	1014	1014	1014	1014	1014	1014	1014	1014	1014	1014	1014	1014	1014	1014	1013	1013	1013	1014	1013	1014	1013	1013	1014	1013	1014	1013	1014	1014	1013	1014	1013	1013	1014	1013	1013	1013	1014	1013	1013	1013	1013	1013	1013	1013	1013	1013	1013	1013	1013	1013	1013	1013	1013	1014	1014	1014	1013	1013	1014	1014	1014	1014	1014	1013	1013	1013	1014	1014	1013	1014	1014	1014	1013	1014	1014	1013	1014	1014	1013	1014	1014	1014	1014	1014	1014	1014	1014	1014	1013	1013	1014	1013	1013	1013	1013	1013	1013	1013	1013
2021	-13046	1014	1014	1013	1014	1014	1013	1014	1013	1013	1014	1014	1014	1013	1013	1013	1013	1014	1014	1013	1014	1014	1013	1013	1014	1014	1014	1014	1014	1014	1014	1014	1014	1014	1014	1014	1014	1014	1014	1014	1014	1014	1014	1014	1014	1014	1014	1014	1014	1014	1014	1014	1014	1014	1015	1014	1014	1014	1014	1014	1014	1014	1014	1014	1014	1014	1014	1014	1014	1014	1014	1014	1014	1014	1014	1014	1014	1014	1014	1014	1014	1014	1014	1014	1014	1014	1014	1014	1014	1014	1013	1014	1015	1014	1014	1014	1014	1015	1014	1015	1014	1014	1014	1014	1014	1014	1014	1014	1014	1014	1014	1014	1014	1014	1014	1014	1014	1014	1014	1014	1014	1014	1014	1014	1014	1014	1014	1014	1014
2022	-12553	1014	1015	1015	1015	1015	1014	1015	1015	1014	1015	1015	1015	1015	1014	1014	1014	1014	1014	1015	1015	1014	1014	1014	1015	1014	1014	1015	1015	1014	1014	1014	1014	1014	1014	1014	1014	1015	1015	1014	1015	1014	1014	1015	1014	1014	1014	1015	1014	1014	1015	1015	1014	1015	1015	1015	1014	1014	1014	1015	1014	1014	1014	1014	1014	1014	1014	1014	1014	1014	1014	1014	1014	1014	1014	1014	1014	1014	1014	1015	1014	1014	1015	1015	1014	1015	1015	1015	1014	1014	1015	1014	1014	1015	1015	1014	1015	1014	1014	1015	1015	1014	1015	1014	1015	1014	1014	1015	1015	1015	1015	1014	1014	1015	1014	1015	1014	1015	1014	1015	1014	1014	1014	1015	1014	1015	1014	1014	1014
2023	-12061	1015	1015	1015	1016	1015	1015	1015	1015	1015	1015	1015	1015	1015	1015	1015	1015	1015	1015	1015	1014	1015	1015	1015	1015	1015	1015	1015	1015	1014	1015	1015	1015	1015	1015	1015	1015	1015	1015	1015	1014	1014	1015	1015	1015	1015	1015	1015	1015	1015	1015	1015	1015	1015	1015	1015	1015	1015	1015	1015	1015	1015	1015	1015	1015	1015	1016	1015	1015	1015	1015	1015	1015	1015	1015	1015	1015	1015	1015	1015	1015	1015	1015	1015	1015	1015	1015	1015	1015	1015	1015	1015	1015	1015	1015	1015	1016	1015	1015	1015	1015	1015	1015	1015	1015	1015	1015	1015	1014	1015	1015	1015	1015	1014	1015	1015	1015	1015	1015	1015	1015	1015	1015	1015	1015	1015	1015	1014	1015
2024	-11569	1016	1015	1016	1015	1015	1015	1015	1016	1016	1016	1016	1016	1015	1015	1015	1015	1016	1016	1015	1015	1015	1015	1016	1016	1015	1015	1015	1015	1015	1015	1015	1015	1016	1015	1016	1015	1015	1015	1016	1015	1015	1015	1016	1016	1015	1016	1016	1016	1016	1016	1016	1016	1016	1015	1015	1015	1016	1015	1015	1015	1016	1016	1015	1015	1015	1015	1015	1015	1016	1016	1016	1016	1015	1016	1015	1015	1015	1015	1016	1016	1015	1015	1015	1015	1015	1015	1016	1015	1015	1015	1015	1015	1015	1015	1015	1015	1015	1015	1016	1015	1015	1015	1015	1016	1015	1015	1015	1014	1015	1015	1015	1015	1015	1015	1015	1015	1015	1015	1015	1015	1015	1015	1015	1016	1015	1015	1015	1016
2025	-11076	1016	1016	1016	1016	1016	1016	1016	1016	1016	1016	1016	1016	1016	1016	1016	1016	1016	1016	1016	1016	1015	1016	1016	1016	1015	1016	1016	1016	1016	1016	1016	1016	1016	1016	1016	1016	1016	1016	1016	1016	1017	1016	1016	1016	1016	1016	1016	1016	1016	1016	1017	1017	1017	1017	1016	1017	1016	1016	1017	1016	1016	1017	1016	1016	1016	1016	1016	1016	1016	1016	1015	1016	1016	1016	1016	1016	1016	1016	1016	1016	1016	1016	1016	1016	1016	1016	1016	1016	1016	1016	1016	1016	1016	1016	1016	1016	1016	1016	1016	1016	1016	1015	1016	1016	1016	1016	1016	1016	1016	1016	1016	1016	1016	1016	1016	1016	1016	1016	1016	1016	1016	1016	1016	1016	1016	1016	1016	1016
2026	-10584	1016	1016	1016	1017	1017	1016	1016	1017	1016	1016	1017	1016	1017	1016	1016	1016	1016	1016	1016	1016	1016	1017	1017	1016	1016	1017	1016	1016	1016	1016	1016	1016	1016	1016	1016	1016	1017	1016	1016	1016	1016	1017	1016	1016	1016	1016	1017	1016	1016	1017	1016	1016	1017	1017	1017	1016	1017	1016	1016	1016	1016	1016	1016	1017	1016	1016	1016	1016	1016	1016	1016	1016	1016	1016	1017	1016	1016	1017	1016	1016	1016	1016	1016	1016	1016	1016	1016	1016	1016	1016	1016	1016	1017	1016	1016	1016	1016	1016	1016	1016	1017	1017	1017	1016	1016	1016	1016	1017	1016	1016	1017	1016	1016	1017	1016	1016	1016	1017	1017	1016	1017	1016	1017	1016	1016	1017	1016	1016
2027	-10092	1017	1017	1017	1016	1017	1017	1017	1017	1017	1017	1017	1017	1017	1017	1017	1017	1017	1017	1017	1017	1017	1017	1017	1017	1017	1017	1017	1017	1017	1017	1017	1017	1017	1017	1017	1017	1017	1017	1018	1017	1017	1018	1017	1017	1017	1017	1018	1017	1018	1017	1017	1017	1017	1017	1017	1017	1017	1017	1017	1017	1017	1017	1017	1018	1017	1017	1017	1017	1017	1017	1017	1017	1017	1017	1017	1017	1017	1017	1017	1017	1017	1017	1017	1017	1017	1017	1018	1017	1017	1017	1017	1016	1017	1017	1017	1017	1017	1016	1017	1017	1017	1017	1016	1017	1016	1016	1017	1016	1016	1016	1017	1016	1016	1016	1017	1016	1017	1017	1016	1017	1017	1017	1017	1017	1017	1017	1017	1017
2028	-9599	1017	1017	1018	1018	1017	1018	1017	1018	1017	1017	1018	1017	1017	1018	1017	1018	1018	1017	1017	1018	1018	1017	1017	1017	1018	1018	1018	1018	1017	1017	1017	1018	1017	1018	1018	1017	1018	1017	1017	1017	1017	1017	1017	1017	1017	1018	1017	1018	1018	1018	1018	1017	1018	1017	1018	1018	1017	1018	1017	1017	1017	1017	1018	1017	1017	1018	1018	1018	1017	1018	1018	1017	1018	1017	1018	1017	1017	1017	1017	1017	1018	1017	1017	1017	1017	1017	1017	1018	1017	1017	1017	1017	1017	1018	1018	1017	1017	1017	1017	1017	1018	1018	1018	1018	1017	1017	1017	1018	1018	1018	1017	1017	1017	1017	1018	1017	1018	1017	1017	1017	1017	1017	1018	1017	1017	1017	1017	1018
2029	-9107	1018	1018	1017	1018	1017	1017	1017	1018	1018	1017	1017	1017	1017	1017	1017	1018	1017	1018	1018	1018	1018	1018	1018	1018	1018	1018	1017	1018	1018	1018	1018	1017	1017	1018	1018	1018	1018	1018	1018	1018	1018	1018	1018	1018	1019	1018	1018	1018	1017	1018	1018	1018	1017	1018	1018	1018	1017	1017	1018	1017	1018	1017	1017	1017	1017	1017	1017	1017	1018	1017	1018	1017	1017	1017	1018	1018	1018	1018	1018	1017	1018	1018	1017	1017	1018	1018	1018	1018	1018	1018	1018	1019	1018	1019	1018	1018	1018	1018	1018	1018	1018	1018	1018	1018	1018	1018	1018	1018	1018	1018	1018	1018	1018	1018	1018	1018	1018	1018	1018	1018	1018	1018	1017	1018	1018	1018	1018	1018
2030	-8615	1018	1018	1018	1018	1018	1018	1018	1018	1018	1018	1018	1018	1018	1018	1018	1018	1018	1018	1018	1018	1018	1018	1018	1018	1018	1018	1018	1018	1018	1018	1018	1018	1018	1018	1018	1018	1018	1018	1018	1018	1018	1019	1018	1018	1018	1018	1018	1018	1018	1018	1018	1018	1018	1019	1018	1018	1018	1018	1019	1018	1018	1018	1018	1018	1018	1018	1018	1018	1018	1018	1018	1018	1018	1018	1019	1018	1018	1019	1018	1019	1018	1018	1019	1019	1019	1019	1018	1018	1019	1019	1019	1019	1018	1018	1019	1018	1019	1018	1019	1019	1019	1019	1019	1019	1019	1019	1019	1019	1019	1019	1019	1018	1019	1019	1019	1019	1019	1019	1018	1018	1018	1019	1018	1019	1019	1019	1019	1019
2031	-8123	1019	1019	1019	1019	1019	1019	1019	1019	1018	1019	1019	1019	1018	1019	1019	1019	1019	1019	1019	1019	1019	1019	1019	1019	1018	1018	1019	1019	1019	1019	1019	1019	1019	1019	1019	1019	1019	1019	1019	1019	1019	1019	1019	1019	1019	1019	1019	1019	1019	1019	1019	1019	1019	1019	1019	1019	1019	1019	1019	1019	1019	1019	1019	1019	1019	1019	1019	1019	1019	1019	1019	1019	1019	1019	1019	1019	1019	1019	1019	1019	1019	1019	1019	1019	1019	1019	1020	1019	1019	1019	1019	1019	1019	1019	1019	1019	1019	1019	1019	1019	1019	1020	1019	1019	1019	1019	1019	1019	1019	1019	1019	1019	1019	1019	1019	1019	1019	1019	1019	1019	1018	1019	1019	1019	1019	1019	1019	1019
2032	-7630	1020	1020	1019	1020	1020	1020	1019	1019	1020	1019	1020	1019	1019	1019	1019	1019	1019	1020	1019	1019	1019	1019	1019	1019	1019	1019	1020	1019	1019	1019	1019	1020	1019	1019	1019	1019	1019	1019	1020	1020	1019	1019	1019	1019	1019	1019	1019	1019	1019	1019	1019	1019	1019	1019	1019	1019	1019	1019	1020	1020	1019	1020	1019	1019	1019	1020	1020	1020	1019	1020	1020	1019	1020	1020	1020	1019	1019	1020	1019	1019	1019	1020	1019	1019	1020	1019	1019	1019	1019	1020	1019	1020	1020	1019	1019	1019	1019	1019	1019	1020	1020	1019	1019	1019	1020	1019	1020	1019	1020	1019	1019	1019	1019	1019	1019	1019	1019	1019	1019	1019	1019	1019	1019	1019	1019	1019	1019	1020
2033	-7138	1020	1020	1020	1020	1020	1019	1020	1020	1020	1020	1020	1020	1020	1020	1020	1020	1020	1020	1020	1020	1020	1020	1020	1020	1020	1020	1020	1020	1020	1020	1020	1020	1020	1020	1020	1020	1020	1020	1020	1020	1020	1020	1020	1020	1020	1020	1020	1020	1020	1020	1020	1020	1020	1020	1020	1020	1020	1020	1020	1020	1020	1020	1020	1020	1020	1020	1020	1020	1020	1020	1020	1020	1020	1020	1020	1020	1020	1020	1020	1020	1020	1020	1020	1020	1020	1020	1019	1020	1020	1020	1020	1020	1020	1020	1020	1020	1020	1020	1020	1020	1020	1020	1020	1020	1020	1020	1020	1020	1020	1020	1020	1019	1020	1020	1020	1020	1020	1019	1020	1020	1020	1020	1020	1020	1020	1020	1020	1020
2034	-6646	1020	1020	1020	1020	1021	1020	1021	1020	1021	1020	1020	1020	1020	1020	1020	1021	1020	1020	1020	1020	1020	1020	1020	1020	1020	1020	1020	1020	1020	1020	1020	1020	1020	1020	1020	1020	1020	1020	1020	1020	1020	1020	1019	1020	1020	1020	1020	1020	1020	1020	1020	1020	1020	1020	1020	1021	1021	1020	1020	1020	1020	1020	1020	1020	1020	1020	1020	1020	1020	1020	1020	1020	1020	1020	1020	1021	1020	1020	1020	1020	1020	1021	1021	1020	1020	1021	1020	1020	1021	1020	1020	1020	1021	1021	1020	1021	1021	1021	1021	1021	1021	1021	1021	1021	1021	1021	1021	1021	1021	1021	1020	1020	1020	1020	1020	1020	1020	1020	1020	1020	1020	1020	1020	1020	1020	1020	1020	1020
2035	-6153	1021	1021	1021	1021	1021	1021	1021	1021	1021	1021	1021	1021	1021	1021	1021	1021	1021	1021	1021	1021	1021	1021	1021	1021	1021	1021	1021	1021	1021	1021	1021	1021	1021	1021	1021	1021	1021	1021	1021	1021	1022	1021	1021	1021	1020	1021	1021	1021	1021	1021	1021	1021	1021	1021	1021	1021	1021	1021	1021	1021	1021	1021	1021	1021	1021	1021	1021	1021	1021	1021	1021	1022	1022	1021	1021	1021	1021	1021	1021	1021	1021	1021	1021	1021	1021	1021	1021	1021	1021	1022	1021	1021	1021	1021	1021	1021	1021	1021	1021	1021	1021	1021	1021	1021	1021	1022	1021	1021	1021	1021	1021	1021	1021	1021	1021	1021	1021	1021	1021	1020	1021	1021	1021	1021	1021	1021	1021	1021
2036	-5661	1021	1022	1022	1021	1021	1021	1021	1021	1021	1021	1021	1021	1022	1022	1021	1021	1021	1021	1021	1021	1021	1021	1021	1021	1021	1021	1021	1022	1022	1021	1022	1022	1022	1022	1022	1022	1021	1022	1022	1022	1022	1022	1021	1021	1021	1022	1021	1021	1022	1021	1021	1022	1021	1021	1022	1021	1022	1022	1021	1021	1021	1021	1021	1021	1022	1022	1022	1021	1021	1021	1021	1022	1021	1021	1021	1021	1021	1021	1021	1021	1021	1021	1021	1021	1021	1022	1021	1021	1021	1021	1021	1021	1022	1022	1022	1022	1022	1021	1021	1021	1021	1021	1021	1022	1021	1021	1021	1021	1022	1022	1021	1021	1021	1022	1021	1021	1022	1021	1021	1022	1021	1022	1022	1021	1022	1021	1022	1021
2037	-5169	1021	1022	1022	1022	1022	1022	1022	1022	1021	1022	1022	1022	1022	1022	1022	1022	1022	1022	1022	1022	1022	1022	1022	1022	1022	1022	1022	1022	1022	1022	1022	1022	1022	1022	1021	1022	1021	1022	1022	1022	1022	1022	1023	1022	1022	1022	1022	1021	1022	1022	1022	1022	1022	1022	1022	1021	1021	1021	1022	1022	1022	1021	1022	1021	1022	1022	1022	1022	1021	1022	1022	1022	1022	1022	1022	1022	1022	1022	1022	1021	1022	1022	1022	1021	1022	1022	1022	1022	1022	1022	1022	1022	1022	1022	1022	1022	1022	1022	1022	1022	1022	1022	1022	1022	1022	1022	1022	1022	1022	1022	1021	1022	1022	1021	1022	1022	1022	1022	1022	1022	1022	1022	1022	1022	1022	1022	1022	1022
2038	-4676	1022	1023	1022	1023	1022	1022	1023	1023	1023	1022	1023	1022	1023	1022	1022	1022	1022	1022	1023	1023	1022	1023	1023	1022	1022	1022	1023	1023	1022	1023	1023	1022	1022	1023	1023	1023	1022	1023	1023	1022	1023	1023	1023	1022	1022	1023	1022	1022	1022	1023	1023	1023	1023	1023	1022	1023	1022	1022	1023	1022	1022	1022	1022	1022	1022	1022	1022	1022	1022	1022	1022	1022	1022	1022	1023	1022	1022	1022	1023	1023	1022	1022	1022	1022	1022	1022	1022	1022	1023	1023	1022	1022	1022	1022	1022	1023	1022	1023	1022	1022	1022	1023	1022	1023	1023	1023	1022	1023	1022	1023	1022	1022	1023	1022	1022	1022	1022	1022	1022	1022	1022	1022	1022	1022	1022	1022	1022	1022
2039	-4184	1023	1023	1022	1022	1023	1023	1022	1022	1023	1022	1023	1023	1023	1023	1023	1023	1023	1023	1023	1023	1023	1022	1023	1023	1023	1023	1023	1023	1022	1023	1023	1023	1023	1023	1022	1023	1022	1022	1023	1023	1022	1022	1023	1023	1023	1023	1023	1023	1023	1023	1022	1023	1023	1023	1023	1023	1023	1023	1023	1023	1023	1023	1023	1023	1023	1023	1023	1023	1023	1023	1023	1023	1023	1023	1023	1023	1023	1023	1023	1023	1023	1023	1023	1023	1023	1023	1023	1023	1023	1023	1023	1023	1023	1023	1023	1023	1023	1023	1023	1023	1023	1023	1023	1023	1023	1023	1023	1023	1023	1023	1023	1023	1023	1023	1023	1023	1023	1023	1023	1023	1023	1023	1022	1023	1023	1023	1023	1023
2040	-3692	1023	1023	1023	1023	1023	1023	1023	1023	1024	1023	1024	1023	1024	1024	1024	1024	1023	1024	1023	1023	1023	1024	1024	1023	1024	1024	1023	1024	1023	1023	1023	1024	1023	1023	1023	1023	1023	1023	1023	1023	1023	1023	1024	1023	1023	1023	1023	1023	1023	1023	1023	1023	1023	1023	1023	1023	1023	1023	1023	1023	1023	1023	1023	1023	1023	1024	1023	1023	1023	1023	1023	1023	1023	1023	1023	1023	1023	1023	1023	1023	1023	1023	1023	1023	1023	1023	1023	1024	1024	1023	1023	1023	1023	1023	1023	1023	1024	1024	1024	1023	1023	1024	1023	1024	1024	1024	1023	1024	1024	1023	1023	1023	1024	1023	1023	1023	1023	1023	1023	1023	1023	1023	1024	1024	1023	1023	1024	1024
2041	-3199	1024	1024	1024	1024	1024	1024	1024	1024	1024	1024	1023	1024	1024	1024	1023	1024	1023	1024	1024	1023	1024	1024	1023	1023	1024	1023	1023	1023	1024	1023	1023	1024	1024	1023	1024	1024	1024	1024	1023	1024	1023	1024	1024	1024	1023	1024	1024	1025	1024	1024	1024	1024	1024	1024	1024	1023	1024	1024	1024	1024	1024	1024	1024	1024	1024	1024	1024	1024	1024	1024	1024	1024	1024	1024	1024	1024	1024	1024	1024	1024	1024	1024	1024	1024	1024	1023	1024	1024	1024	1024	1023	1024	1023	1024	1024	1024	1024	1024	1024	1024	1023	1024	1024	1023	1023	1024	1024	1024	1024	1023	1024	1024	1024	1024	1024	1024	1024	1024	1024	1024	1024	1024	1024	1024	1024	1024	1024	1024
2042	-2707	1025	1025	1025	1024	1025	1024	1025	1024	1024	1025	1024	1024	1025	1025	1024	1024	1024	1025	1024	1024	1024	1024	1024	1024	1024	1024	1024	1024	1024	1024	1024	1024	1024	1024	1024	1024	1024	1024	1024	1024	1024	1024	1024	1024	1024	1024	1024	1024	1025	1025	1024	1024	1025	1025	1025	1024	1024	1025	1024	1024	1024	1024	1024	1024	1024	1024	1024	1024	1024	1024	1024	1024	1024	1024	1024	1024	1024	1024	1024	1024	1024	1024	1024	1024	1024	1024	1025	1024	1024	1024	1024	1024	1024	1024	1024	1024	1024	1024	1024	1024	1025	1025	1024	1024	1025	1025	1025	1025	1025	1025	1025	1024	1025	1024	1025	1025	1024	1025	1024	1024	1024	1024	1024	1025	1024	1024	1024	1025
2043	-2215	1025	1025	1025	1025	1025	1025	1024	1025	1025	1025	1025	1025	1025	1025	1025	1024	1024	1025	1024	1025	1024	1024	1025	1025	1025	1025	1024	1025	1025	1024	1024	1025	1024	1024	1024	1024	1025	1025	1024	1024	1024	1025	1025	1024	1025	1024	1024	1025	1025	1025	1024	1025	1025	1024	1024	1025	1025	1025	1025	1025	1025	1024	1025	1025	1025	1025	1025	1025	1025	1025	1024	1025	1025	1025	1025	1024	1024	1025	1025	1024	1025	1025	1025	1025	1025	1025	1025	1025	1024	1025	1025	1025	1024	1025	1025	1025	1025	1024	1025	1025	1024	1025	1025	1024	1025	1025	1025	1025	1025	1025	1025	1025	1025	1025	1025	1025	1025	1025	1025	1025	1025	1026	1025	1025	1025	1025	1025	1025
2044	-1723	1025	1025	1025	1025	1025	1025	1025	1025	1025	1025	1025	1025	1025	1025	1025	1025	1026	1025	1025	1025	1025	1025	1025	1025	1025	1025	1025	1025	1025	1025	1025	1025	1025	1025	1025	1025	1026	1025	1026	1025	1025	1026	1026	1025	1025	1026	1026	1025	1026	1026	1026	1026	1025	1025	1025	1025	1026	1026	1025	1026	1025	1026	1025	1025	1026	1026	1025	1025	1026	1026	1026	1026	1025	1025	1026	1026	1026	1026	1026	1025	1025	1026	1026	1026	1026	1026	1026	1026	1026	1025	1026	1026	1025	1025	1026	1025	1026	1025	1026	1026	1026	1026	1026	1026	1025	1025	1026	1025	1026	1025	1025	1025	1025	1025	1025	1025	1025	1025	1025	1024	1025	1025	1025	1024	1025	1025	1025	1025
2045	-1230	1026	1026	1026	1026	1026	1026	1026	1026	1027	1026	1026	1026	1026	1026	1027	1026	1026	1026	1026	1026	1026	1026	1026	1026	1026	1026	1026	1026	1027	1026	1026	1026	1026	1026	1027	1026	1026	1026	1026	1026	1026	1026	1026	1026	1026	1026	1026	1025	1026	1026	1026	1026	1026	1026	1026	1026	1026	1026	1025	1026	1026	1026	1025	1025	1026	1026	1026	1026	1026	1026	1026	1026	1026	1025	1026	1026	1026	1026	1026	1026	1026	1026	1026	1026	1026	1026	1026	1026	1026	1025	1026	1026	1025	1025	1026	1026	1026	1026	1026	1026	1026	1026	1026	1026	1026	1026	1026	1026	1026	1026	1026	1025	1026	1025	1026	1026	1026	1025	1026	1026	1026	1026	1026	1026	1026	1026	1026	1025
2046	-738	1026	1026	1026	1026	1026	1026	1026	1026	1027	1026	1026	1026	1026	1027	1026	1026	1026	1026	1026	1026	1026	1026	1026	1026	1026	1026	1026	1026	1026	1026	1026	1027	1027	1027	1027	1026	1027	1027	1027	1027	1026	1027	1026	1026	1027	1026	1026	1026	1027	1026	1026	1027	1026	1027	1026	1026	1026	1026	1026	1026	1027	1027	1026	1026	1026	1027	1027	1026	1026	1026	1026	1026	1026	1026	1026	1026	1026	1026	1026	1026	1026	1026	1026	1026	1026	1026	1026	1026	1026	1026	1027	1026	1027	1027	1026	1026	1026	1026	1026	1026	1026	1026	1026	1026	1026	1026	1026	1026	1026	1026	1027	1027	1027	1026	1026	1026	1026	1027	1026	1027	1026	1026	1026	1027	1026	1026	1026	1026
2047	-246	1027	1027	1027	1027	1027	1027	1027	1027	1027	1027	1026	1027	1027	1027	1026	1027	1026	1027	1027	1027	1027	1027	1027	1027	1026	1027	1027	1027	1027	1027	1027	1027	1027	1027	1027	1027	1027	1027	1027	1027	1027	1027	1027	1027	1026	1027	1027	1026	1027	1027	1027	1027	1027	1027	1026	1026	1026	1027	1027	1027	1027	1026	1027	1027	1027	1026	1027	1027	1027	1027	1027	1027	1027	1026	1026	1027	1026	1026	1027	1027	1027	1027	1027	1027	1027	1027	1026	1027	1027	1027	1027	1027	1027	1027	1027	1027	1027	1027	1027	1027	1027	1027	1027	1027	1027	1027	1027	1027	1027	1027	1027	1027	1027	1027	1027	1027	1027	1027	1027	1027	1027	1027	1027	1027	1027	1027	1027	1027
2048	246	1028	1028	1028	1028	1028	1028	1028	1028	1027	1028	1028	1028	1028	1028	1029	1028	1028	1028	1028	1028	1028	1028	1028	1028	1028	1028	1028	1028	1028	1028	1027	1028	1027	1028	1027	1028	1028	1028	1027	1027	1028	1027	1027	1028	1027	1028	1027	1027	1027	1028	1027	1028	1027	1027	1028	1028	1027	1027	1027	1027	1027	1027	1028	1027	1027	1027	1027	1027	1027	1028	1027	1027	1027	1027	1027	1027	1028	1027	1027	1027	1027	1027	1027	1027	1027	1027	1027	1027	1027	1027	1027	1027	1027	1027	1027	1027	1027	1027	1027	1028	1027	1027	1027	1027	1027	1026	1026	1027	1027	1027	1027	1027	1027	1027	1027	1027	1027	1027	1027	1027	1027	1027	1027	1027	1027	1028	1027	1027
2049	738	1028	1028	1028	1028	1028	1028	1028	1028	1027	1028	1027	1028	1028	1028	1028	1028	1028	1028	1028	1028	1028	1028	1028	1028	1028	1028	1028	1028	1028	1028	1028	1028	1028	1028	1028	1028	1028	1028	1028	1028	1027	1027	1028	1028	1027	1028	1027	1028	1028	1028	1028	1028	1028	1028	1028	1028	1028	1028	1028	1028	1028	1028	1028	1028	1028	1028	1027	1028	1028	1028	1028	1028	1027	1028	1028	1028	1028	1028	1028	1028	1028	1028	1028	1028	1027	1027	1028	1028	1028	1028	1028	1028	1028	1028	1028	1028	1027	1028	1027	1027	1027	1027	1028	1028	1028	1027	1028	1028	1028	1028	1028	1028	1028	1027	1028	1028	1028	1028	1028	1028	1028	1028	1028	1028	1028	1028	1028	1028
2050	1230	1028	1028	1028	1028	1028	1028	1028	1028	1028	1028	1028	1028	1028	1028	1028	1029	1028	1028	1028	1028	1029	1028	1028	1028	1028	1028	1028	1028	1028	1028	1028	1028	1028	1028	1028	1028	1028	1028	1028	1028	1029	1028	1028	1029	1028	1028	1029	1028	1029	1028	1028	1029	1028	1028	1028	1029	1028	1028	1028	1028	1028	1028	1029	1028	1028	1029	1028	1029	1028	1028	1028	1028	1028	1029	1028	1028	1028	1028	1028	1028	1029	1028	1028	1028	1028	1029	1029	1028	1028	1028	1028	1028	1029	1028	1028	1028	1028	1028	1028	1028	1028	1028	1028	1028	1028	1028	1028	1028	1028	1028	1028	1029	1028	1028	1029	1028	1028	1028	1028	1028	1028	1028	1028	1029	1028	1028	1029	1028
2051	1723	1029	1028	1029	1028	1029	1029	1029	1029	1028	1028	1028	1028	1029	1028	1029	1028	1029	1029	1029	1029	1028	1029	1029	1029	1030	1029	1029	1029	1029	1029	1029	1029	1030	1029	1029	1029	1029	1029	1030	1029	1029	1029	1029	1029	1029	1029	1029	1029	1029	1029	1029	1030	1029	1029	1029	1029	1029	1029	1029	1029	1028	1029	1028	1029	1029	1028	1029	1029	1029	1029	1028	1028	1029	1029	1029	1028	1028	1028	1028	1028	1028	1028	1029	1028	1028	1028	1028	1028	1028	1029	1028	1028	1029	1028	1028	1029	1029	1029	1029	1029	1029	1029	1029	1029	1029	1029	1029	1029	1029	1029	1029	1029	1029	1029	1029	1029	1029	1028	1029	1029	1029	1029	1029	1029	1029	1029	1029	1029
2052	2215	1029	1029	1029	1029	1029	1029	1029	1029	1030	1029	1029	1029	1029	1029	1029	1029	1029	1030	1029	1029	1029	1030	1029	1030	1030	1029	1029	1030	1029	1029	1029	1029	1030	1030	1029	1030	1029	1029	1030	1030	1030	1029	1029	1029	1029	1029	1030	1030	1029	1030	1030	1029	1029	1030	1030	1030	1029	1029	1029	1029	1030	1029	1029	1029	1029	1029	1029	1029	1029	1029	1029	1029	1029	1029	1029	1030	1029	1030	1029	1030	1029	1029	1029	1029	1029	1030	1030	1030	1029	1029	1029	1029	1029	1029	1030	1029	1030	1029	1030	1029	1029	1030	1030	1029	1029	1030	1029	1029	1029	1029	1029	1029	1030	1030	1029	1029	1029	1029	1029	1029	1029	1029	1029	1029	1029	1029	1029	1029
2053	2707	1029	1029	1030	1029	1029	1030	1030	1030	1030	1030	1030	1030	1029	1030	1030	1030	1030	1030	1030	1029	1029	1030	1030	1029	1030	1030	1030	1030	1030	1030	1031	1030	1030	1030	1030	1030	1030	1030	1030	1030	1030	1030	1030	1030	1030	1030	1030	1030	1030	1030	1031	1030	1030	1030	1030	1030	1030	1030	1030	1030	1030	1030	1030	1030	1030	1030	1030	1030	1030	1030	1030	1030	1030	1030	1030	1030	1030	1030	1030	1030	1030	1030	1030	1030	1030	1030	1031	1030	1030	1031	1030	1030	1030	1030	1030	1031	1030	1030	1031	1030	1030	1030	1031	1030	1030	1030	1030	1031	1031	1030	1030	1030	1030	1030	1030	1030	1030	1030	1030	1030	1030	1030	1030	1030	1030	1029	1030	1030
2054	3200	1030	1030	1031	1031	1031	1030	1031	1031	1030	1031	1031	1031	1030	1030	1031	1030	1031	1030	1031	1030	1030	1030	1031	1031	1030	1030	1031	1030	1031	1031	1031	1030	1031	1031	1030	1030	1030	1030	1030	1030	1030	1030	1031	1030	1030	1030	1030	1030	1031	1030	1030	1030	1030	1030	1030	1031	1030	1030	1030	1030	1030	1030	1030	1029	1030	1030	1030	1030	1030	1030	1030	1030	1030	1031	1030	1030	1030	1030	1030	1030	1030	1030	1030	1030	1030	1030	1030	1030	1030	1030	1030	1030	1030	1030	1030	1030	1030	1030	1030	1030	1031	1030	1030	1030	1031	1030	1029	1030	1030	1030	1030	1030	1030	1030	1030	1030	1030	1030	1030	1030	1030	1030	1031	1030	1031	1031	1030	1030
2055	3692	1031	1031	1031	1031	1031	1031	1031	1031	1031	1031	1031	1031	1031	1031	1031	1031	1031	1031	1031	1031	1031	1031	1031	1031	1031	1031	1031	1031	1030	1031	1031	1031	1031	1031	1031	1031	1031	1031	1031	1031	1031	1031	1031	1031	1031	1030	1031	1031	1031	1031	1031	1031	1031	1031	1031	1031	1031	1031	1030	1031	1031	1031	1031	1031	1031	1031	1031	1031	1031	1031	1031	1031	1031	1031	1031	1031	1030	1031	1030	1031	1031	1031	1031	1031	1031	1030	1031	1031	1031	1031	1031	1031	1031	1030	1031	1031	1031	1031	1031	1031	1031	1031	1031	1031	1031	1030	1031	1030	1031	1030	1031	1031	1031	1031	1031	1031	1031	1031	1031	1031	1030	1030	1031	1031	1030	1030	1030	1030
2056	4184	1031	1031	1031	1032	1032	1031	1032	1031	1032	1032	1031	1032	1031	1031	1031	1032	1032	1032	1032	1031	1031	1032	1031	1032	1032	1031	1032	1031	1031	1031	1032	1031	1032	1031	1032	1031	1032	1032	1032	1032	1032	1031	1031	1031	1031	1031	1031	1031	1032	1031	1032	1032	1031	1032	1031	1032	1032	1031	1031	1031	1032	1031	1031	1032	1031	1032	1032	1031	1031	1031	1032	1031	1031	1031	1031	1032	1032	1031	1032	1032	1031	1031	1032	1031	1032	1032	1032	1032	1032	1031	1032	1031	1032	1031	1031	1032	1031	1031	1031	1031	1032	1031	1031	1031	1031	1031	1031	1031	1031	1031	1031	1031	1031	1031	1031	1031	1031	1031	1031	1031	1031	1031	1031	1031	1031	1031	1031	1031
2057	4676	1032	1032	1032	1031	1032	1032	1032	1032	1032	1032	1032	1032	1032	1032	1031	1032	1032	1032	1032	1031	1032	1032	1032	1032	1032	1032	1032	1032	1031	1032	1032	1032	1032	1032	1031	1031	1032	1031	1031	1031	1031	1031	1032	1031	1032	1031	1031	1031	1031	1032	1032	1032	1032	1031	1031	1031	1032	1031	1032	1032	1032	1031	1032	1032	1032	1032	1032	1031	1032	1032	1032	1032	1031	1032	1032	1032	1032	1032	1031	1032	1032	1031	1031	1032	1031	1031	1032	1031	1032	1032	1031	1032	1031	1032	1032	1031	1032	1031	1031	1032	1032	1032	1032	1031	1032	1032	1032	1032	1032	1032	1032	1032	1032	1032	1032	1032	1032	1032	1032	1032	1032	1032	1032	1032	1032	1032	1032	1032
2058	5169	1032	1033	1033	1032	1032	1032	1032	1032	1032	1033	1032	1033	1032	1032	1032	1032	1032	1033	1033	1032	1032	1032	1032	1033	1032	1032	1032	1033	1032	1032	1032	1032	1032	1032	1032	1032	1032	1032	1032	1032	1032	1032	1032	1032	1032	1032	1032	1032	1031	1032	1032	1032	1033	1032	1032	1031	1032	1031	1031	1032	1032	1032	1032	1032	1032	1031	1032	1032	1032	1032	1032	1032	1032	1032	1032	1032	1033	1033	1032	1033	1033	1032	1032	1032	1032	1032	1033	1032	1032	1032	1032	1033	1032	1033	1032	1033	1032	1033	1033	1033	1032	1033	1033	1033	1033	1032	1032	1032	1032	1032	1032	1033	1032	1032	1032	1032	1032	1032	1032	1032	1032	1033	1032	1032	1032	1033	1032	1033
2059	5661	1032	1033	1033	1032	1033	1033	1033	1032	1033	1033	1032	1032	1032	1033	1032	1033	1032	1032	1033	1032	1032	1033	1032	1033	1032	1033	1032	1033	1033	1033	1033	1033	1033	1032	1033	1033	1033	1032	1033	1033	1032	1032	1032	1032	1033	1033	1033	1033	1033	1033	1033	1032	1033	1032	1033	1032	1032	1032	1033	1032	1033	1032	1033	1032	1032	1033	1033	1032	1032	1032	1032	1032	1032	1032	1032	1033	1033	1032	1033	1033	1033	1032	1033	1032	1033	1032	1032	1033	1032	1032	1032	1032	1033	1032	1033	1032	1033	1033	1033	1033	1032	1032	1033	1033	1033	1033	1033	1032	1033	1033	1033	1033	1033	1032	1032	1033	1032	1032	1033	1033	1033	1032	1033	1032	1033	1033	1032	1033
2060	6153	1033	1033	1033	1033	1033	1033	1033	1033	1033	1033	1033	1033	1033	1033	1033	1033	1033	1033	1033	1033	1034	1033	1033	1033	1033	1033	1034	1034	1034	1033	1033	1033	1033	1034	1034	1034	1033	1033	1034	1034	1033	1033	1034	1033	1034	1033	1034	1034	1034	1034	1034	1034	1034	1034	1034	1033	1034	1033	1033	1033	1033	1033	1033	1033	1033	1033	1033	1033	1033	1033	1033	1033	1033	1033	1033	1033	1033	1033	1033	1033	1033	1034	1033	1034	1033	1034	1034	1033	1034	1034	1033	1034	1033	1034	1034	1034	1034	1034	1033	1033	1033	1034	1033	1034	1034	1033	1034	1034	1033	1034	1034	1033	1033	1033	1033	1034	1033	1033	1034	1033	1033	1034	1034	1034	1034	1033	1034	1034
2061	6646	1033	1033	1033	1033	1033	1033	1034	1033	1034	1033	1033	1033	1033	1033	1033	1033	1033	1033	1033	1033	1034	1033	1033	1033	1033	1034	1034	1033	1034	1034	1033	1033	1034	1034	1034	1034	1033	1034	1033	1033	1033	1034	1034	1033	1034	1034	1034	1034	1034	1034	1034	1034	1034	1033	1034	1034	1033	1033	1034	1033	1033	1034	1034	1033	1034	1033	1033	1034	1033	1034	1034	1033	1033	1034	1034	1034	1033	1034	1033	1034	1033	1033	1034	1034	1033	1034	1033	1033	1033	1033	1034	1033	1034	1034	1034	1033	1034	1034	1034	1034	1034	1034	1034	1034	1033	1034	1034	1034	1034	1034	1034	1034	1034	1034	1034	1034	1034	1034	1034	1033	1034	1034	1034	1034	1034	1034	1033	1034
2062	7138	1034	1034	1034	1035	1034	1034	1035	1035	1035	1035	1035	1035	1035	1035	1035	1035	1035	1035	1035	1034	1035	1035	1035	1035	1035	1035	1035	1035	1035	1035	1035	1035	1034	1035	1035	1035	1035	1035	1035	1035	1034	1035	1035	1035	1034	1035	1034	1034	1035	1034	1035	1035	1034	1035	1034	1034	1035	1034	1034	1035	1034	1035	1034	1035	1034	1034	1034	1034	1034	1035	1034	1035	1034	1034	1034	1034	1034	1034	1034	1034	1034	1035	1034	1034	1034	1034	1034	1035	1034	1035	1035	1034	1034	1035	1034	1035	1035	1034	1034	1034	1034	1034	1034	1034	1034	1034	1034	1033	1034	1033	1034	1034	1034	1034	1034	1034	1034	1034	1035	1034	1034	1034	1034	1034	1034	1034	1034	1034
2063	7630	1035	1035	1035	1035	1035	1035	1035	1035	1035	1035	1035	1035	1035	1035	1035	1035	1035	1034	1035	1035	1035	1035	1034	1034	1034	1035	1034	1034	1034	1034	1034	1034	1034	1035	1034	1035	1034	1035	1034	1035	1035	1035	1035	1035	1035	1035	1035	1035	1035	1035	1034	1035	1035	1034	1034	1034	1035	1035	1035	1035	1034	1035	1035	1035	1035	1035	1035	1035	1035	1035	1035	1035	1035	1035	1035	1035	1035	1035	1035	1035	1035	1035	1035	1035	1035	1035	1035	1035	1036	1035	1035	1035	1035	1035	1035	1035	1035	1035	1035	1035	1035	1035	1034	1035	1035	1034	1035	1034	1035	1035	1034	1035	1035	1035	1034	1035	1035	1034	1034	1035	1035	1034	1035	1034	1034	1034	1035	1035
2064	8123	1035	1035	1035	1035	1035	1035	1035	1035	1035	1035	1035	1036	1035	1035	1035	1036	1035	1035	1035	1035	1035	1035	1035	1035	1035	1036	1035	1035	1036	1035	1035	1035	1035	1035	1036	1035	1035	1035	1035	1035	1035	1036	1035	1035	1035	1035	1035	1036	1036	1035	1035	1036	1035	1035	1036	1036	1036	1036	1036	1036	1036	1036	1035	1035	1035	1036	1035	1035	1035	1036	1035	1035	1035	1036	1035	1035	1035	1035	1035	1035	1035	1035	1035	1035	1035	1035	1035	1035	1036	1035	1035	1036	1036	1036	1035	1036	1036	1036	1036	1035	1035	1036	1036	1035	1036	1036	1035	1035	1036	1036	1036	1036	1036	1035	1036	1036	1035	1035	1035	1035	1035	1036	1036	1036	1035	1035	1035	1035
2065	8615	1036	1036	1036	1036	1035	1036	1036	1036	1036	1036	1036	1036	1036	1036	1037	1036	1036	1035	1036	1036	1036	1036	1036	1036	1035	1036	1035	1035	1035	1035	1036	1036	1036	1036	1036	1036	1036	1036	1036	1035	1036	1036	1035	1036	1036	1036	1036	1036	1036	1036	1036	1036	1035	1035	1036	1036	1036	1036	1035	1035	1035	1035	1036	1036	1035	1036	1035	1036	1036	1035	1036	1036	1035	1036	1036	1036	1036	1036	1036	1036	1035	1036	1036	1035	1036	1035	1035	1036	1035	1036	1036	1036	1036	1036	1036	1036	1036	1036	1036	1035	1036	1036	1036	1035	1035	1036	1036	1036	1036	1036	1036	1036	1036	1036	1036	1036	1036	1036	1036	1036	1036	1036	1036	1036	1036	1036	1036	1036
2066	9107	1036	1037	1037	1036	1037	1036	1036	1036	1036	1036	1036	1036	1036	1036	1036	1036	1036	1036	1036	1036	1036	1036	1036	1036	1036	1036	1036	1036	1036	1036	1036	1036	1036	1036	1036	1036	1036	1036	1036	1036	1036	1036	1036	1036	1036	1037	1036	1036	1036	1036	1036	1036	1036	1037	1036	1036	1036	1036	1036	1036	1036	1036	1036	1036	1037	1036	1037	1036	1036	1036	1037	1036	1036	1036	1036	1036	1036	1036	1036	1036	1036	1036	1036	1036	1036	1036	1036	1036	1036	1036	1036	1036	1036	1036	1036	1037	1036	1036	1037	1036	1036	1036	1036	1037	1037	1036	1036	1036	1036	1036	1036	1036	1037	1036	1036	1036	1036	1037	1037	1036	1036	1037	1036	1036	1036	1036	1036	1036
2067	9600	1036	1037	1037	1037	1037	1038	1037	1037	1037	1037	1037	1037	1037	1037	1037	1037	1037	1037	1037	1037	1037	1036	1037	1037	1036	1037	1036	1036	1037	1037	1036	1036	1037	1037	1036	1036	1037	1037	1036	1036	1036	1037	1037	1036	1036	1037	1037	1037	1037	1036	1037	1037	1037	1036	1036	1036	1037	1037	1036	1036	1037	1037	1037	1037	1037	1037	1037	1037	1037	1038	1037	1037	1037	1037	1037	1037	1036	1037	1037	1037	1037	1036	1037	1037	1037	1037	1037	1037	1036	1037	1037	1037	1037	1037	1037	1037	1037	1037	1037	1037	1037	1037	1037	1037	1037	1037	1037	1037	1037	1037	1037	1037	1037	1037	1037	1037	1037	1037	1037	1037	1037	1036	1037	1037	1037	1037	1037	1036
2068	10092	1037	1037	1037	1037	1037	1037	1037	1037	1037	1037	1037	1037	1037	1037	1037	1037	1037	1037	1037	1037	1037	1037	1037	1037	1037	1037	1037	1037	1037	1037	1037	1037	1037	1037	1037	1037	1037	1037	1037	1037	1037	1037	1038	1038	1037	1037	1037	1037	1038	1038	1037	1037	1037	1037	1037	1037	1038	1038	1037	1037	1037	1038	1038	1037	1038	1038	1038	1038	1038	1038	1038	1038	1038	1038	1038	1037	1038	1037	1038	1038	1038	1038	1038	1037	1038	1038	1037	1038	1038	1038	1038	1038	1038	1038	1038	1037	1038	1038	1038	1038	1038	1038	1037	1038	1038	1037	1037	1038	1038	1037	1038	1038	1038	1038	1037	1038	1038	1038	1037	1038	1038	1038	1038	1038	1037	1037	1037	1038
2069	10584	1038	1038	1038	1038	1038	1038	1038	1038	1038	1038	1038	1038	1038	1038	1038	1037	1038	1038	1038	1038	1038	1038	1038	1038	1038	1038	1038	1038	1038	1038	1039	1038	1038	1038	1038	1038	1037	1037	1038	1038	1037	1037	1037	1038	1037	1037	1037	1038	1037	1037	1037	1037	1037	1037	1037	1038	1037	1038	1037	1037	1037	1037	1038	1037	1037	1037	1037	1038	1037	1037	1037	1037	1038	1037	1037	1037	1037	1037	1037	1038	1037	1038	1038	1037	1037	1037	1037	1037	1037	1037	1037	1037	1037	1037	1037	1038	1038	1038	1038	1037	1038	1037	1037	1038	1038	1037	1037	1038	1037	1037	1037	1037	1038	1037	1038	1039	1038	1038	1038	1038	1039	1038	1038	1038	1038	1038	1038	1037
2070	11076	1038	1039	1038	1039	1038	1039	1039	1039	1039	1038	1039	1039	1039	1039	1039	1039	1039	1039	1038	1038	1038	1039	1038	1038	1038	1039	1039	1038	1038	1039	1038	1038	1038	1038	1038	1038	1038	1038	1038	1038	1038	1038	1038	1038	1038	1038	1038	1038	1038	1038	1038	1039	1039	1039	1038	1038	1038	1039	1039	1038	1039	1039	1039	1039	1039	1039	1038	1039	1039	1039	1039	1038	1038	1038	1038	1039	1038	1038	1038	1038	1038	1039	1038	1038	1038	1038	1039	1039	1039	1038	1039	1038	1039	1038	1038	1039	1039	1039	1039	1039	1039	1038	1039	1038	1038	1039	1039	1039	1038	1039	1039	1039	1039	1038	1039	1039	1039	1039	1039	1039	1039	1039	1039	1039	1039	1038	1038	1039
2071	11569	1039	1039	1039	1039	1039	1039	1039	1039	1039	1039	1039	1039	1038	1039	1038	1039	1039	1039	1039	1039	1039	1039	1039	1039	1039	1039	1039	1039	1039	1039	1039	1038	1039	1038	1038	1039	1039	1039	1039	1038	1039	1038	1038	1038	1038	1039	1038	1038	1038	1038	1038	1038	1039	1038	1038	1039	1038	1038	1038	1038	1038	1038	1038	1039	1038	1038	1039	1039	1039	1039	1039	1039	1039	1039	1039	1039	1039	1039	1039	1039	1039	1039	1039	1039	1039	1039	1039	1039	1039	1039	1039	1039	1038	1039	1039	1039	1039	1039	1039	1039	1039	1039	1039	1039	1039	1039	1039	1039	1039	1039	1039	1039	1039	1039	1039	1039	1039	1038	1039	1039	1039	1039	1039	1039	1039	1039	1039	1039
2072	12061	1040	1039	1039	1039	1039	1040	1040	1040	1040	1040	1040	1039	1039	1039	1039	1039	1039	1039	1040	1039	1039	1039	1039	1039	1039	1039	1039	1039	1039	1039	1039	1039	1039	1039	1039	1039	1039	1039	1039	1039	1039	1039	1039	1039	1039	1039	1039	1039	1039	1040	1039	1039	1040	1039	1039	1039	1039	1040	1040	1040	1040	1039	1039	1039	1040	1039	1039	1039	1040	1039	1039	1039	1040	1039	1039	1039	1040	1039	1039	1039	1039	1040	1039	1039	1039	1039	1039	1039	1039	1039	1039	1039	1039	1039	1039	1040	1039	1039	1040	1039	1039	1039	1039	1039	1039	1039	1039	1039	1039	1039	1039	1039	1039	1039	1039	1040	1039	1040	1040	1040	1040	1040	1040	1040	1040	1039	1039	1040
2073	12553	1040	1040	1039	1040	1040	1040	1039	1039	1040	1040	1040	1039	1040	1040	1040	1040	1040	1040	1040	1040	1040	1040	1040	1040	1040	1040	1039	1040	1039	1039	1039	1040	1039	1040	1040	1040	1039	1039	1040	1039	1040	1039	1040	1040	1040	1040	1040	1040	1040	1040	1041	1040	1040	1039	1040	1040	1040	1040	1040	1040	1040	1040	1040	1040	1040	1040	1040	1040	1040	1040	1040	1039	1040	1039	1039	1039	1039	1039	1039	1039	1039	1040	1039	1040	1040	1039	1039	1039	1039	1039	1039	1039	1039	1040	1039	1039	1040	1040	1040	1039	1039	1040	1040	1040	1040	1040	1040	1040	1040	1040	1040	1039	1040	1039	1040	1039	1039	1040	1040	1040	1040	1040	1040	1039	1040	1040	1040	1039
2074	13046	1040	1040	1040	1040	1040	1040	1040	1040	1040	1040	1040	1040	1040	1040	1040	1040	1040	1040	1040	1040	1040	1039	1040	1040	1040	1040	1040	1040	1040	1040	1040	1040	1040	1040	1040	1040	1039	1040	1040	1040	1040	1039	1040	1040	1040	1040	1040	1040	1040	1040	1041	1040	1040	1040	1040	1040	1040	1040	1040	1040	1040	1040	1040	1040	1040	1040	1040	1040	1039	1040	1040	1039	1040	1040	1040	1040	1040	1040	1040	1040	1040	1040	1040	1041	1040	1040	1040	1040	1040	1041	1040	1041	1041	1040	1040	1041	1040	1041	1040	1040	1041	1040	1041	1040	1041	1040	1040	1041	1041	1040	1041	1040	1041	1040	1040	1041	1041	1040	1040	1040	1040	1040	1040	1040	1040	1040	1040	1040
2075	13538	1040	1041	1041	1040	1041	1041	1041	1041	1041	1041	1041	1041	1040	1040	1041	1041	1041	1041	1041	1042	1041	1041	1041	1041	1041	1041	1041	1041	1041	1041	1041	1041	1041	1041	1041	1041	1041	1040	1041	1041	1041	1041	1041	1041	1041	1040	1041	1041	1041	1041	1041	1041	1040	1041	1041	1041	1041	1041	1040	1040	1041	1040	1041	1041	1041	1041	1040	1040	1040	1040	1040	1040	1041	1040	1041	1040	1040	1040	1040	1040	1040	1040	1041	1040	1041	1041	1041	1041	1041	1041	1041	1041	1041	1041	1041	1041	1041	1041	1041	1040	1041	1041	1041	1041	1041	1041	1041	1041	1041	1041	1041	1040	1041	1041	1041	1041	1041	1041	1040	1041	1041	1040	1041	1041	1041	1041	1040	1041
2076	14030	1041	1041	1041	1041	1041	1041	1041	1041	1041	1041	1042	1041	1041	1042	1042	1042	1042	1042	1042	1042	1042	1042	1041	1041	1042	1041	1042	1041	1041	1042	1041	1041	1041	1041	1041	1041	1041	1041	1041	1041	1041	1041	1041	1042	1041	1041	1041	1041	1041	1042	1041	1041	1042	1042	1041	1041	1041	1040	1041	1041	1041	1041	1041	1041	1041	1041	1041	1041	1041	1041	1041	1041	1041	1042	1041	1041	1041	1041	1041	1041	1041	1041	1041	1041	1041	1041	1041	1041	1041	1041	1041	1041	1041	1041	1041	1041	1041	1041	1041	1041	1041	1041	1041	1041	1041	1041	1041	1041	1041	1041	1041	1041	1041	1041	1041	1041	1041	1041	1041	1041	1041	1041	1041	1041	1041	1041	1041	1041
2077	14523	1041	1042	1041	1041	1041	1042	1042	1042	1042	1042	1042	1042	1042	1043	1042	1042	1042	1042	1042	1042	1042	1042	1042	1042	1041	1042	1042	1042	1042	1042	1042	1042	1042	1042	1042	1042	1043	1042	1042	1042	1042	1042	1042	1042	1042	1042	1042	1042	1042	1042	1041	1042	1042	1042	1042	1042	1041	1042	1042	1042	1042	1042	1042	1042	1042	1041	1042	1042	1042	1042	1042	1041	1041	1042	1042	1042	1042	1041	1042	1041	1041	1042	1042	1042	1042	1041	1042	1041	1042	1042	1042	1041	1041	1042	1042	1042	1041	1041	1042	1042	1042	1042	1042	1042	1042	1042	1042	1042	1042	1042	1042	1042	1042	1042	1042	1041	1042	1042	1042	1042	1042	1042	1042	1042	1042	1041	1042	1042
2078	15015	1042	1042	1042	1042	1042	1042	1042	1042	1042	1042	1042	1042	1042	1042	1042	1042	1042	1042	1042	1042	1042	1042	1042	1042	1042	1042	1042	1042	1042	1042	1042	1042	1042	1042	1043	1042	1042	1042	1042	1042	1042	1042	1042	1042	1042	1042	1042	1043	1042	1042	1042	1042	1043	1043	1043	1043	1043	1043	1043	1042	1043	1043	1043	1043	1042	1042	1043	1043	1043	1043	1043	1043	1043	1043	1043	1043	1043	1042	1042	1043	1042	1043	1043	1042	1043	1042	1043	1042	1042	1042	1042	1043	1042	1042	1042	1042	1042	1042	1043	1042	1042	1042	1042	1042	1042	1043	1042	1042	1043	1042	1042	1042	1042	1043	1042	1042	1042	1042	1043	1042	1042	1043	1042	1042	1042	1042	1042	1042
2079	15507	1042	1043	1043	1043	1043	1043	1043	1043	1043	1043	1043	1043	1043	1042	1043	1043	1043	1043	1043	1043	1043	1042	1042	1042	1043	1043	1043	1043	1042	1043	1043	1043	1043	1043	1042	1042	1043	1043	1042	1042	1043	1043	1043	1042	1043	1043	1043	1043	1042	1043	1043	1043	1043	1042	1042	1043	1043	1043	1043	1043	1042	1043	1043	1043	1042	1043	1043	1042	1043	1042	1043	1043	1042	1043	1043	1043	1043	1042	1042	1042	1043	1043	1042	1043	1043	1042	1043	1043	1043	1043	1042	1043	1043	1043	1043	1043	1043	1043	1043	1043	1043	1043	1043	1043	1043	1043	1043	1043	1043	1043	1043	1042	1043	1043	1043	1043	1043	1043	1043	1043	1043	1043	1043	1042	1043	1043	1043	1043
2080	16000	1043	1043	1042	1043	1043	1043	1043	1043	1043	1043	1043	1043	1042	1043	1043	1043	1043	1043	1043	1043	1043	1043	1043	1043	1043	1043	1043	1043	1043	1043	1042	1043	1043	1043	1043	1043	1044	1043	1043	1044	1044	1044	1043	1044	1043	1043	1043	1043	1044	1043	1043	1044	1043	1043	1043	1044	1044	1044	1043	1043	1043	1043	1043	1044	1043	1043	1044	1043	1044	1043	1043	1043	1043	1043	1043	1043	1043	1043	1043	1043	1043	1043	1043	1043	1043	1043	1043	1044	1043	1043	1043	1043	1043	1043	1043	1043	1043	1043	1044	1043	1043	1043	1043	1043	1043	1043	1043	1043	1043	1043	1043	1043	1043	1043	1043	1043	1043	1043	1043	1043	1042	1043	1043	1043	1043	1043	1043	1043
2081	16492	1043	1043	1043	1044	1044	1043	1044	1044	1043	1044	1043	1043	1044	1044	1043	1043	1044	1043	1043	1043	1043	1043	1043	1043	1044	1043	1044	1044	1044	1044	1044	1044	1043	1044	1044	1043	1043	1043	1043	1044	1043	1043	1044	1044	1043	1043	1043	1043	1043	1043	1043	1043	1043	1044	1043	1043	1043	1043	1043	1044	1044	1044	1044	1044	1043	1043	1043	1043	1043	1043	1044	1043	1044	1044	1044	1044	1044	1044	1044	1044	1044	1043	1044	1044	1044	1044	1044	1044	1044	1044	1044	1044	1044	1044	1044	1044	1044	1044	1044	1044	1044	1044	1044	1044	1043	1044	1044	1044	1044	1044	1044	1044	1044	1044	1044	1043	1043	1043	1044	1043	1043	1043	1043	1044	1044	1044	1044	1044
2082	16984	1044	1044	1044	1044	1045	1045	1045	1045	1045	1045	1045	1045	1045	1044	1045	1045	1045	1044	1044	1045	1045	1044	1044	1044	1045	1045	1045	1045	1044	1045	1045	1044	1045	1044	1044	1044	1044	1044	1044	1044	1044	1044	1044	1044	1044	1044	1044	1044	1044	1044	1044	1044	1044	1044	1044	1044	1044	1044	1044	1044	1044	1044	1044	1043	1044	1044	1043	1044	1044	1044	1044	1044	1044	1044	1044	1044	1043	1044	1044	1044	1044	1044	1044	1044	1044	1044	1044	1044	1044	1044	1044	1044	1044	1044	1044	1044	1044	1044	1044	1044	1044	1044	1044	1044	1044	1044	1044	1044	1044	1044	1044	1044	1044	1044	1044	1044	1044	1044	1044	1044	1045	1045	1045	1045	1044	1044	1045	1044
2083	17476	1045	1045	1045	1045	1045	1045	1045	1045	1044	1045	1045	1045	1044	1045	1044	1045	1045	1045	1045	1045	1044	1045	1045	1045	1045	1045	1045	1045	1045	1045	1044	1045	1045	1045	1044	1045	1044	1045	1045	1045	1045	1045	1044	1045	1045	1045	1045	1045	1045	1045	1045	1044	1045	1045	1044	1044	1044	1044	1044	1044	1044	1044	1044	1044	1044	1044	1044	1045	1045	1044	1045	1045	1045	1044	1045	1045	1045	1045	1044	1045	1044	1044	1044	1044	1044	1044	1045	1045	1044	1044	1045	1045	1045	1045	1044	1045	1044	1044	1044	1045	1045	1045	1045	1045	1045	1045	1045	1045	1045	1045	1045	1045	1045	1045	1044	1045	1045	1045	1045	1045	1045	1045	1045	1044	1045	1044	1045	1045
2084	17969	1045	1045	1045	1045	1045	1046	1046	1045	1046	1045	1045	1046	1045	1046	1045	1046	1046	1045	1045	1046	1046	1045	1045	1045	1045	1046	1045	1045	1046	1045	1046	1046	1045	1045	1045	1045	1045	1045	1044	1045	1045	1045	1045	1045	1045	1045	1045	1045	1045	1045	1045	1045	1044	1045	1045	1045	1045	1045	1045	1045	1045	1045	1045	1045	1045	1045	1045	1045	1045	1045	1045	1045	1045	1045	1045	1045	1045	1045	1045	1045	1045	1045	1045	1045	1045	1045	1046	1046	1045	1045	1045	1045	1045	1045	1045	1045	1045	1045	1045	1045	1045	1045	1045	1045	1045	1045	1045	1046	1046	1045	1046	1045	1045	1046	1045	1044	1045	1045	1045	1045	1046	1045	1045	1045	1045	1045	1045	1045
2085	18461	1045	1045	1046	1046	1046	1045	1046	1046	1046	1046	1045	1045	1045	1046	1045	1046	1046	1046	1045	1045	1045	1045	1045	1046	1045	1046	1046	1046	1046	1045	1045	1045	1045	1046	1045	1045	1046	1046	1046	1045	1046	1045	1045	1046	1046	1046	1046	1045	1045	1046	1046	1046	1046	1046	1046	1046	1046	1046	1046	1046	1045	1046	1046	1046	1046	1046	1046	1046	1046	1046	1046	1046	1046	1046	1046	1046	1046	1046	1046	1046	1046	1046	1046	1046	1046	1046	1046	1046	1046	1046	1046	1046	1046	1046	1046	1046	1046	1046	1046	1045	1046	1046	1046	1045	1045	1045	1046	1046	1046	1045	1046	1046	1046	1046	1046	1045	1045	1045	1045	1045	1045	1045	1045	1045	1045	1045	1045	1045
2086	18953	1046	1046	1046	1046	1046	1046	1046	1046	1046	1046	1046	1046	1046	1046	1045	1046	1046	1046	1046	1046	1046	1046	1046	1046	1046	1046	1046	1046	1046	1046	1046	1046	1046	1046	1046	1046	1046	1046	1046	1046	1046	1045	1046	1045	1045	1047	1046	1046	1046	1046	1046	1046	1046	1046	1047	1046	1046	1046	1046	1046	1046	1046	1046	1046	1046	1046	1046	1047	1046	1046	1046	1046	1046	1046	1046	1046	1046	1046	1046	1046	1047	1046	1046	1046	1046	1046	1046	1046	1047	1046	1046	1046	1046	1046	1046	1046	1046	1046	1046	1046	1046	1046	1046	1046	1046	1046	1046	1046	1046	1047	1046	1046	1046	1046	1046	1046	1046	1046	1046	1046	1046	1046	1046	1046	1046	1046	1046	1046
2087	19446	1047	1047	1047	1047	1047	1047	1047	1047	1046	1047	1047	1047	1047	1047	1047	1047	1047	1047	1047	1047	1047	1047	1047	1047	1047	1047	1046	1047	1046	1047	1046	1046	1047	1046	1046	1046	1046	1046	1047	1047	1046	1046	1046	1047	1046	1046	1046	1046	1046	1046	1046	1047	1047	1047	1047	1046	1047	1046	1047	1047	1047	1047	1046	1047	1046	1047	1047	1047	1046	1047	1047	1047	1047	1047	1047	1047	1047	1047	1047	1047	1047	1047	1046	1047	1048	1047	1047	1047	1046	1047	1047	1047	1047	1047	1047	1047	1047	1046	1046	1046	1047	1047	1047	1046	1047	1047	1047	1047	1047	1046	1046	1046	1047	1047	1046	1047	1047	1047	1046	1047	1046	1047	1047	1047	1047	1047	1047	1047
2088	19938	1047	1047	1047	1047	1047	1047	1047	1047	1047	1047	1047	1047	1047	1047	1047	1047	1047	1047	1047	1047	1047	1047	1047	1047	1047	1047	1047	1047	1047	1047	1048	1047	1048	1048	1047	1048	1048	1048	1047	1048	1048	1047	1048	1047	1048	1048	1047	1048	1048	1048	1048	1047	1048	1048	1047	1047	1047	1047	1047	1047	1047	1047	1047	1047	1048	1047	1047	1048	1047	1047	1048	1047	1047	1047	1048	1047	1048	1047	1047	1047	1047	1047	1047	1046	1047	1047	1047	1047	1047	1047	1047	1047	1047	1046	1047	1047	1047	1047	1047	1046	1047	1047	1046	1047	1047	1047	1047	1047	1047	1047	1047	1047	1047	1047	1048	1047	1048	1047	1047	1047	1047	1047	1047	1047	1047	1047	1047	1047
2089	20430	1047	1048	1048	1048	1047	1048	1048	1048	1047	1048	1048	1048	1047	1047	1047	1048	1047	1048	1048	1047	1048	1048	1048	1047	1048	1048	1047	1048	1048	1047	1047	1047	1048	1047	1048	1047	1048	1047	1048	1048	1047	1047	1047	1047	1047	1047	1048	1048	1048	1047	1048	1048	1048	1048	1048	1047	1048	1048	1048	1047	1048	1048	1047	1047	1048	1047	1048	1047	1048	1047	1047	1047	1047	1047	1048	1048	1047	1047	1047	1048	1047	1047	1048	1047	1048	1047	1047	1047	1047	1048	1047	1047	1047	1047	1048	1047	1047	1047	1048	1048	1048	1047	1048	1048	1047	1048	1048	1048	1048	1048	1048	1048	1048	1048	1048	1048	1048	1048	1048	1048	1048	1048	1048	1048	1048	1048	1048	1048
2090	20923	1048	1048	1048	1048	1048	1048	1048	1048	1048	1048	1048	1048	1048	1048	1048	1048	1048	1048	1048	1048	1048	1048	1048	1048	1048	1048	1048	1048	1048	1048	1048	1048	1048	1048	1048	1048	1048	1048	1048	1048	1048	1048	1048	1048	1048	1048	1048	1048	1048	1048	1048	1048	1048	1048	1048	1048	1048	1048	1048	1048	1047	1048	1048	1048	1047	1048	1048	1048	1048	1048	1048	1048	1048	1048	1048	1048	1048	1048	1048	1048	1049	1048	1048	1048	1048	1048	1048	1048	1048	1048	1048	1048	1048	1048	1048	1048	1048	1048	1048	1048	1048	1048	1048	1048	1048	1048	1048	1048	1048	1048	1048	1049	1048	1048	1048	1048	1049	1048	1048	1048	1048	1048	1048	1048	1048	1048	1048	1048
2091	21415	1049	1049	1049	1049	1049	1049	1049	1049	1049	1049	1049	1049	1048	1049	1049	1049	1048	1048	1049	1048	1048	1048	1048	1048	1049	1048	1048	1048	1048	1049	1048	1049	1048	1048	1049	1049	1048	1048	1048	1048	1049	1048	1048	1049	1048	1048	1048	1048	1049	1048	1049	1049	1049	1049	1049	1049	1049	1048	1049	1049	1049	1049	1049	1049	1049	1049	1048	1049	1048	1049	1049	1048	1049	1049	1049	1048	1048	1049	1048	1049	1049	1049	1049	1049	1048	1049	1049	1049	1049	1048	1049	1048	1049	1049	1048	1049	1049	1049	1048	1049	1048	1048	1048	1048	1048	1048	1048	1049	1048	1048	1048	1048	1049	1048	1048	1048	1048	1048	1048	1048	1049	1048	1048	1049	1048	1048	1049	1048
2092	21907	1049	1048	1048	1049	1049	1049	1049	1049	1049	1049	1049	1049	1049	1049	1049	1049	1049	1049	1049	1049	1049	1049	1049	1049	1049	1049	1049	1049	1049	1049	1049	1049	1049	1049	1049	1049	1050	1049	1049	1050	1049	1049	1049	1049	1049	1050	1049	1049	1049	1049	1049	1049	1049	1049	1049	1049	1049	1049	1050	1050	1049	1049	1049	1049	1049	1049	1049	1049	1049	1049	1049	1049	1049	1049	1049	1049	1049	1049	1049	1049	1049	1049	1049	1049	1049	1049	1049	1049	1049	1049	1049	1049	1049	1050	1049	1049	1049	1049	1049	1049	1049	1049	1049	1049	1049	1049	1049	1049	1049	1049	1049	1049	1049	1049	1049	1049	1049	1049	1049	1049	1049	1049	1049	1049	1049	1049	1049	1049
2093	22400	1049	1050	1050	1050	1050	1050	1050	1049	1050	1049	1049	1050	1050	1050	1050	1050	1050	1050	1050	1050	1049	1050	1050	1050	1049	1050	1049	1050	1049	1050	1050	1050	1050	1050	1050	1050	1049	1050	1050	1050	1049	1050	1050	1050	1050	1050	1050	1050	1050	1050	1049	1050	1050	1050	1050	1050	1050	1050	1049	1050	1049	1050	1049	1050	1049	1050	1049	1050	1050	1050	1049	1049	1050	1050	1050	1050	1050	1049	1049	1050	1049	1050	1049	1050	1049	1049	1049	1049	1049	1049	1049	1049	1049	1049	1049	1049	1049	1049	1049	1049	1049	1049	1049	1049	1049	1050	1049	1049	1050	1049	1049	1049	1049	1050	1050	1050	1050	1049	1050	1049	1049	1050	1050	1050	1050	1050	1050	1050
2094	22892	1050	1050	1050	1050	1050	1050	1050	1050	1050	1050	1050	1050	1050	1050	1050	1050	1050	1050	1049	1049	1050	1050	1050	1050	1050	1049	1050	1050	1049	1050	1050	1049	1050	1050	1050	1050	1050	1049	1050	1050	1050	1050	1050	1050	1050	1050	1050	1050	1050	1050	1050	1050	1050	1050	1050	1050	1050	1050	1050	1050	1050	1050	1050	1050	1049	1050	1050	1050	1049	1050	1049	1049	1050	1050	1049	1050	1050	1050	1050	1050	1050	1050	1050	1050	1050	1050	1050	1050	1050	1050	1050	1050	1050	1050	1050	1050	1050	1050	1050	1049	1049	1049	1050	1050	1050	1049	1049	1050	1050	1049	1050	1050	1050	1049	1050	1050	1050	1050	1050	1050	1049	1050	1050	1050	1050	1050	1050	1050
2095	23384	1050	1050	1051	1051	1050	1051	1050	1050	1050	1051	1051	1050	1051	1050	1050	1050	1050	1051	1051	1051	1051	1050	1050	1051	1051	1051	1051	1051	1050	1050	1051	1050	1051	1051	1051	1051	1051	1051	1051	1050	1051	1051	1051	1050	1051	1051	1051	1051	1051	1051	1051	1050	1050	1051	1050	1051	1050	1050	1051	1051	1050	1050	1050	1050	1051	1051	1050	1051	1050	1050	1050	1050	1050	1050	1050	1051	1050	1051	1050	1050	1050	1050	1050	1050	1050	1051	1050	1051	1051	1051	1050	1051	1051	1050	1051	1051	1050	1050	1051	1051	1050	1050	1050	1051	1051	1050	1051	1050	1051	1051	1050	1050	1050	1050	1050	1051	1050	1051	1050	1050	1050	1050	1050	1050	1050	1050	1050	1051
2096	23876	1051	1051	1051	1051	1051	1051	1051	1051	1051	1051	1051	1051	1051	1051	1051	1052	1051	1051	1051	1051	1051	1051	1051	1051	1051	1051	1051	1051	1050	1051	1050	1050	1051	1051	1051	1051	1051	1051	1051	1051	1051	1051	1051	1051	1051	1051	1051	1051	1051	1051	1051	1051	1051	1051	1051	1050	1051	1051	1051	1051	1051	1051	1051	1051	1051	1051	1051	1051	1051	1051	1051	1051	1051	1051	1051	1051	1051	1051	1051	1051	1050	1051	1051	1051	1051	1051	1051	1050	1051	1051	1051	1051	1051	1051	1051	1051	1051	1050	1050	1051	1051	1051	1051	1050	1051	1050	1050	1050	1051	1051	1050	1051	1051	1051	1051	1051	1051	1051	1051	1051	1051	1051	1052	1051	1051	1051	1051	1051
2097	24369	1052	1052	1052	1052	1052	1052	1052	1052	1052	1052	1052	1051	1051	1051	1052	1051	1051	1051	1052	1052	1052	1052	1052	1052	1051	1052	1052	1052	1052	1052	1052	1052	1052	1052	1052	1052	1052	1051	1052	1052	1052	1051	1052	1052	1052	1051	1051	1051	1052	1051	1052	1052	1052	1052	1051	1052	1052	1052	1052	1052	1051	1052	1051	1052	1052	1051	1052	1052	1052	1052	1051	1051	1051	1051	1052	1051	1052	1052	1052	1052	1052	1052	1052	1052	1052	1052	1052	1051	1051	1051	1051	1051	1051	1051	1051	1051	1051	1052	1051	1052	1052	1051	1051	1051	1052	1051	1051	1052	1051	1051	1051	1051	1051	1051	1051	1051	1051	1051	1051	1051	1051	1051	1051	1051	1051	1051	1051	1051
2098	24861	1052	1052	1052	1052	1052	1051	1052	1052	1052	1052	1052	1052	1052	1052	1052	1053	1052	1052	1052	1052	1052	1052	1052	1052	1052	1051	1051	1052	1052	1052	1052	1051	1052	1052	1052	1051	1052	1052	1052	1052	1052	1052	1052	1052	1052	1052	1052	1052	1052	1052	1052	1052	1052	1052	1052	1052	1052	1052	1052	1052	1052	1052	1052	1052	1051	1052	1051	1052	1052	1051	1051	1052	1052	1052	1051	1052	1052	1052	1052	1052	1052	1051	1052	1052	1052	1052	1052	1052	1052	1052	1052	1052	1052	1052	1052	1052	1052	1052	1052	1052	1052	1052	1052	1052	1052	1052	1052	1052	1052	1052	1052	1052	1052	1052	1052	1052	1052	1052	1052	1052	1052	1052	1052	1052	1052	1052	1052	1052
2099	25353	1053	1052	1052	1053	1052	1052	1052	1052	1053	1053	1053	1052	1053	1052	1053	1053	1053	1053	1053	1053	1053	1053	1053	1053	1052	1053	1052	1052	1052	1053	1053	1052	1052	1053	1053	1053	1053	1053	1052	1053	1053	1053	1052	1053	1053	1053	1053	1053	1053	1053	1053	1053	1052	1053	1052	1053	1053	1053	1053	1053	1053	1052	1052	1052	1052	1053	1053	1053	1052	1053	1053	1052	1053	1053	1052	1052	1052	1052	1052	1053	1052	1053	1052	1052	1052	1052	1052	1052	1053	1052	1053	1052	1052	1052	1052	1052	1053	1052	1053	1052	1052	1052	1052	1052	1052	1052	1052	1053	1052	1052	1053	1052	1052	1053	1052	1053	1053	1053	1053	1053	1053	1053	1053	1053	1053	1053	1053	1053
2100	25846	1054	1053	1053	1053	1053	1053	1053	1053	1053	1053	1052	1053	1052	1053	1053	1053	1053	1053	1053	1054	1053	1053	1053	1053	1053	1053	1053	1052	1053	1053	1053	1053	1053	1053	1053	1053	1053	1052	1053	1053	1053	1053	1053	1052	1053	1053	1053	1052	1053	1053	1053	1053	1053	1053	1052	1053	1053	1053	1053	1053	1053	1053	1053	1053	1053	1053	1053	1053	1054	1053	1053	1053	1053	1053	1053	1053	1053	1053	1053	1053	1053	1053	1053	1053	1054	1053	1053	1053	1053	1053	1053	1053	1053	1053	1053	1053	1054	1053	1053	1053	1053	1054	1053	1053	1053	1054	1053	1053	1053	1053	1052	1053	1053	1053	1053	1053	1053	1053	1053	1053	1054	1054	1054	1053	1054	1054	1053	1054
2101	26338	1054	1054	1054	1054	1054	1053	1054	1054	1054	1054	1053	1053	1053	1054	1053	1053	1053	1053	1053	1053	1053	1054	1053	1053	1053	1053	1053	1053	1054	1053	1054	1054	1053	1053	1054	1053	1053	1053	1053	1053	1053	1053	1053	1053	1053	1053	1053	1053	1053	1054	1053	1053	1054	1053	1053	1054	1054	1054	1054	1054	1054	1054	1054	1053	1054	1054	1054	1053	1053	1053	1053	1054	1053	1053	1053	1054	1053	1053	1053	1054	1054	1053	1053	1053	1053	1053	1053	1054	1054	1053	1053	1053	1054	1053	1053	1053	1053	1054	1053	1053	1053	1053	1053	1053	1053	1053	1054	1054	1053	1054	1054	1053	1054	1054	1054	1054	1053	1054	1053	1053	1053	1054	1053	1053	1054	1054	1053	1053
2102	26830	1054	1054	1055	1054	1054	1054	1054	1054	1054	1054	1054	1054	1055	1054	1054	1054	1054	1055	1055	1055	1055	1055	1054	1055	1054	1055	1055	1054	1054	1054	1054	1054	1055	1054	1054	1054	1054	1054	1054	1054	1054	1054	1054	1054	1054	1054	1054	1054	1054	1054	1054	1054	1054	1054	1054	1054	1054	1054	1054	1054	1054	1054	1054	1054	1054	1054	1054	1054	1054	1054	1054	1054	1054	1053	1054	1054	1054	1054	1054	1054	1054	1054	1054	1053	1054	1054	1054	1054	1054	1054	1054	1054	1054	1054	1055	1054	1054	1054	1054	1054	1054	1054	1054	1054	1054	1054	1054	1054	1054	1054	1054	1054	1054	1054	1054	1054	1054	1054	1054	1054	1054	1054	1054	1054	1054	1054	1054	1054
2103	27323	1054	1054	1054	1055	1055	1054	1054	1055	1054	1054	1054	1055	1054	1055	1055	1055	1055	1055	1055	1054	1055	1055	1054	1054	1055	1054	1055	1054	1055	1055	1054	1054	1055	1054	1054	1054	1054	1055	1055	1054	1054	1054	1054	1054	1054	1055	1054	1054	1054	1054	1054	1054	1055	1055	1054	1054	1054	1055	1055	1054	1054	1054	1054	1054	1055	1055	1054	1054	1054	1055	1055	1055	1055	1055	1054	1054	1055	1055	1055	1054	1055	1055	1054	1054	1054	1054	1054	1054	1054	1054	1054	1055	1054	1054	1054	1054	1054	1055	1054	1054	1055	1054	1054	1054	1054	1054	1054	1054	1055	1054	1054	1055	1054	1054	1054	1054	1054	1055	1054	1055	1054	1055	1054	1054	1055	1054	1055	1055
2104	27815	1055	1055	1056	1056	1055	1055	1056	1055	1056	1055	1055	1055	1055	1055	1055	1055	1055	1055	1055	1055	1055	1055	1055	1055	1055	1055	1055	1055	1055	1055	1055	1055	1055	1055	1055	1055	1055	1055	1055	1055	1055	1055	1055	1055	1055	1055	1055	1055	1055	1055	1055	1055	1055	1055	1055	1055	1055	1055	1055	1055	1055	1055	1055	1054	1055	1055	1054	1055	1055	1055	1055	1054	1055	1055	1054	1055	1055	1055	1055	1055	1055	1055	1055	1055	1054	1055	1055	1055	1055	1055	1054	1054	1054	1054	1054	1055	1054	1055	1055	1055	1055	1055	1055	1055	1055	1055	1055	1054	1055	1055	1055	1055	1055	1055	1055	1055	1055	1055	1055	1055	1055	1056	1054	1055	1055	1055	1055	1055
2105	28307	1056	1055	1055	1055	1056	1056	1056	1056	1055	1056	1055	1055	1056	1055	1056	1056	1055	1056	1056	1056	1055	1056	1055	1056	1056	1055	1056	1056	1056	1055	1056	1056	1056	1056	1056	1056	1055	1056	1056	1056	1056	1055	1056	1056	1056	1056	1056	1056	1056	1056	1056	1055	1056	1056	1056	1056	1055	1056	1056	1056	1056	1056	1056	1056	1056	1056	1056	1056	1056	1056	1056	1055	1056	1055	1056	1055	1056	1055	1056	1056	1056	1055	1055	1056	1056	1055	1055	1056	1056	1056	1056	1056	1056	1055	1056	1055	1055	1055	1055	1055	1055	1056	1055	1055	1056	1055	1056	1055	1055	1056	1055	1056	1055	1055	1056	1056	1055	1055	1055	1056	1056	1055	1055	1055	1056	1055	1055	1055
2106	28800	1055	1055	1056	1056	1056	1056	1056	1055	1056	1056	1056	1056	1056	1056	1056	1056	1056	1055	1056	1056	1055	1056	1056	1055	1055	1056	1056	1056	1055	1056	1056	1056	1056	1056	1056	1056	1056	1056	1056	1056	1056	1056	1056	1056	1055	1056	1056	1055	1056	1056	1056	1056	1056	1056	1056	1056	1056	1056	1056	1056	1056	1056	1056	1056	1056	1056	1056	1056	1056	1056	1056	1056	1056	1056	1056	1056	1055	1056	1056	1056	1056	1056	1056	1056	1056	1056	1056	1056	1056	1056	1056	1056	1057	1056	1056	1056	1056	1056	1056	1056	1056	1056	1056	1056	1056	1056	1056	1056	1056	1056	1056	1056	1056	1056	1056	1056	1056	1056	1056	1056	1056	1056	1056	1056	1056	1056	1056	1056
2107	29292	1056	1056	1056	1056	1056	1056	1057	1056	1056	1056	1056	1056	1057	1056	1056	1057	1056	1057	1057	1057	1056	1056	1057	1057	1057	1057	1057	1057	1056	1056	1057	1057	1056	1056	1056	1057	1056	1056	1056	1056	1056	1057	1056	1057	1057	1056	1056	1057	1056	1057	1056	1057	1056	1056	1056	1056	1057	1056	1057	1056	1057	1057	1057	1056	1057	1057	1057	1057	1056	1056	1057	1057	1057	1056	1057	1056	1056	1056	1056	1056	1056	1056	1056	1057	1057	1057	1057	1057	1057	1056	1057	1057	1057	1057	1057	1057	1057	1057	1057	1056	1056	1057	1056	1056	1057	1057	1057	1057	1056	1056	1057	1056	1056	1056	1057	1057	1057	1057	1057	1057	1056	1056	1056	1056	1056	1056	1056	1056
2108	29784	1058	1057	1057	1057	1057	1057	1057	1057	1057	1057	1057	1058	1057	1057	1057	1057	1057	1057	1057	1057	1057	1057	1057	1057	1057	1057	1057	1057	1057	1057	1057	1056	1056	1057	1057	1056	1057	1057	1057	1056	1057	1057	1056	1057	1056	1057	1056	1057	1057	1056	1057	1057	1057	1057	1057	1056	1056	1056	1056	1057	1057	1057	1057	1057	1057	1057	1057	1057	1057	1057	1057	1057	1056	1057	1057	1057	1057	1056	1057	1057	1057	1057	1057	1057	1057	1057	1057	1057	1057	1056	1057	1057	1057	1057	1057	1057	1057	1057	1057	1057	1057	1057	1057	1057	1057	1057	1056	1057	1057	1057	1057	1057	1057	1057	1057	1057	1057	1057	1057	1057	1057	1057	1057	1057	1057	1057	1057	1057
2109	30276	1058	1058	1057	1057	1058	1058	1057	1057	1057	1057	1058	1057	1057	1057	1057	1057	1057	1057	1057	1058	1057	1057	1057	1057	1058	1057	1058	1058	1058	1058	1058	1058	1057	1058	1057	1058	1058	1057	1057	1057	1057	1058	1057	1057	1057	1058	1058	1057	1058	1058	1058	1058	1058	1057	1057	1058	1058	1058	1058	1058	1057	1057	1058	1058	1058	1058	1058	1058	1058	1058	1058	1058	1058	1058	1058	1058	1058	1058	1058	1057	1058	1058	1057	1057	1058	1057	1058	1057	1057	1057	1057	1057	1058	1057	1057	1057	1058	1057	1058	1057	1057	1057	1057	1057	1057	1057	1057	1057	1057	1057	1057	1057	1057	1057	1057	1057	1057	1057	1057	1057	1057	1057	1056	1057	1057	1057	1057	1057
2110	30769	1058	1058	1057	1058	1058	1058	1057	1058	1058	1057	1057	1058	1058	1057	1058	1057	1058	1058	1058	1058	1058	1058	1058	1058	1058	1058	1058	1058	1058	1058	1058	1058	1058	1058	1057	1057	1058	1058	1057	1058	1058	1058	1058	1058	1058	1058	1057	1058	1058	1058	1058	1058	1058	1058	1058	1058	1058	1058	1058	1058	1057	1058	1058	1058	1058	1058	1058	1058	1058	1058	1057	1058	1058	1058	1058	1058	1058	1058	1058	1058	1058	1058	1058	1058	1058	1058	1058	1058	1058	1058	1058	1058	1058	1058	1057	1058	1058	1057	1058	1058	1057	1057	1058	1057	1058	1058	1058	1057	1058	1058	1058	1058	1058	1058	1058	1058	1058	1058	1058	1057	1058	1058	1058	1058	1058	1058	1058	1057
2111	31261	1059	1059	1059	1059	1059	1059	1059	1059	1058	1059	1059	1058	1058	1058	1058	1057	1057	1058	1058	1058	1058	1059	1058	1058	1058	1058	1058	1058	1058	1058	1058	1058	1058	1058	1058	1058	1058	1058	1058	1059	1058	1059	1059	1058	1058	1059	1058	1059	1058	1058	1059	1058	1059	1059	1058	1058	1058	1058	1059	1059	1059	1059	1059	1058	1058	1058	1058	1058	1058	1058	1058	1058	1058	1058	1058	1058	1058	1058	1058	1058	1058	1058	1058	1058	1058	1058	1058	1058	1058	1058	1058	1058	1058	1058	1058	1058	1058	1058	1058	1058	1058	1058	1058	1058	1058	1058	1058	1058	1058	1058	1058	1059	1058	1058	1058	1059	1058	1058	1058	1058	1058	1059	1057	1058	1058	1058	1058	1059
2112	31753	1059	1060	1059	1059	1059	1059	1059	1059	1059	1059	1059	1059	1059	1060	1059	1059	1059	1059	1059	1059	1059	1060	1059	1059	1059	1059	1059	1059	1059	1059	1059	1060	1059	1059	1059	1059	1059	1059	1059	1059	1060	1059	1059	1060	1059	1060	1060	1060	1060	1059	1059	1059	1059	1059	1059	1059	1059	1059	1059	1060	1059	1060	1060	1059	1059	1059	1059	1059	1059	1059	1059	1060	1059	1059	1060	1059	1059	1059	1059	1059	1059	1059	1059	1059	1059	1059	1059	1059	1059	1059	1059	1060	1059	1059	1059	1059	1059	1059	1058	1059	1059	1059	1059	1059	1059	1059	1058	1059	1059	1059	1058	1059	1059	1059	1059	1058	1059	1059	1059	1059	1059	1059	1059	1059	1059	1059	1059	1058
2113	32246	1059	1059	1060	1059	1059	1059	1059	1059	1060	1059	1059	1059	1059	1059	1060	1059	1059	1060	1059	1059	1059	1059	1060	1059	1060	1059	1059	1059	1059	1059	1060	1060	1060	1059	1060	1059	1059	1060	1059	1059	1060	1059	1059	1059	1060	1060	1060	1059	1059	1060	1059	1059	1059	1060	1059	1060	1060	1059	1060	1060	1060	1060	1060	1059	1059	1060	1059	1060	1060	1060	1059	1060	1059	1059	1059	1060	1059	1059	1060	1059	1060	1059	1060	1060	1059	1060	1059	1059	1059	1059	1059	1059	1059	1059	1059	1059	1059	1059	1059	1059	1059	1059	1059	1059	1059	1059	1059	1059	1059	1059	1059	1059	1059	1059	1059	1059	1059	1059	1060	1059	1059	1060	1059	1059	1059	1059	1059	1059
2114	32738	1060	1059	1060	1060	1059	1059	1060	1059	1060	1060	1059	1059	1060	1060	1059	1059	1060	1060	1060	1060	1060	1060	1060	1060	1060	1060	1060	1060	1060	1060	1060	1060	1060	1060	1060	1060	1060	1060	1060	1060	1060	1060	1060	1060	1060	1060	1061	1060	1061	1060	1061	1060	1060	1060	1060	1060	1060	1060	1060	1060	1060	1060	1060	1060	1060	1060	1060	1060	1061	1060	1060	1060	1060	1060	1060	1060	1060	1060	1060	1060	1060	1060	1060	1060	1060	1060	1060	1060	1060	1060	1060	1060	1060	1060	1060	1060	1060	1060	1060	1060	1060	1060	1060	1060	1060	1060	1060	1059	1060	1060	1060	1060	1060	1060	1060	1060	1060	1060	1060	1060	1060	1060	1060	1060	1060	1060	1060	1060
2115	33230	1061	1061	1061	1061	1061	1061	1061	1061	1060	1060	1060	1060	1061	1061	1060	1061	1060	1060	1060	1060	1060	1060	1060	1061	1060	1060	1061	1060	1061	1061	1061	1060	1060	1060	1061	1060	1060	1060	1060	1060	1060	1060	1060	1060	1060	1060	1060	1060	1061	1060	1060	1060	1060	1060	1060	1060	1060	1060	1060	1060	1060	1060	1060	1060	1060	1060	1060	1060	1060	1060	1060	1060	1061	1061	1061	1060	1060	1060	1061	1060	1060	1060	1060	1060	1060	1060	1060	1060	1060	1060	1060	1060	1060	1060	1060	1060	1060	1060	1060	1060	1060	1061	1060	1060	1060	1060	1060	1060	1060	1060	1061	1061	1060	1060	1060	1060	1061	1060	1060	1060	1060	1060	1060	1060	1060	1061	1060	1061
2116	33723	1061	1061	1061	1061	1061	1061	1061	1061	1061	1061	1061	1061	1061	1061	1061	1061	1061	1061	1061	1061	1061	1061	1061	1061	1061	1061	1061	1060	1060	1061	1061	1060	1061	1061	1061	1061	1060	1061	1061	1061	1061	1061	1061	1062	1061	1061	1061	1061	1061	1061	1061	1061	1061	1061	1061	1061	1060	1061	1061	1061	1061	1061	1060	1061	1061	1061	1061	1061	1061	1061	1061	1061	1061	1061	1061	1061	1061	1061	1061	1060	1061	1061	1061	1061	1061	1061	1061	1061	1061	1061	1060	1061	1061	1061	1061	1061	1060	1060	1060	1061	1061	1060	1060	1061	1061	1060	1061	1061	1061	1061	1061	1061	1061	1061	1061	1061	1062	1061	1061	1061	1061	1061	1061	1061	1060	1061	1061	1061
2117	34215	1061	1062	1062	1061	1061	1062	1061	1061	1061	1062	1062	1062	1062	1062	1062	1062	1062	1061	1062	1061	1061	1061	1061	1061	1062	1062	1062	1062	1061	1061	1062	1061	1062	1061	1061	1061	1062	1061	1061	1062	1062	1061	1062	1061	1061	1062	1061	1061	1061	1061	1061	1061	1060	1061	1061	1061	1061	1061	1061	1062	1061	1062	1061	1062	1061	1061	1061	1061	1061	1061	1061	1061	1061	1061	1061	1061	1061	1060	1061	1061	1061	1061	1061	1061	1062	1062	1062	1061	1061	1062	1061	1062	1061	1061	1062	1061	1061	1062	1061	1062	1061	1062	1062	1062	1061	1062	1062	1062	1061	1062	1062	1062	1062	1062	1062	1062	1062	1062	1062	1062	1062	1062	1062	1062	1062	1062	1062	1062
2118	34707	1062	1062	1062	1062	1062	1062	1062	1062	1062	1062	1062	1061	1062	1062	1062	1062	1062	1062	1062	1062	1062	1062	1062	1062	1062	1062	1062	1062	1062	1062	1062	1062	1062	1062	1062	1061	1061	1062	1062	1062	1062	1062	1061	1062	1062	1062	1061	1062	1061	1062	1062	1062	1062	1062	1062	1062	1061	1061	1062	1062	1062	1061	1062	1061	1062	1062	1062	1062	1062	1062	1062	1062	1062	1062	1062	1062	1061	1062	1062	1062	1062	1062	1062	1062	1062	1061	1061	1062	1062	1062	1062	1062	1062	1062	1062	1062	1062	1062	1062	1062	1062	1062	1062	1062	1062	1062	1062	1062	1062	1062	1062	1062	1062	1062	1062	1062	1062	1062	1062	1062	1062	1062	1062	1062	1061	1062	1062	1061
2119	35200	1063	1062	1063	1063	1062	1062	1062	1063	1063	1063	1063	1063	1063	1062	1062	1063	1063	1062	1063	1062	1063	1063	1062	1063	1063	1063	1062	1063	1063	1062	1063	1063	1062	1063	1063	1063	1063	1062	1062	1062	1062	1063	1062	1063	1062	1062	1062	1062	1062	1062	1062	1062	1062	1062	1062	1062	1062	1062	1062	1062	1062	1062	1062	1062	1062	1063	1062	1062	1062	1062	1062	1062	1062	1062	1062	1062	1063	1062	1062	1062	1063	1062	1063	1063	1062	1063	1063	1062	1063	1063	1062	1062	1063	1062	1062	1063	1062	1062	1062	1062	1062	1062	1062	1062	1063	1062	1063	1062	1062	1062	1063	1062	1062	1062	1062	1063	1063	1063	1062	1062	1063	1062	1062	1062	1062	1063	1062	1063
2120	35692	1063	1063	1063	1063	1063	1063	1063	1063	1063	1063	1063	1063	1063	1063	1063	1063	1064	1063	1064	1063	1063	1063	1063	1063	1063	1063	1063	1063	1063	1063	1063	1063	1063	1063	1063	1063	1063	1063	1063	1063	1063	1063	1063	1064	1063	1063	1062	1063	1063	1063	1063	1063	1063	1063	1062	1062	1062	1062	1063	1062	1062	1063	1063	1062	1062	1063	1063	1063	1063	1063	1063	1063	1062	1063	1063	1063	1063	1063	1063	1063	1063	1063	1062	1063	1063	1062	1063	1063	1063	1063	1063	1063	1062	1063	1063	1063	1063	1063	1063	1063	1063	1063	1063	1063	1063	1063	1063	1063	1062	1062	1063	1062	1063	1063	1063	1063	1063	1063	1063	1063	1063	1063	1063	1063	1063	1063	1063	1062
2121	36184	1064	1063	1064	1064	1064	1063	1063	1064	1063	1063	1064	1064	1063	1063	1063	1063	1063	1063	1063	1063	1063	1063	1062	1063	1063	1063	1063	1063	1063	1063	1063	1063	1063	1063	1063	1063	1063	1063	1063	1063	1063	1063	1063	1063	1063	1063	1063	1063	1063	1064	1063	1063	1063	1064	1063	1064	1064	1064	1063	1063	1063	1063	1063	1063	1063	1064	1063	1064	1064	1063	1064	1063	1063	1063	1063	1063	1064	1063	1063	1064	1063	1064	1064	1064	1063	1063	1064	1064	1064	1063	1064	1063	1063	1064	1063	1064	1063	1064	1063	1063	1063	1064	1063	1063	1064	1063	1064	1063	1063	1064	1064	1063	1064	1063	1064	1064	1064	1063	1063	1064	1064	1064	1063	1063	1063	1063	1064	1063
2122	36676	1064	1065	1064	1064	1064	1064	1064	1064	1064	1064	1065	1064	1064	1064	1064	1064	1064	1064	1063	1064	1064	1064	1064	1064	1064	1064	1064	1063	1064	1064	1064	1064	1063	1064	1063	1063	1064	1064	1063	1063	1064	1063	1064	1063	1063	1063	1064	1063	1063	1064	1064	1064	1064	1063	1064	1063	1064	1063	1064	1064	1063	1064	1063	1064	1064	1064	1064	1064	1064	1063	1064	1064	1064	1064	1064	1064	1064	1064	1064	1064	1064	1063	1064	1064	1064	1064	1064	1064	1064	1064	1064	1064	1064	1064	1064	1064	1064	1064	1063	1064	1064	1064	1064	1064	1064	1064	1064	1064	1063	1064	1064	1063	1063	1064	1064	1064	1064	1063	1063	1064	1064	1063	1063	1063	1064	1064	1063	1064
2123	37169	1064	1064	1064	1064	1064	1064	1064	1064	1064	1064	1064	1064	1064	1064	1064	1064	1064	1064	1064	1064	1064	1064	1064	1064	1064	1064	1065	1064	1064	1064	1064	1065	1064	1065	1065	1064	1064	1064	1065	1064	1065	1065	1065	1064	1064	1065	1064	1064	1064	1065	1064	1065	1064	1065	1065	1064	1064	1064	1065	1064	1065	1064	1065	1064	1064	1065	1065	1064	1064	1064	1064	1064	1064	1064	1064	1064	1064	1064	1064	1065	1064	1064	1064	1064	1064	1064	1064	1065	1064	1064	1065	1064	1064	1064	1065	1064	1064	1064	1064	1064	1064	1064	1064	1064	1064	1064	1064	1064	1064	1064	1064	1064	1064	1064	1064	1064	1064	1064	1064	1064	1064	1064	1065	1064	1064	1064	1064	1064
2124	37661	1065	1064	1064	1064	1065	1065	1065	1064	1065	1065	1065	1065	1065	1065	1065	1065	1064	1065	1065	1065	1065	1065	1065	1065	1065	1064	1064	1065	1065	1065	1065	1065	1065	1065	1065	1065	1065	1065	1065	1065	1065	1065	1065	1065	1065	1065	1065	1065	1065	1065	1065	1065	1065	1065	1065	1065	1065	1065	1065	1065	1065	1065	1065	1065	1065	1065	1065	1065	1065	1065	1065	1064	1064	1064	1065	1065	1064	1064	1064	1064	1065	1064	1064	1065	1065	1065	1065	1064	1065	1065	1065	1065	1065	1065	1065	1065	1065	1065	1065	1065	1064	1064	1065	1065	1065	1065	1065	1065	1065	1065	1065	1065	1065	1065	1065	1065	1065	1065	1065	1065	1065	1065	1065	1065	1065	1065	1065	1065
2125	38153	1065	1065	1065	1066	1066	1065	1065	1065	1065	1065	1066	1065	1065	1065	1066	1066	1065	1066	1065	1066	1066	1065	1066	1066	1066	1066	1065	1065	1066	1065	1065	1066	1065	1065	1066	1066	1066	1066	1065	1065	1065	1066	1066	1065	1065	1065	1066	1065	1065	1065	1066	1065	1065	1065	1065	1065	1065	1065	1065	1065	1065	1065	1065	1065	1065	1065	1065	1065	1065	1065	1065	1065	1065	1065	1065	1065	1065	1065	1066	1065	1065	1065	1066	1065	1065	1066	1065	1065	1065	1066	1065	1065	1065	1065	1065	1065	1065	1066	1065	1065	1065	1065	1066	1065	1065	1065	1066	1066	1065	1066	1066	1065	1065	1065	1066	1066	1065	1065	1065	1065	1065	1065	1065	1065	1065	1065	1065	1065
2126	38646	1066	1066	1066	1066	1066	1065	1066	1066	1065	1065	1066	1067	1066	1066	1067	1066	1066	1066	1066	1066	1066	1066	1066	1066	1066	1066	1066	1066	1066	1066	1066	1066	1066	1066	1066	1066	1066	1066	1066	1066	1066	1066	1066	1066	1066	1067	1067	1066	1066	1066	1066	1066	1066	1066	1065	1066	1066	1066	1066	1065	1066	1066	1066	1066	1066	1066	1066	1066	1066	1066	1066	1066	1066	1066	1066	1066	1066	1066	1066	1066	1066	1066	1066	1066	1065	1066	1065	1066	1066	1065	1065	1065	1065	1066	1065	1065	1066	1066	1066	1066	1066	1066	1066	1066	1065	1066	1066	1066	1066	1065	1066	1066	1065	1066	1066	1066	1065	1066	1066	1066	1066	1066	1066	1066	1066	1066	1066	1066
2127	39138	1066	1066	1066	1066	1066	1066	1066	1066	1066	1066	1066	1066	1066	1066	1066	1066	1066	1066	1066	1066	1066	1066	1066	1066	1066	1066	1066	1066	1066	1066	1066	1066	1067	1066	1066	1066	1067	1066	1066	1066	1067	1066	1066	1066	1067	1066	1066	1066	1066	1066	1066	1066	1066	1066	1066	1066	1066	1066	1066	1066	1066	1066	1066	1066	1066	1066	1067	1066	1066	1066	1066	1066	1066	1066	1066	1066	1066	1066	1066	1067	1067	1067	1067	1066	1066	1066	1066	1066	1066	1066	1066	1066	1066	1067	1066	1067	1066	1066	1066	1067	1066	1067	1067	1066	1066	1067	1066	1066	1066	1066	1066	1067	1067	1067	1066	1066	1067	1066	1066	1066	1067	1066	1066	1066	1066	1067	1067	1067
2128	39630	1067	1067	1067	1067	1067	1067	1067	1067	1067	1067	1066	1067	1067	1067	1067	1067	1067	1067	1067	1067	1067	1067	1067	1067	1067	1066	1067	1066	1066	1066	1067	1066	1066	1066	1066	1067	1067	1067	1067	1067	1067	1067	1067	1067	1067	1067	1067	1067	1067	1067	1067	1067	1067	1067	1067	1067	1067	1067	1066	1067	1067	1067	1067	1067	1067	1067	1067	1067	1067	1067	1067	1067	1067	1067	1067	1067	1067	1067	1067	1067	1066	1067	1067	1067	1067	1067	1067	1067	1067	1067	1067	1066	1067	1067	1066	1067	1067	1066	1067	1067	1067	1066	1066	1067	1067	1066	1067	1066	1066	1066	1066	1066	1067	1066	1067	1067	1067	1066	1067	1066	1067	1067	1067	1067	1067	1066	1067	1067
2129	40123	1067	1067	1067	1067	1067	1067	1067	1067	1067	1067	1068	1067	1067	1068	1067	1067	1068	1068	1068	1067	1067	1067	1067	1067	1068	1068	1068	1068	1067	1067	1067	1067	1067	1067	1068	1067	1067	1068	1068	1067	1068	1068	1068	1068	1068	1068	1068	1068	1067	1068	1068	1068	1068	1068	1068	1068	1067	1067	1068	1068	1068	1068	1067	1067	1067	1067	1067	1068	1067	1068	1067	1067	1067	1067	1067	1067	1067	1067	1067	1067	1067	1067	1067	1067	1066	1067	1067	1067	1066	1067	1067	1067	1067	1067	1067	1067	1067	1067	1067	1067	1067	1067	1067	1067	1067	1066	1067	1067	1067	1067	1067	1067	1067	1068	1067	1067	1067	1067	1067	1067	1067	1067	1067	1067	1068	1067	1067	1068
2130	40615	1068	1068	1068	1068	1068	1068	1068	1068	1068	1068	1068	1068	1068	1068	1068	1068	1068	1068	1068	1068	1068	1068	1068	1068	1068	1068	1068	1068	1068	1068	1069	1068	1068	1068	1068	1068	1069	1069	1068	1068	1068	1068	1068	1068	1068	1068	1068	1067	1067	1068	1067	1067	1068	1068	1068	1068	1068	1068	1068	1068	1068	1068	1068	1068	1068	1068	1067	1067	1068	1068	1068	1068	1067	1068	1067	1067	1068	1068	1068	1067	1068	1067	1067	1067	1068	1068	1068	1068	1067	1067	1068	1068	1067	1068	1067	1067	1067	1067	1067	1067	1067	1067	1067	1068	1067	1067	1067	1067	1068	1067	1068	1068	1068	1067	1068	1068	1068	1068	1068	1068	1067	1068	1068	1068	1068	1067	1068	1067
2131	41107	1068	1068	1069	1069	1069	1069	1069	1069	1068	1068	1069	1068	1068	1068	1068	1068	1068	1069	1068	1068	1068	1068	1068	1068	1068	1068	1068	1068	1068	1068	1068	1068	1068	1068	1068	1068	1068	1068	1068	1068	1068	1068	1068	1068	1068	1068	1068	1068	1068	1068	1068	1068	1069	1068	1068	1068	1069	1068	1068	1069	1068	1068	1068	1069	1069	1069	1068	1069	1069	1068	1068	1069	1068	1068	1068	1069	1068	1068	1069	1068	1068	1068	1068	1068	1068	1068	1068	1068	1068	1068	1068	1069	1068	1068	1068	1068	1068	1068	1068	1068	1067	1068	1068	1067	1068	1068	1068	1068	1068	1068	1068	1068	1067	1068	1067	1068	1068	1068	1068	1068	1068	1068	1069	1069	1068	1069	1068	1068
2132	41600	1069	1069	1069	1069	1069	1069	1069	1069	1069	1069	1069	1069	1069	1069	1069	1069	1068	1069	1069	1069	1069	1069	1069	1069	1069	1069	1069	1069	1069	1068	1069	1070	1068	1069	1069	1069	1069	1069	1069	1069	1069	1069	1069	1069	1069	1069	1069	1069	1069	1069	1069	1069	1069	1069	1068	1069	1069	1069	1069	1068	1069	1068	1069	1069	1068	1068	1069	1069	1069	1069	1069	1069	1070	1069	1069	1069	1069	1069	1069	1069	1069	1069	1069	1070	1069	1069	1069	1069	1068	1069	1069	1069	1069	1069	1068	1069	1068	1069	1069	1068	1069	1069	1068	1068	1069	1068	1068	1069	1069	1069	1069	1068	1068	1068	1069	1068	1068	1069	1068	1069	1068	1068	1068	1069	1068	1068	1068	1069
2133	42092	1069	1070	1069	1069	1069	1069	1069	1069	1069	1069	1069	1069	1070	1070	1070	1069	1070	1069	1070	1069	1069	1069	1069	1070	1070	1069	1069	1070	1069	1070	1069	1069	1069	1069	1069	1069	1069	1069	1069	1069	1069	1070	1069	1069	1070	1069	1069	1069	1069	1069	1069	1069	1069	1069	1069	1070	1069	1069	1069	1069	1069	1069	1069	1069	1069	1069	1069	1069	1070	1069	1069	1069	1069	1070	1070	1069	1069	1069	1069	1069	1069	1069	1069	1069	1069	1070	1070	1069	1070	1069	1070	1069	1070	1069	1070	1070	1069	1069	1069	1069	1069	1069	1069	1070	1069	1069	1069	1069	1069	1069	1069	1069	1070	1070	1069	1069	1069	1070	1069	1069	1069	1069	1069	1069	1069	1069	1069	1069
2134	42584	1070	1070	1070	1070	1070	1070	1070	1069	1069	1070	1069	1070	1069	1070	1069	1069	1070	1069	1070	1069	1069	1070	1069	1070	1070	1070	1070	1070	1070	1070	1069	1070	1069	1070	1070	1069	1070	1070	1069	1069	1070	1070	1069	1070	1070	1069	1070	1069	1070	1070	1070	1070	1070	1070	1070	1070	1070	1070	1070	1070	1070	1070	1071	1070	1070	1070	1070	1070	1070	1069	1070	1070	1070	1070	1069	1070	1070	1070	1070	1070	1070	1070	1070	1070	1071	1070	1070	1070	1070	1070	1070	1071	1070	1070	1070	1070	1070	1070	1070	1070	1070	1070	1071	1070	1070	1070	1070	1070	1071	1070	1070	1070	1070	1070	1070	1070	1070	1070	1070	1070	1070	1070	1070	1070	1070	1070	1070	1070
2135	43076	1070	1070	1070	1070	1070	1071	1070	1070	1070	1070	1070	1070	1070	1070	1070	1070	1070	1070	1070	1070	1070	1070	1070	1070	1070	1070	1070	1070	1070	1070	1070	1070	1070	1070	1070	1070	1070	1070	1070	1070	1070	1070	1070	1070	1070	1070	1070	1070	1070	1071	1070	1070	1070	1071	1070	1071	1071	1070	1070	1070	1070	1070	1070	1070	1070	1070	1070	1070	1070	1070	1071	1071	1070	1070	1071	1071	1070	1071	1071	1070	1070	1070	1070	1070	1071	1071	1070	1071	1071	1071	1071	1071	1070	1070	1070	1071	1071	1070	1070	1070	1071	1070	1070	1070	1070	1070	1070	1070	1070	1070	1071	1070	1070	1071	1070	1070	1070	1070	1070	1071	1070	1071	1071	1070	1071	1071	1071	1070
2136	43569	1071	1071	1071	1071	1071	1071	1070	1071	1070	1071	1070	1070	1071	1071	1070	1070	1070	1071	1070	1071	1071	1070	1070	1071	1070	1070	1071	1070	1070	1071	1070	1071	1071	1070	1070	1071	1070	1070	1070	1071	1070	1070	1071	1070	1071	1071	1070	1071	1070	1071	1071	1071	1070	1071	1070	1070	1070	1071	1071	1071	1070	1070	1071	1071	1071	1071	1071	1071	1071	1071	1071	1071	1071	1071	1071	1071	1071	1071	1070	1071	1071	1071	1071	1071	1071	1071	1071	1070	1071	1071	1071	1071	1071	1071	1071	1071	1071	1071	1071	1071	1071	1070	1071	1071	1071	1070	1071	1071	1071	1071	1071	1071	1071	1071	1070	1071	1071	1071	1071	1071	1071	1071	1070	1071	1071	1071	1071	1071
2137	44061	1071	1071	1072	1072	1071	1072	1072	1071	1072	1071	1071	1072	1071	1071	1071	1072	1072	1071	1071	1071	1071	1071	1071	1071	1072	1072	1072	1072	1071	1071	1071	1071	1071	1071	1071	1071	1071	1071	1071	1071	1071	1071	1071	1071	1071	1071	1071	1071	1070	1071	1071	1071	1071	1071	1071	1071	1071	1071	1071	1071	1071	1071	1071	1071	1071	1071	1071	1071	1071	1071	1071	1071	1071	1071	1071	1071	1071	1071	1071	1071	1071	1071	1071	1071	1072	1071	1072	1072	1071	1071	1071	1071	1071	1071	1071	1072	1071	1072	1072	1071	1071	1071	1071	1071	1071	1071	1072	1071	1072	1071	1071	1071	1071	1071	1071	1071	1071	1071	1071	1071	1071	1070	1071	1071	1071	1071	1071	1071
2138	44553	1071	1072	1072	1071	1071	1071	1071	1072	1071	1071	1071	1071	1072	1071	1071	1072	1072	1072	1072	1072	1072	1072	1072	1072	1072	1072	1072	1072	1072	1072	1072	1073	1072	1072	1072	1072	1072	1072	1072	1072	1072	1072	1072	1072	1071	1072	1071	1072	1071	1072	1072	1071	1072	1071	1072	1072	1071	1072	1072	1071	1072	1071	1071	1072	1071	1071	1072	1072	1071	1071	1072	1072	1072	1072	1072	1072	1072	1072	1071	1071	1071	1071	1072	1072	1072	1072	1072	1072	1072	1072	1072	1072	1072	1072	1072	1072	1072	1072	1072	1072	1072	1072	1072	1072	1072	1071	1072	1072	1072	1072	1072	1072	1072	1072	1072	1072	1072	1072	1073	1073	1073	1072	1072	1072	1072	1072	1072	1072
2139	45046	1072	1072	1072	1072	1072	1072	1072	1072	1072	1072	1072	1072	1072	1073	1073	1072	1072	1072	1072	1073	1072	1072	1072	1072	1072	1072	1072	1072	1072	1072	1072	1072	1072	1072	1072	1072	1072	1072	1072	1072	1072	1072	1072	1072	1072	1072	1072	1072	1071	1072	1072	1071	1071	1072	1072	1072	1072	1071	1072	1072	1072	1072	1072	1072	1072	1072	1072	1072	1072	1072	1072	1072	1072	1072	1072	1072	1072	1072	1072	1072	1072	1072	1072	1072	1072	1072	1072	1072	1072	1072	1072	1072	1072	1072	1072	1072	1072	1072	1072	1072	1072	1072	1072	1072	1072	1072	1072	1072	1072	1072	1072	1072	1072	1072	1072	1072	1072	1072	1072	1072	1072	1072	1072	1072	1072	1072	1072	1072
2140	45538	1072	1073	1072	1073	1073	1073	1073	1073	1072	1073	1073	1072	1073	1073	1073	1073	1073	1073	1073	1073	1073	1073	1073	1073	1073	1073	1073	1073	1073	1073	1073	1073	1073	1073	1073	1073	1073	1073	1073	1073	1073	1073	1073	1073	1072	1073	1073	1073	1073	1073	1073	1072	1073	1073	1072	1073	1073	1073	1073	1073	1073	1073	1073	1073	1072	1072	1072	1073	1072	1073	1073	1073	1072	1072	1072	1072	1072	1073	1072	1072	1072	1073	1073	1072	1072	1072	1072	1073	1073	1073	1072	1073	1073	1072	1073	1073	1072	1072	1072	1073	1072	1073	1072	1072	1073	1072	1073	1073	1073	1073	1073	1073	1073	1073	1073	1072	1073	1072	1073	1073	1073	1073	1073	1073	1073	1073	1073	1073
2141	46030	1073	1073	1073	1073	1073	1073	1073	1073	1073	1073	1073	1073	1073	1073	1073	1073	1073	1073	1073	1073	1073	1073	1073	1073	1073	1073	1073	1073	1073	1073	1073	1073	1073	1074	1074	1074	1073	1073	1074	1073	1074	1073	1074	1073	1074	1074	1073	1074	1074	1073	1074	1073	1073	1073	1073	1073	1074	1074	1073	1073	1073	1073	1074	1074	1074	1073	1073	1073	1073	1074	1073	1073	1074	1073	1073	1074	1073	1073	1073	1073	1073	1073	1074	1073	1073	1073	1073	1073	1074	1073	1074	1073	1074	1073	1073	1074	1073	1073	1073	1073	1073	1073	1073	1073	1073	1073	1073	1073	1073	1073	1073	1073	1073	1073	1073	1074	1074	1074	1073	1074	1074	1073	1074	1073	1073	1073	1073	1073
2142	46523	1074	1074	1074	1074	1074	1074	1074	1074	1074	1074	1074	1074	1074	1074	1074	1074	1074	1073	1074	1073	1073	1074	1073	1074	1073	1074	1073	1074	1073	1073	1073	1073	1074	1073	1073	1073	1073	1073	1073	1073	1073	1073	1073	1073	1074	1073	1073	1073	1073	1073	1073	1073	1073	1073	1073	1073	1074	1073	1073	1073	1073	1073	1073	1073	1073	1073	1074	1073	1074	1073	1074	1074	1073	1074	1074	1073	1074	1073	1074	1073	1074	1074	1073	1074	1073	1073	1073	1074	1074	1074	1074	1073	1073	1074	1073	1074	1073	1074	1073	1074	1074	1073	1074	1074	1074	1074	1074	1074	1074	1074	1074	1074	1075	1074	1074	1074	1074	1074	1074	1074	1074	1074	1074	1073	1074	1073	1073	1073
2143	47015	1074	1074	1074	1074	1074	1074	1074	1074	1075	1074	1074	1074	1074	1074	1074	1074	1074	1074	1074	1074	1074	1073	1074	1073	1073	1074	1073	1074	1074	1074	1074	1074	1074	1074	1074	1075	1074	1074	1075	1074	1074	1074	1075	1075	1074	1074	1074	1074	1074	1075	1074	1074	1074	1074	1074	1074	1074	1074	1075	1074	1075	1074	1074	1074	1074	1073	1074	1074	1074	1074	1074	1074	1074	1074	1074	1074	1074	1073	1074	1074	1074	1074	1074	1074	1074	1074	1074	1074	1074	1074	1074	1074	1074	1074	1074	1074	1074	1074	1074	1074	1073	1073	1074	1073	1073	1073	1074	1074	1074	1074	1074	1074	1074	1074	1074	1074	1074	1074	1074	1074	1074	1074	1074	1074	1074	1074	1074	1073
2144	47507	1075	1075	1075	1074	1074	1075	1075	1075	1074	1075	1075	1075	1075	1075	1075	1075	1075	1074	1075	1075	1075	1075	1075	1074	1075	1074	1074	1074	1075	1074	1075	1075	1074	1074	1074	1075	1075	1075	1075	1075	1074	1075	1074	1074	1075	1074	1074	1075	1074	1075	1075	1074	1075	1075	1074	1075	1074	1074	1075	1075	1075	1075	1075	1075	1075	1075	1075	1075	1074	1074	1074	1075	1075	1075	1074	1075	1075	1075	1075	1074	1075	1075	1075	1075	1075	1075	1075	1075	1075	1075	1074	1074	1074	1075	1074	1074	1074	1074	1075	1074	1075	1074	1074	1074	1074	1074	1074	1074	1074	1074	1074	1074	1074	1074	1074	1074	1075	1075	1075	1075	1075	1074	1075	1075	1074	1075	1075	1074
2145	48000	1075	1075	1075	1075	1075	1075	1075	1075	1075	1075	1075	1075	1075	1075	1075	1075	1075	1075	1075	1075	1075	1075	1075	1075	1075	1075	1075	1075	1075	1075	1075	1075	1075	1075	1075	1075	1076	1075	1075	1075	1075	1075	1076	1075	1076	1075	1075	1076	1075	1076	1075	1076	1075	1075	1075	1075	1075	1076	1075	1075	1075	1075	1076	1076	1075	1075	1075	1075	1075	1076	1075	1075	1075	1076	1075	1075	1075	1075	1075	1075	1075	1075	1075	1075	1075	1075	1075	1076	1075	1075	1076	1076	1075	1075	1076	1075	1076	1075	1076	1075	1075	1075	1075	1075	1075	1075	1076	1075	1075	1075	1075	1076	1075	1076	1075	1075	1076	1076	1076	1075	1075	1075	1075	1075	1075	1075	1075	1075
2146	48492	1076	1076	1075	1075	1076	1076	1075	1076	1075	1076	1076	1076	1076	1075	1076	1076	1075	1076	1076	1076	1075	1076	1076	1076	1076	1076	1076	1076	1076	1076	1076	1076	1076	1075	1076	1076	1076	1076	1076	1076	1075	1075	1075	1075	1075	1075	1076	1076	1076	1076	1075	1075	1075	1076	1075	1075	1075	1075	1076	1075	1075	1075	1075	1075	1075	1076	1075	1075	1075	1075	1075	1075	1075	1075	1075	1075	1075	1076	1075	1075	1075	1076	1075	1075	1075	1075	1075	1075	1075	1075	1075	1075	1075	1075	1075	1075	1075	1075	1076	1075	1075	1075	1075	1076	1075	1075	1076	1076	1075	1075	1075	1075	1075	1075	1076	1075	1075	1075	1075	1076	1075	1075	1076	1076	1075	1076	1076	1075
2147	48984	1076	1076	1076	1077	1076	1076	1076	1076	1076	1076	1076	1076	1076	1076	1076	1077	1076	1076	1076	1076	1076	1076	1076	1076	1076	1076	1076	1076	1076	1076	1076	1076	1076	1076	1076	1076	1076	1076	1076	1076	1076	1076	1076	1076	1076	1076	1077	1076	1076	1076	1076	1076	1076	1076	1076	1076	1076	1076	1076	1076	1076	1076	1076	1076	1076	1076	1076	1075	1076	1076	1076	1076	1076	1077	1076	1076	1077	1076	1076	1076	1076	1076	1076	1076	1076	1076	1077	1077	1077	1077	1077	1077	1076	1076	1077	1077	1077	1076	1076	1076	1076	1076	1076	1076	1077	1077	1076	1076	1077	1076	1076	1076	1077	1077	1077	1077	1077	1077	1077	1076	1077	1077	1077	1076	1076	1076	1076	1076
2148	49476	1077	1076	1077	1077	1076	1077	1076	1076	1077	1076	1076	1077	1077	1077	1077	1076	1076	1076	1076	1077	1076	1077	1076	1076	1077	1077	1076	1077	1077	1077	1077	1077	1077	1077	1077	1077	1077	1077	1077	1077	1077	1077	1078	1077	1077	1077	1077	1077	1077	1077	1077	1077	1077	1077	1077	1077	1077	1077	1077	1077	1077	1077	1077	1077	1077	1077	1077	1077	1077	1077	1077	1077	1077	1077	1077	1077	1077	1077	1077	1077	1076	1077	1077	1077	1076	1077	1077	1077	1077	1077	1076	1077	1077	1077	1077	1077	1076	1076	1077	1077	1077	1077	1077	1077	1077	1078	1077	1077	1077	1077	1077	1077	1077	1077	1076	1076	1077	1077	1077	1077	1076	1077	1076	1076	1077	1076	1076	1077
2149	49969	1077	1077	1077	1077	1077	1077	1077	1077	1077	1077	1077	1077	1078	1077	1077	1077	1077	1077	1078	1077	1077	1077	1078	1077	1077	1077	1077	1077	1077	1077	1077	1077	1078	1077	1078	1077	1078	1077	1077	1077	1078	1077	1077	1078	1078	1077	1078	1078	1077	1077	1077	1077	1077	1077	1077	1077	1077	1077	1077	1077	1077	1077	1077	1077	1077	1077	1077	1077	1077	1077	1077	1077	1078	1077	1077	1077	1077	1077	1077	1077	1076	1077	1076	1077	1077	1077	1076	1077	1077	1078	1076	1077	1077	1077	1077	1077	1077	1077	1077	1077	1077	1077	1077	1077	1077	1077	1077	1077	1077	1077	1077	1077	1077	1077	1077	1077	1077	1076	1077	1077	1077	1077	1077	1077	1077	1077	1077	1077
2150	50461	1078	1078	1078	1078	1078	1078	1078	1078	1077	1078	1078	1078	1078	1078	1077	1078	1078	1078	1078	1078	1077	1078	1077	1078	1078	1078	1078	1078	1078	1078	1078	1078	1078	1077	1078	1077	1078	1078	1077	1078	1078	1078	1078	1077	1078	1078	1078	1078	1077	1078	1077	1078	1078	1077	1078	1078	1078	1077	1077	1077	1078	1078	1078	1078	1078	1078	1078	1078	1078	1078	1078	1078	1077	1077	1077	1078	1078	1077	1078	1077	1077	1077	1078	1077	1077	1078	1077	1077	1078	1077	1078	1077	1077	1077	1077	1077	1078	1077	1077	1078	1077	1077	1077	1077	1077	1077	1077	1077	1078	1077	1078	1078	1077	1078	1078	1078	1077	1077	1078	1078	1077	1077	1078	1078	1077	1078	1077	1078
2151	50953	1079	1078	1078	1079	1078	1078	1078	1078	1078	1078	1078	1078	1078	1078	1078	1078	1078	1078	1077	1078	1078	1078	1078	1078	1078	1078	1078	1078	1078	1077	1078	1078	1078	1078	1079	1078	1078	1078	1078	1078	1078	1078	1078	1078	1078	1078	1078	1079	1078	1078	1078	1078	1078	1077	1078	1078	1078	1078	1078	1078	1078	1078	1078	1078	1078	1078	1078	1078	1078	1078	1078	1078	1077	1078	1078	1078	1078	1078	1078	1078	1078	1078	1078	1079	1078	1078	1078	1078	1078	1078	1078	1078	1077	1078	1078	1078	1078	1078	1078	1078	1078	1078	1078	1078	1078	1078	1078	1077	1078	1078	1078	1078	1078	1078	1078	1078	1078	1078	1078	1078	1078	1078	1078	1078	1078	1078	1078	1078
2152	51446	1079	1079	1079	1079	1079	1078	1079	1078	1079	1078	1078	1079	1078	1079	1079	1078	1079	1079	1079	1079	1078	1079	1079	1079	1079	1079	1079	1079	1079	1079	1079	1079	1078	1078	1079	1078	1079	1078	1079	1079	1079	1079	1078	1079	1080	1079	1079	1079	1079	1079	1079	1079	1079	1079	1079	1079	1078	1079	1079	1079	1078	1079	1079	1079	1079	1079	1079	1079	1078	1079	1079	1079	1079	1078	1079	1079	1079	1079	1079	1079	1079	1078	1079	1078	1079	1079	1079	1079	1079	1079	1078	1079	1079	1079	1079	1079	1079	1079	1079	1079	1079	1079	1079	1079	1079	1078	1079	1079	1079	1079	1079	1079	1079	1079	1079	1079	1079	1079	1079	1079	1079	1079	1079	1079	1079	1078	1079	1078
2153	51938	1079	1079	1079	1079	1079	1079	1079	1079	1080	1079	1079	1079	1080	1080	1080	1079	1080	1080	1080	1079	1079	1079	1079	1079	1080	1079	1079	1080	1079	1079	1079	1080	1080	1079	1079	1079	1079	1080	1079	1079	1079	1079	1079	1080	1080	1079	1079	1079	1079	1079	1079	1079	1079	1079	1079	1079	1079	1079	1079	1079	1079	1079	1079	1079	1079	1079	1079	1079	1079	1079	1079	1079	1079	1079	1079	1079	1079	1079	1079	1079	1079	1079	1079	1079	1079	1079	1079	1079	1079	1079	1079	1079	1080	1079	1079	1079	1079	1079	1079	1079	1079	1078	1079	1079	1079	1079	1079	1079	1079	1079	1079	1079	1079	1080	1079	1079	1079	1080	1079	1079	1079	1079	1079	1079	1079	1079	1079	1079
2154	52430	1079	1079	1079	1079	1079	1079	1079	1079	1080	1079	1079	1079	1079	1080	1080	1079	1079	1079	1080	1079	1079	1079	1079	1079	1079	1079	1079	1079	1079	1079	1079	1079	1079	1080	1079	1080	1079	1079	1079	1080	1080	1079	1080	1079	1080	1080	1079	1079	1079	1080	1079	1079	1079	1079	1079	1079	1079	1080	1080	1079	1080	1079	1080	1080	1079	1080	1080	1080	1080	1080	1080	1080	1079	1080	1080	1079	1080	1079	1080	1080	1080	1080	1079	1080	1080	1080	1080	1080	1080	1080	1080	1080	1080	1080	1080	1080	1080	1080	1079	1080	1079	1080	1080	1079	1079	1080	1079	1079	1079	1080	1079	1079	1080	1079	1079	1079	1080	1079	1079	1079	1079	1079	1079	1080	1079	1079	1079	1079
2155	52923	1080	1080	1080	1080	1080	1080	1080	1080	1080	1080	1080	1080	1080	1080	1080	1080	1080	1080	1080	1080	1080	1080	1080	1080	1080	1080	1080	1080	1080	1080	1080	1080	1080	1080	1080	1080	1080	1081	1081	1080	1080	1080	1081	1080	1080	1081	1080	1080	1080	1080	1080	1081	1080	1081	1081	1080	1080	1080	1080	1080	1080	1080	1080	1081	1080	1080	1080	1080	1080	1080	1080	1079	1080	1080	1080	1080	1080	1080	1080	1080	1080	1080	1080	1080	1080	1080	1080	1080	1080	1080	1080	1081	1080	1080	1080	1080	1080	1080	1080	1080	1080	1080	1080	1080	1080	1080	1080	1080	1080	1080	1079	1080	1080	1080	1080	1080	1080	1080	1080	1080	1081	1080	1080	1080	1080	1080	1080	1081
2156	53415	1080	1080	1080	1080	1080	1080	1080	1080	1080	1081	1080	1080	1080	1081	1081	1081	1081	1081	1081	1081	1081	1081	1080	1081	1081	1081	1081	1081	1081	1081	1081	1081	1081	1081	1081	1080	1080	1080	1081	1080	1080	1080	1080	1080	1080	1080	1080	1080	1080	1080	1080	1080	1081	1080	1080	1080	1080	1080	1081	1080	1081	1081	1080	1080	1080	1080	1080	1080	1080	1081	1081	1081	1081	1081	1081	1081	1081	1081	1081	1080	1080	1081	1080	1081	1080	1080	1081	1080	1081	1080	1080	1080	1080	1080	1080	1080	1080	1080	1080	1080	1080	1080	1080	1081	1080	1080	1080	1080	1080	1081	1080	1080	1080	1080	1080	1080	1080	1080	1080	1080	1080	1081	1080	1080	1081	1080	1081	1081
2157	53907	1081	1081	1081	1081	1081	1081	1082	1082	1081	1081	1081	1081	1081	1081	1081	1081	1081	1081	1081	1081	1081	1081	1081	1081	1081	1081	1081	1081	1081	1081	1081	1081	1081	1081	1081	1081	1081	1081	1081	1081	1081	1082	1082	1081	1082	1081	1081	1082	1081	1081	1082	1081	1081	1081	1082	1082	1081	1081	1081	1082	1081	1081	1081	1081	1082	1082	1081	1081	1081	1081	1081	1081	1081	1081	1081	1081	1081	1081	1081	1081	1081	1081	1081	1081	1081	1081	1081	1081	1081	1081	1081	1081	1081	1081	1081	1081	1081	1081	1082	1081	1081	1081	1081	1081	1082	1081	1081	1081	1081	1081	1081	1081	1081	1081	1081	1081	1081	1081	1081	1081	1081	1081	1082	1081	1081	1081	1081	1081
2158	54400	1081	1081	1082	1081	1081	1082	1081	1082	1081	1082	1081	1081	1082	1082	1081	1081	1082	1082	1081	1082	1082	1081	1081	1081	1082	1082	1082	1082	1081	1082	1082	1082	1082	1082	1082	1082	1081	1082	1082	1081	1082	1081	1081	1082	1081	1082	1082	1081	1082	1082	1081	1081	1082	1082	1082	1081	1082	1082	1082	1081	1081	1082	1082	1081	1082	1082	1082	1082	1081	1082	1082	1082	1082	1082	1082	1081	1081	1082	1081	1081	1081	1081	1081	1081	1081	1081	1081	1081	1081	1081	1081	1081	1081	1081	1081	1081	1081	1082	1081	1081	1081	1081	1081	1081	1081	1081	1081	1081	1081	1082	1081	1082	1081	1081	1082	1081	1081	1081	1082	1082	1082	1082	1082	1082	1082	1081	1082	1081
2159	54892	1082	1081	1083	1082	1082	1082	1082	1083	1082	1082	1082	1082	1083	1082	1082	1082	1082	1082	1082	1082	1082	1082	1082	1082	1082	1082	1082	1082	1082	1083	1083	1082	1082	1081	1082	1082	1082	1082	1082	1082	1082	1082	1082	1082	1082	1082	1083	1083	1083	1082	1083	1082	1082	1082	1083	1083	1082	1083	1082	1083	1083	1082	1082	1082	1082	1082	1082	1082	1082	1082	1082	1082	1082	1082	1082	1082	1082	1082	1082	1082	1082	1082	1082	1082	1082	1082	1082	1082	1082	1082	1081	1082	1082	1082	1082	1082	1081	1081	1081	1082	1082	1081	1082	1081	1081	1082	1082	1082	1081	1082	1082	1082	1082	1082	1082	1082	1082	1082	1083	1082	1082	1082	1083	1082	1083	1083	1082	1083
2160	55384	1082	1082	1082	1082	1082	1082	1082	1082	1082	1082	1082	1082	1082	1082	1083	1082	1082	1083	1082	1082	1082	1082	1082	1082	1083	1083	1083	1082	1082	1083	1082	1082	1083	1083	1082	1083	1083	1083	1082	1083	1083	1083	1083	1083	1083	1083	1083	1083	1083	1082	1083	1083	1083	1083	1084	1084	1083	1083	1083	1083	1083	1083	1083	1082	1082	1083	1083	1083	1083	1083	1083	1082	1083	1083	1082	1083	1083	1083	1082	1082	1082	1082	1082	1082	1083	1082	1082	1083	1082	1082	1083	1082	1083	1082	1083	1082	1082	1082	1082	1082	1082	1083	1082	1082	1083	1082	1082	1082	1082	1083	1082	1083	1082	1082	1083	1082	1083	1083	1082	1082	1081	1082	1082	1082	1082	1082	1082	1083
2161	55876	1083	1083	1083	1083	1083	1083	1083	1082	1083	1083	1082	1083	1082	1082	1082	1082	1083	1083	1082	1082	1083	1083	1083	1083	1083	1083	1083	1083	1083	1083	1083	1083	1084	1084	1083	1083	1084	1083	1083	1084	1083	1083	1083	1083	1084	1083	1083	1084	1083	1083	1084	1084	1083	1084	1083	1083	1083	1083	1083	1083	1083	1084	1084	1083	1083	1084	1083	1083	1083	1084	1083	1083	1083	1084	1083	1084	1083	1083	1084	1083	1083	1083	1083	1083	1083	1083	1083	1084	1083	1083	1082	1083	1083	1083	1083	1083	1083	1083	1083	1083	1083	1083	1083	1082	1083	1083	1083	1083	1083	1083	1083	1083	1083	1083	1083	1083	1083	1083	1083	1083	1083	1083	1084	1083	1083	1083	1083	1083
2162	56369	1083	1084	1084	1084	1084	1084	1084	1084	1084	1084	1084	1083	1083	1084	1084	1084	1084	1084	1084	1084	1084	1083	1084	1083	1084	1083	1083	1084	1083	1084	1084	1083	1083	1083	1084	1084	1084	1084	1083	1083	1083	1083	1084	1083	1083	1083	1083	1083	1083	1083	1083	1083	1083	1083	1083	1083	1083	1083	1083	1083	1083	1083	1083	1084	1083	1084	1083	1083	1084	1084	1084	1084	1084	1083	1084	1084	1084	1084	1084	1084	1084	1084	1084	1084	1084	1084	1084	1083	1084	1083	1084	1084	1084	1083	1084	1084	1084	1084	1083	1084	1083	1084	1084	1083	1083	1083	1084	1083	1083	1083	1083	1084	1083	1083	1083	1083	1084	1083	1083	1084	1084	1083	1084	1083	1083	1083	1083	1083
2163	56861	1084	1084	1084	1084	1084	1084	1084	1084	1084	1084	1084	1084	1084	1084	1084	1084	1084	1084	1084	1084	1084	1084	1084	1084	1085	1084	1084	1085	1085	1085	1084	1084	1084	1084	1084	1084	1084	1084	1084	1084	1084	1084	1084	1084	1084	1084	1084	1084	1084	1084	1084	1085	1084	1084	1084	1085	1084	1084	1084	1084	1084	1084	1084	1084	1084	1084	1084	1084	1084	1084	1084	1083	1084	1084	1084	1084	1084	1084	1084	1085	1084	1084	1084	1084	1085	1084	1085	1084	1084	1084	1084	1084	1084	1085	1085	1084	1084	1084	1084	1084	1084	1084	1084	1084	1084	1084	1084	1084	1084	1084	1084	1084	1084	1084	1084	1083	1084	1084	1084	1083	1084	1084	1084	1084	1084	1083	1084	1083
2164	57353	1084	1084	1084	1084	1084	1085	1084	1084	1084	1084	1085	1084	1084	1084	1084	1084	1084	1085	1084	1084	1084	1084	1084	1085	1084	1084	1084	1084	1084	1084	1084	1084	1084	1084	1084	1084	1084	1084	1084	1084	1085	1084	1084	1084	1084	1084	1084	1084	1085	1084	1084	1084	1084	1084	1084	1084	1084	1084	1084	1084	1084	1084	1084	1084	1084	1084	1084	1084	1084	1084	1084	1084	1084	1084	1084	1085	1084	1084	1084	1084	1084	1084	1085	1084	1085	1084	1084	1085	1084	1084	1085	1084	1085	1085	1084	1084	1084	1084	1084	1085	1085	1085	1084	1085	1085	1085	1085	1085	1085	1084	1084	1085	1085	1084	1084	1084	1084	1084	1084	1085	1084	1085	1084	1085	1085	1084	1085	1085
2165	57846	1085	1086	1085	1085	1085	1085	1085	1085	1085	1085	1086	1085	1085	1085	1085	1085	1085	1085	1085	1085	1086	1085	1085	1085	1085	1085	1086	1085	1085	1086	1085	1085	1085	1085	1085	1085	1085	1085	1085	1085	1086	1085	1085	1085	1085	1085	1085	1085	1085	1085	1085	1085	1085	1085	1084	1085	1085	1085	1085	1085	1085	1085	1085	1085	1085	1085	1085	1085	1085	1085	1084	1086	1085	1084	1085	1085	1085	1084	1085	1085	1085	1085	1085	1085	1085	1085	1085	1086	1085	1085	1085	1085	1085	1085	1085	1085	1085	1085	1085	1085	1085	1085	1085	1085	1084	1085	1084	1085	1085	1085	1085	1085	1085	1085	1085	1085	1084	1085	1085	1085	1085	1085	1084	1084	1084	1084	1084	1085
2166	58338	1085	1086	1085	1085	1085	1085	1086	1086	1085	1085	1086	1085	1086	1086	1085	1086	1085	1085	1086	1086	1085	1085	1085	1085	1086	1085	1086	1086	1086	1086	1085	1085	1086	1085	1086	1085	1086	1085	1085	1085	1086	1086	1085	1085	1085	1085	1085	1085	1086	1085	1085	1085	1086	1085	1085	1086	1086	1086	1086	1085	1085	1085	1085	1085	1086	1086	1085	1085	1086	1085	1085	1086	1085	1086	1086	1086	1086	1086	1087	1086	1086	1086	1086	1086	1086	1086	1086	1086	1086	1086	1085	1085	1086	1086	1086	1086	1086	1086	1086	1086	1085	1086	1085	1085	1085	1086	1085	1086	1086	1086	1086	1086	1086	1086	1086	1085	1085	1085	1085	1086	1085	1085	1086	1085	1085	1085	1085	1085
2167	58830	1086	1086	1086	1086	1086	1086	1086	1086	1086	1086	1087	1086	1086	1086	1086	1086	1086	1086	1086	1086	1086	1086	1087	1086	1087	1086	1086	1087	1086	1086	1086	1086	1086	1086	1086	1086	1086	1086	1086	1086	1086	1086	1086	1086	1086	1086	1086	1086	1086	1086	1086	1086	1086	1086	1086	1086	1087	1086	1087	1086	1086	1086	1086	1086	1086	1086	1086	1086	1086	1086	1086	1086	1087	1087	1086	1086	1087	1086	1086	1086	1086	1086	1086	1086	1086	1086	1086	1086	1086	1086	1086	1086	1086	1086	1086	1086	1086	1086	1086	1086	1086	1086	1086	1086	1086	1086	1086	1086	1086	1086	1086	1086	1086	1086	1086	1086	1086	1086	1086	1086	1086	1086	1086	1086	1086	1086	1086	1086
2168	59323	1087	1086	1086	1086	1087	1086	1085	1086	1087	1086	1087	1086	1087	1086	1087	1087	1087	1087	1087	1087	1087	1087	1086	1087	1087	1087	1087	1086	1087	1087	1087	1087	1086	1087	1087	1087	1087	1086	1087	1086	1086	1086	1086	1086	1086	1086	1086	1086	1086	1086	1087	1086	1086	1086	1086	1086	1086	1086	1086	1086	1086	1086	1086	1086	1086	1086	1086	1086	1086	1086	1087	1087	1087	1086	1086	1087	1086	1087	1087	1087	1087	1087	1086	1086	1086	1086	1087	1086	1087	1086	1086	1086	1086	1086	1087	1087	1087	1087	1087	1086	1087	1087	1087	1087	1086	1087	1087	1087	1087	1087	1087	1087	1087	1087	1087	1087	1087	1087	1087	1087	1087	1086	1087	1087	1087	1087	1086	1087
2169	59815	1087	1087	1087	1087	1087	1087	1087	1087	1087	1087	1086	1087	1087	1086	1087	1087	1087	1087	1087	1087	1087	1087	1087	1087	1087	1087	1088	1087	1087	1087	1087	1087	1087	1088	1087	1087	1087	1087	1087	1087	1087	1087	1087	1087	1087	1087	1087	1087	1087	1087	1087	1087	1087	1087	1087	1087	1087	1087	1087	1087	1088	1088	1088	1087	1088	1087	1088	1087	1087	1087	1087	1087	1088	1088	1088	1087	1087	1087	1087	1087	1087	1087	1087	1087	1087	1087	1087	1087	1087	1086	1087	1087	1087	1087	1087	1087	1087	1087	1087	1087	1087	1087	1088	1088	1088	1087	1087	1087	1087	1087	1087	1087	1087	1087	1087	1087	1087	1086	1087	1086	1086	1087	1086	1087	1086	1087	1087	1087
2170	60307	1088	1087	1087	1087	1087	1087	1088	1087	1088	1088	1087	1087	1087	1087	1087	1088	1087	1087	1087	1087	1087	1087	1087	1087	1088	1087	1087	1088	1087	1087	1087	1087	1087	1087	1087	1087	1087	1087	1087	1087	1087	1087	1088	1087	1087	1087	1087	1087	1087	1087	1088	1088	1088	1087	1088	1088	1088	1088	1088	1088	1088	1088	1088	1087	1088	1087	1087	1088	1088	1088	1087	1087	1087	1087	1088	1087	1087	1088	1088	1088	1088	1088	1087	1088	1088	1088	1087	1088	1088	1087	1087	1087	1087	1088	1087	1088	1088	1087	1087	1087	1087	1087	1088	1088	1088	1088	1088	1088	1087	1088	1087	1087	1088	1087	1087	1087	1087	1088	1087	1088	1087	1087	1087	1088	1087	1087	1088	1088
2171	60800	1087	1088	1087	1088	1087	1088	1088	1087	1088	1088	1088	1088	1088	1088	1088	1088	1088	1088	1088	1088	1087	1088	1088	1088	1088	1088	1088	1088	1087	1088	1088	1087	1088	1088	1088	1088	1088	1088	1088	1088	1088	1088	1088	1088	1088	1088	1088	1089	1088	1088	1088	1088	1088	1088	1088	1088	1089	1089	1088	1088	1088	1088	1088	1088	1088	1088	1088	1088	1088	1088	1088	1088	1088	1088	1088	1088	1088	1088	1088	1088	1088	1088	1088	1088	1088	1088	1087	1087	1088	1088	1088	1088	1087	1088	1087	1087	1087	1088	1088	1088	1088	1088	1088	1089	1088	1088	1088	1088	1088	1088	1088	1088	1088	1088	1088	1088	1088	1088	1088	1088	1088	1088	1087	1088	1088	1088	1088	1088
2172	61292	1088	1088	1088	1088	1088	1088	1088	1088	1089	1088	1088	1088	1088	1088	1088	1088	1088	1088	1088	1088	1088	1088	1089	1089	1089	1088	1088	1088	1088	1088	1088	1089	1088	1088	1089	1089	1089	1088	1088	1088	1089	1088	1088	1089	1088	1088	1088	1088	1089	1089	1089	1089	1088	1088	1089	1089	1089	1088	1088	1089	1088	1088	1089	1088	1089	1089	1088	1088	1088	1089	1088	1089	1088	1089	1089	1088	1088	1089	1088	1089	1089	1088	1089	1089	1088	1089	1088	1088	1089	1089	1088	1089	1089	1089	1088	1088	1089	1088	1089	1089	1089	1089	1089	1089	1088	1089	1088	1089	1089	1089	1088	1089	1089	1088	1089	1089	1089	1089	1089	1088	1088	1089	1089	1089	1088	1089	1089	1088
2173	61784	1088	1089	1089	1089	1089	1089	1089	1089	1089	1089	1088	1089	1089	1089	1089	1089	1089	1089	1089	1089	1089	1089	1089	1089	1089	1089	1089	1090	1088	1089	1089	1089	1089	1089	1089	1089	1089	1089	1089	1089	1089	1089	1089	1090	1089	1090	1089	1089	1089	1089	1089	1090	1089	1089	1089	1089	1090	1089	1089	1089	1089	1089	1089	1089	1089	1089	1089	1089	1089	1089	1088	1089	1089	1088	1089	1089	1089	1088	1089	1089	1089	1089	1089	1089	1089	1089	1089	1088	1089	1089	1089	1089	1089	1089	1089	1089	1089	1089	1089	1089	1088	1089	1089	1089	1088	1089	1089	1089	1089	1089	1089	1089	1089	1089	1088	1089	1088	1088	1089	1088	1089	1088	1089	1089	1089	1089	1089	1089
2174	62276	1089	1089	1089	1089	1090	1089	1089	1089	1090	1090	1089	1090	1089	1089	1089	1089	1089	1090	1089	1090	1089	1089	1090	1089	1089	1089	1090	1089	1089	1089	1090	1090	1090	1090	1091	1090	1090	1090	1090	1090	1090	1090	1090	1090	1090	1089	1089	1090	1090	1090	1090	1090	1090	1090	1090	1090	1090	1090	1090	1089	1090	1090	1090	1089	1089	1089	1090	1089	1090	1089	1089	1089	1089	1090	1090	1089	1090	1089	1089	1089	1090	1089	1089	1090	1089	1089	1089	1090	1089	1089	1089	1089	1089	1089	1089	1089	1089	1089	1089	1089	1089	1089	1089	1090	1090	1090	1090	1089	1090	1089	1089	1089	1089	1090	1090	1090	1089	1089	1089	1090	1090	1089	1089	1089	1089	1089	1090	1089
2175	62769	1091	1090	1090	1090	1090	1090	1090	1090	1090	1090	1091	1090	1090	1091	1090	1090	1090	1090	1090	1090	1090	1090	1090	1090	1090	1090	1090	1090	1090	1090	1090	1090	1090	1090	1090	1090	1090	1090	1090	1090	1089	1090	1090	1090	1090	1089	1090	1090	1090	1089	1090	1089	1089	1090	1090	1090	1090	1090	1090	1090	1090	1090	1089	1090	1090	1090	1090	1090	1090	1090	1090	1090	1089	1091	1089	1090	1090	1089	1090	1089	1090	1090	1090	1090	1090	1090	1090	1090	1090	1090	1090	1090	1089	1090	1090	1090	1090	1090	1090	1089	1090	1090	1090	1090	1090	1089	1089	1090	1090	1090	1089	1089	1089	1090	1089	1090	1090	1090	1090	1090	1090	1090	1090	1090	1090	1090	1090	1090
2176	63261	1090	1090	1090	1090	1090	1090	1090	1090	1090	1090	1090	1090	1090	1090	1090	1090	1090	1090	1090	1090	1090	1090	1090	1090	1090	1091	1090	1090	1090	1090	1091	1090	1091	1090	1090	1090	1091	1090	1090	1090	1089	1090	1090	1090	1090	1090	1091	1091	1090	1091	1090	1091	1091	1090	1091	1091	1091	1090	1090	1090	1090	1091	1091	1090	1090	1091	1091	1091	1090	1090	1090	1091	1090	1090	1090	1090	1091	1090	1091	1091	1091	1091	1090	1091	1090	1090	1091	1090	1090	1090	1091	1090	1091	1091	1090	1090	1091	1091	1091	1090	1090	1090	1091	1090	1091	1090	1091	1091	1091	1091	1091	1091	1090	1091	1090	1091	1091	1091	1091	1091	1090	1091	1091	1091	1091	1091	1091	1091
2177	63753	1091	1091	1092	1092	1091	1091	1092	1092	1092	1091	1091	1091	1092	1092	1092	1091	1092	1091	1091	1091	1091	1092	1091	1091	1091	1092	1091	1091	1091	1091	1092	1091	1091	1091	1091	1091	1091	1091	1091	1091	1091	1091	1091	1091	1090	1091	1091	1091	1091	1091	1091	1091	1091	1091	1091	1091	1090	1091	1090	1091	1091	1090	1091	1090	1091	1091	1091	1090	1091	1090	1090	1090	1090	1091	1091	1090	1091	1091	1091	1091	1091	1091	1091	1091	1091	1091	1091	1091	1091	1091	1091	1091	1091	1091	1090	1091	1091	1091	1091	1091	1091	1091	1091	1091	1091	1091	1091	1091	1091	1091	1091	1091	1091	1091	1091	1091	1091	1091	1091	1091	1091	1090	1091	1091	1091	1091	1091	1090
2178	64246	1091	1091	1091	1091	1092	1092	1092	1091	1091	1092	1091	1091	1092	1091	1091	1091	1091	1091	1091	1091	1091	1092	1091	1091	1091	1092	1091	1091	1091	1091	1091	1091	1091	1091	1091	1091	1091	1091	1091	1091	1091	1091	1091	1091	1092	1092	1092	1091	1091	1092	1091	1091	1091	1092	1091	1092	1091	1091	1092	1091	1092	1091	1091	1091	1092	1092	1091	1091	1091	1091	1092	1091	1091	1091	1091	1091	1091	1092	1091	1091	1092	1091	1092	1091	1091	1091	1091	1091	1091	1091	1091	1091	1091	1091	1091	1092	1091	1091	1091	1091	1091	1091	1092	1092	1092	1091	1091	1091	1092	1091	1091	1091	1092	1091	1092	1092	1091	1091	1092	1091	1091	1091	1092	1092	1091	1092	1092	1091
2179	64738	1092	1092	1091	1092	1092	1092	1092	1092	1092	1092	1092	1091	1091	1092	1092	1092	1092	1092	1091	1092	1092	1091	1091	1091	1092	1092	1092	1092	1092	1092	1092	1091	1092	1092	1092	1092	1091	1092	1092	1092	1091	1092	1092	1091	1092	1091	1091	1092	1091	1091	1092	1091	1092	1092	1092	1091	1092	1092	1092	1092	1092	1092	1092	1091	1092	1092	1091	1092	1092	1091	1091	1091	1092	1092	1092	1091	1092	1092	1093	1092	1092	1092	1092	1092	1092	1092	1093	1092	1092	1092	1092	1092	1092	1092	1092	1092	1091	1092	1092	1092	1092	1092	1092	1092	1093	1092	1092	1093	1092	1092	1092	1092	1092	1092	1092	1092	1092	1091	1091	1092	1092	1091	1091	1092	1092	1092	1091	1092
2180	65230	1092	1092	1092	1092	1092	1092	1092	1092	1092	1092	1092	1092	1092	1092	1092	1093	1092	1092	1093	1092	1092	1092	1092	1092	1092	1093	1093	1093	1092	1092	1092	1093	1092	1092	1092	1093	1092	1092	1092	1093	1092	1093	1092	1092	1092	1092	1092	1092	1092	1092	1092	1092	1093	1093	1092	1092	1093	1093	1092	1093	1092	1092	1092	1093	1092	1093	1093	1093	1092	1092	1093	1092	1093	1093	1093	1094	1093	1092	1092	1093	1093	1092	1093	1093	1093	1093	1092	1093	1092	1093	1093	1093	1092	1093	1092	1092	1092	1093	1093	1092	1092	1092	1093	1092	1093	1093	1092	1093	1092	1093	1093	1092	1092	1092	1092	1092	1092	1092	1092	1092	1092	1093	1092	1092	1092	1092	1092	1092
2181	65723	1093	1093	1093	1093	1093	1093	1094	1093	1093	1093	1093	1094	1093	1093	1093	1093	1093	1093	1093	1093	1093	1093	1093	1093	1092	1093	1093	1093	1093	1093	1093	1093	1093	1093	1093	1093	1093	1093	1093	1093	1093	1093	1092	1094	1093	1093	1093	1093	1093	1092	1093	1093	1093	1093	1093	1093	1093	1093	1093	1093	1093	1093	1093	1093	1093	1093	1093	1093	1093	1093	1093	1092	1093	1093	1093	1093	1093	1093	1093	1093	1093	1093	1094	1093	1093	1093	1093	1093	1093	1093	1093	1093	1093	1093	1093	1093	1093	1093	1093	1093	1093	1094	1093	1093	1093	1093	1093	1093	1093	1093	1093	1093	1093	1093	1093	1093	1093	1093	1093	1093	1093	1092	1092	1092	1093	1093	1092	1092
2182	66215	1094	1093	1094	1094	1094	1094	1093	1093	1094	1093	1093	1093	1094	1093	1093	1094	1094	1094	1093	1093	1094	1093	1094	1093	1093	1093	1093	1093	1093	1093	1093	1093	1093	1093	1093	1093	1093	1094	1093	1093	1093	1093	1093	1093	1094	1093	1093	1093	1093	1093	1093	1093	1093	1094	1093	1094	1094	1094	1093	1094	1093	1094	1094	1093	1094	1094	1094	1093	1093	1094	1094	1094	1093	1093	1094	1093	1093	1093	1093	1093	1093	1093	1093	1094	1094	1094	1094	1094	1093	1093	1094	1093	1093	1094	1094	1094	1093	1093	1093	1093	1093	1093	1093	1093	1093	1093	1093	1093	1093	1093	1093	1092	1093	1093	1093	1093	1093	1093	1093	1094	1093	1093	1093	1093	1093	1093	1093	1093
2183	66707	1094	1094	1094	1094	1094	1094	1094	1094	1094	1093	1094	1094	1094	1093	1094	1092	1094	1094	1094	1094	1094	1094	1094	1094	1094	1094	1094	1094	1094	1094	1093	1094	1094	1094	1094	1093	1094	1094	1094	1094	1094	1093	1094	1094	1094	1094	1094	1094	1094	1094	1093	1094	1094	1093	1094	1094	1094	1094	1094	1094	1094	1094	1094	1093	1094	1093	1094	1094	1094	1094	1094	1094	1094	1094	1094	1094	1094	1094	1094	1094	1094	1094	1094	1094	1094	1094	1094	1094	1094	1094	1094	1094	1094	1094	1094	1094	1094	1094	1094	1094	1094	1094	1095	1094	1094	1095	1094	1094	1094	1094	1094	1094	1094	1094	1094	1094	1094	1094	1094	1095	1094	1094	1094	1094	1095	1094	1094	1094
2184	67200	1095	1095	1095	1095	1095	1095	1095	1095	1095	1095	1095	1095	1094	1094	1095	1095	1095	1094	1094	1094	1094	1094	1094	1094	1094	1093	1094	1094	1094	1094	1094	1094	1094	1094	1094	1094	1094	1094	1094	1094	1094	1094	1094	1094	1094	1094	1094	1094	1094	1094	1094	1094	1094	1094	1094	1094	1094	1094	1094	1094	1094	1094	1094	1095	1094	1094	1094	1094	1094	1094	1094	1094	1094	1094	1095	1094	1095	1094	1094	1095	1094	1094	1094	1094	1094	1094	1094	1095	1094	1094	1094	1094	1094	1094	1095	1094	1094	1095	1095	1095	1094	1094	1094	1094	1094	1094	1095	1095	1095	1094	1095	1095	1095	1095	1094	1095	1095	1095	1095	1094	1094	1095	1094	1095	1094	1094	1094	1095
2185	67692	1095	1095	1094	1094	1095	1095	1094	1095	1094	1095	1095	1094	1095	1095	1095	1095	1095	1095	1094	1095	1095	1095	1094	1095	1094	1095	1094	1095	1095	1095	1095	1094	1095	1095	1095	1095	1095	1095	1095	1095	1095	1095	1095	1095	1095	1095	1095	1095	1095	1095	1095	1095	1094	1095	1095	1095	1095	1095	1095	1095	1095	1095	1095	1095	1095	1095	1095	1094	1095	1095	1095	1095	1095	1095	1095	1095	1094	1095	1095	1095	1095	1095	1094	1095	1094	1095	1095	1095	1095	1095	1095	1094	1095	1095	1095	1095	1095	1095	1095	1095	1095	1095	1095	1095	1095	1095	1095	1095	1094	1095	1095	1095	1095	1095	1094	1094	1095	1095	1095	1095	1095	1094	1095	1094	1095	1095	1095	1095
2186	68184	1095	1095	1095	1095	1095	1095	1095	1095	1096	1096	1095	1096	1095	1095	1096	1096	1096	1096	1095	1095	1095	1096	1095	1096	1096	1095	1096	1096	1096	1096	1095	1095	1096	1096	1095	1095	1096	1096	1095	1096	1096	1096	1095	1095	1095	1095	1096	1095	1095	1096	1096	1096	1096	1095	1095	1096	1096	1096	1095	1095	1096	1096	1095	1095	1095	1095	1095	1095	1096	1095	1095	1095	1095	1095	1095	1095	1095	1095	1095	1095	1095	1095	1094	1095	1095	1095	1095	1095	1095	1095	1095	1095	1095	1095	1095	1095	1095	1095	1095	1095	1096	1095	1095	1095	1095	1095	1095	1095	1095	1095	1095	1095	1095	1095	1095	1095	1095	1096	1095	1096	1096	1095	1095	1096	1095	1095	1095	1095
2187	68676	1096	1096	1096	1095	1096	1095	1096	1096	1096	1096	1095	1096	1096	1096	1095	1096	1096	1095	1096	1096	1095	1096	1095	1096	1096	1095	1096	1095	1096	1096	1096	1096	1096	1096	1096	1095	1096	1096	1096	1095	1096	1096	1096	1096	1096	1096	1096	1096	1096	1096	1096	1096	1096	1096	1096	1096	1095	1096	1096	1095	1096	1096	1096	1096	1096	1096	1096	1096	1096	1096	1096	1096	1096	1096	1095	1096	1096	1096	1095	1095	1095	1096	1096	1096	1096	1096	1095	1096	1096	1095	1096	1095	1095	1095	1096	1096	1096	1097	1096	1095	1096	1096	1096	1096	1096	1096	1096	1096	1096	1096	1096	1096	1096	1095	1096	1096	1096	1096	1095	1096	1096	1096	1096	1096	1096	1096	1096	1096
2188	69169	1097	1097	1097	1096	1097	1097	1096	1097	1097	1097	1096	1097	1097	1097	1097	1096	1097	1096	1096	1097	1097	1097	1097	1096	1097	1096	1096	1096	1096	1096	1097	1097	1096	1096	1096	1096	1096	1096	1096	1096	1096	1096	1096	1096	1097	1097	1096	1096	1096	1096	1097	1096	1096	1096	1096	1096	1097	1096	1096	1097	1096	1096	1097	1096	1096	1096	1096	1096	1096	1096	1096	1097	1097	1096	1096	1096	1097	1097	1097	1097	1096	1096	1096	1097	1096	1096	1097	1096	1096	1097	1096	1096	1096	1097	1096	1096	1097	1096	1097	1097	1097	1096	1096	1097	1096	1096	1096	1097	1096	1097	1096	1096	1097	1097	1096	1096	1096	1097	1097	1096	1097	1096	1096	1097	1096	1096	1096	1096
2189	69661	1097	1097	1097	1097	1097	1096	1096	1097	1096	1097	1097	1096	1097	1097	1097	1097	1097	1097	1097	1096	1097	1097	1097	1097	1097	1097	1097	1097	1097	1097	1097	1096	1096	1097	1096	1096	1096	1097	1097	1096	1097	1096	1096	1096	1096	1096	1096	1097	1097	1096	1096	1096	1097	1097	1096	1096	1097	1097	1097	1096	1097	1097	1096	1096	1096	1096	1096	1096	1096	1097	1097	1096	1097	1097	1097	1096	1097	1096	1097	1097	1097	1096	1097	1096	1096	1096	1096	1096	1096	1096	1097	1097	1097	1097	1097	1097	1096	1097	1096	1097	1097	1096	1097	1096	1096	1097	1097	1096	1096	1097	1096	1097	1097	1097	1096	1097	1097	1097	1097	1097	1097	1097	1097	1097	1097	1097	1097	1097
2190	70153	1098	1098	1098	1098	1098	1097	1097	1098	1098	1098	1098	1098	1098	1097	1097	1098	1097	1098	1097	1098	1097	1097	1097	1097	1097	1097	1098	1097	1097	1097	1097	1098	1097	1098	1097	1097	1097	1097	1097	1097	1097	1097	1097	1097	1097	1097	1097	1097	1097	1098	1097	1097	1097	1097	1098	1097	1098	1097	1097	1097	1097	1097	1097	1097	1097	1097	1097	1097	1096	1097	1097	1097	1097	1097	1097	1097	1097	1097	1097	1097	1097	1096	1097	1097	1097	1097	1098	1097	1097	1097	1097	1097	1097	1097	1097	1097	1097	1097	1097	1097	1097	1097	1096	1097	1097	1097	1097	1097	1097	1097	1096	1097	1097	1097	1097	1097	1096	1097	1097	1096	1096	1097	1097	1097	1097	1097	1097	1097
2191	70646	1098	1099	1098	1099	1099	1098	1098	1098	1098	1099	1098	1098	1098	1098	1098	1098	1098	1098	1098	1098	1098	1098	1098	1098	1098	1098	1098	1098	1097	1097	1098	1098	1098	1098	1098	1098	1098	1098	1098	1098	1098	1097	1097	1098	1097	1098	1097	1098	1097	1097	1098	1097	1097	1098	1097	1097	1097	1097	1097	1098	1097	1097	1098	1097	1098	1098	1098	1097	1098	1098	1097	1098	1098	1097	1098	1098	1098	1097	1098	1098	1098	1097	1098	1098	1098	1097	1098	1098	1098	1098	1098	1097	1098	1098	1097	1098	1098	1098	1098	1098	1098	1098	1099	1098	1098	1098	1098	1098	1098	1097	1098	1098	1098	1097	1097	1097	1097	1098	1097	1098	1097	1097	1097	1097	1098	1098	1098	1097
2192	71138	1099	1098	1098	1098	1098	1098	1098	1098	1098	1098	1098	1098	1098	1098	1098	1098	1098	1098	1098	1098	1098	1098	1099	1098	1098	1098	1098	1098	1098	1099	1098	1098	1098	1098	1098	1098	1098	1098	1099	1099	1098	1098	1099	1099	1099	1099	1099	1098	1099	1099	1098	1099	1098	1098	1099	1098	1098	1099	1098	1098	1098	1099	1098	1098	1098	1098	1098	1098	1098	1098	1098	1098	1098	1098	1098	1098	1099	1098	1098	1099	1098	1099	1098	1099	1098	1098	1098	1098	1098	1098	1098	1099	1099	1099	1098	1098	1098	1099	1098	1098	1099	1098	1099	1099	1099	1099	1099	1098	1098	1099	1098	1098	1098	1098	1098	1098	1099	1099	1098	1099	1099	1098	1099	1099	1098	1098	1098	1098
2193	71630	1098	1099	1099	1098	1099	1099	1099	1099	1099	1099	1098	1099	1099	1098	1098	1099	1098	1099	1099	1098	1099	1099	1098	1098	1098	1099	1098	1098	1098	1099	1099	1099	1099	1099	1099	1099	1099	1099	1099	1099	1099	1099	1099	1099	1099	1099	1099	1099	1099	1099	1099	1099	1099	1099	1099	1099	1099	1099	1099	1099	1100	1099	1099	1099	1099	1099	1099	1098	1099	1099	1098	1099	1099	1098	1099	1099	1099	1099	1099	1099	1099	1099	1099	1099	1100	1099	1099	1099	1099	1099	1099	1099	1099	1099	1099	1099	1099	1099	1099	1099	1099	1099	1099	1099	1100	1099	1099	1099	1099	1099	1099	1099	1099	1099	1099	1099	1099	1099	1098	1099	1099	1099	1099	1099	1099	1099	1099	1099
2194	72123	1098	1099	1099	1098	1099	1099	1100	1099	1100	1100	1100	1100	1099	1099	1099	1099	1099	1099	1099	1100	1100	1100	1099	1099	1099	1100	1099	1100	1099	1099	1100	1100	1099	1099	1099	1099	1100	1099	1099	1099	1099	1099	1100	1100	1100	1100	1100	1099	1100	1100	1100	1100	1100	1099	1100	1100	1099	1099	1099	1099	1100	1099	1100	1100	1099	1099	1100	1099	1100	1099	1099	1099	1100	1100	1100	1100	1099	1099	1099	1099	1099	1099	1099	1099	1099	1099	1099	1099	1099	1099	1099	1099	1099	1099	1099	1099	1100	1099	1100	1100	1099	1099	1100	1099	1100	1099	1099	1099	1100	1099	1099	1099	1099	1099	1099	1099	1100	1099	1099	1099	1100	1099	1099	1099	1100	1100	1099	1099
2195	72615	1100	1100	1100	1100	1099	1100	1100	1100	1100	1100	1100	1100	1100	1100	1099	1100	1100	1099	1099	1100	1100	1100	1100	1100	1100	1100	1100	1100	1100	1100	1100	1100	1100	1100	1100	1100	1100	1099	1100	1100	1100	1100	1100	1100	1100	1100	1100	1100	1100	1100	1100	1100	1100	1100	1100	1100	1100	1100	1100	1100	1100	1100	1100	1100	1100	1100	1100	1100	1100	1100	1100	1100	1100	1100	1100	1100	1099	1100	1100	1100	1100	1100	1100	1100	1100	1100	1100	1100	1100	1100	1100	1099	1100	1100	1100	1100	1100	1100	1100	1100	1100	1099	1100	1100	1099	1100	1100	1100	1099	1100	1099	1099	1100	1100	1100	1100	1100	1100	1100	1100	1100	1100	1100	1099	1100	1100	1100	1100
2196	73107	1100	1100	1101	1101	1100	1100	1100	1100	1100	1100	1100	1100	1100	1100	1100	1100	1099	1100	1100	1100	1100	1100	1100	1100	1100	1100	1100	1100	1100	1100	1100	1100	1100	1100	1100	1099	1100	1100	1100	1100	1100	1100	1100	1100	1100	1100	1101	1100	1100	1100	1100	1100	1101	1100	1101	1100	1100	1100	1100	1100	1100	1100	1100	1100	1100	1100	1100	1100	1101	1100	1101	1100	1100	1101	1100	1100	1100	1100	1100	1100	1101	1101	1100	1101	1100	1100	1100	1101	1100	1100	1100	1100	1100	1100	1100	1100	1100	1100	1100	1100	1100	1100	1100	1100	1100	1100	1100	1100	1100	1099	1100	1100	1100	1100	1100	1101	1100	1100	1100	1100	1101	1100	1100	1100	1100	1101	1100	1100
2197	73600	1100	1101	1101	1101	1100	1100	1101	1101	1101	1101	1101	1101	1100	1101	1101	1101	1100	1101	1101	1100	1101	1101	1101	1101	1101	1101	1101	1101	1101	1100	1101	1101	1101	1101	1101	1101	1101	1101	1101	1101	1101	1101	1100	1101	1101	1101	1101	1101	1101	1101	1101	1101	1100	1101	1101	1101	1101	1101	1101	1101	1101	1101	1101	1101	1101	1101	1100	1100	1101	1101	1101	1101	1101	1101	1101	1101	1101	1101	1101	1101	1101	1101	1101	1101	1101	1101	1101	1101	1101	1100	1101	1101	1101	1101	1101	1100	1100	1101	1100	1101	1101	1100	1101	1101	1101	1100	1101	1100	1101	1100	1101	1101	1101	1100	1100	1101	1100	1101	1101	1101	1101	1101	1101	1101	1101	1101	1101	1101
2198	74092	1101	1102	1101	1101	1101	1101	1101	1101	1101	1101	1101	1101	1101	1101	1101	1101	1101	1101	1101	1101	1100	1101	1101	1101	1101	1101	1101	1101	1101	1101	1100	1101	1101	1101	1101	1101	1102	1101	1101	1101	1101	1101	1101	1101	1101	1102	1101	1101	1101	1101	1101	1102	1102	1101	1101	1102	1102	1101	1101	1101	1101	1102	1102	1101	1102	1102	1101	1102	1102	1101	1101	1102	1102	1102	1102	1102	1102	1102	1102	1102	1102	1102	1102	1102	1102	1101	1102	1102	1101	1101	1102	1101	1102	1101	1101	1101	1101	1101	1101	1102	1102	1101	1102	1101	1102	1102	1101	1102	1101	1101	1101	1102	1101	1102	1101	1101	1101	1101	1101	1101	1102	1101	1101	1101	1101	1101	1101	1101
2199	74584	1102	1102	1102	1101	1101	1102	1101	1102	1102	1102	1102	1101	1102	1101	1102	1102	1101	1102	1102	1102	1102	1102	1102	1102	1102	1102	1102	1101	1102	1101	1102	1102	1102	1102	1102	1102	1103	1102	1102	1102	1102	1102	1102	1101	1102	1102	1102	1102	1102	1102	1101	1102	1102	1102	1102	1102	1102	1102	1102	1102	1101	1102	1102	1102	1102	1102	1102	1102	1102	1102	1102	1102	1101	1101	1101	1101	1101	1101	1101	1101	1102	1101	1101	1102	1101	1102	1102	1101	1102	1102	1101	1102	1101	1101	1101	1102	1101	1101	1102	1101	1102	1101	1102	1102	1102	1102	1102	1102	1102	1102	1102	1102	1102	1102	1102	1102	1102	1102	1102	1102	1102	1102	1102	1102	1102	1102	1102	1102
2200	75076	1102	1103	1102	1102	1103	1102	1103	1103	1103	1103	1103	1103	1103	1102	1103	1103	1103	1102	1102	1102	1103	1102	1103	1103	1102	1102	1102	1103	1103	1102	1102	1102	1102	1102	1102	1102	1102	1102	1102	1103	1102	1102	1103	1103	1103	1103	1103	1103	1103	1103	1103	1103	1103	1103	1103	1103	1103	1102	1102	1103	1103	1102	1103	1102	1103	1103	1102	1103	1103	1103	1102	1102	1102	1102	1102	1102	1102	1102	1102	1102	1102	1102	1102	1102	1103	1102	1103	1103	1102	1102	1102	1102	1102	1103	1102	1102	1103	1102	1102	1103	1102	1102	1102	1102	1102	1101	1102	1103	1102	1103	1102	1102	1103	1103	1103	1102	1103	1103	1102	1102	1102	1102	1102	1103	1102	1102	1102	1102
2201	75569	1102	1102	1103	1103	1103	1103	1102	1102	1103	1103	1103	1103	1103	1103	1103	1102	1102	1103	1102	1103	1103	1102	1103	1102	1103	1103	1103	1103	1103	1102	1102	1103	1102	1102	1103	1102	1103	1102	1102	1103	1102	1103	1103	1103	1102	1102	1102	1102	1103	1103	1103	1103	1103	1103	1103	1103	1103	1103	1103	1103	1103	1103	1103	1103	1102	1103	1103	1102	1103	1103	1103	1103	1103	1103	1103	1103	1103	1103	1103	1103	1103	1103	1103	1103	1103	1103	1102	1103	1103	1103	1103	1103	1103	1103	1103	1103	1103	1103	1103	1103	1103	1103	1103	1103	1103	1103	1103	1103	1103	1102	1103	1103	1103	1102	1102	1102	1102	1102	1102	1102	1102	1103	1103	1103	1102	1103	1102	1103
2202	76061	1104	1103	1103	1103	1104	1103	1103	1103	1104	1103	1104	1103	1103	1103	1103	1103	1103	1103	1103	1103	1103	1103	1103	1103	1103	1103	1103	1103	1103	1104	1103	1104	1104	1103	1104	1104	1104	1104	1104	1103	1103	1103	1103	1103	1103	1104	1103	1103	1103	1102	1103	1103	1102	1103	1103	1103	1103	1103	1103	1103	1103	1103	1104	1103	1103	1103	1103	1103	1103	1103	1103	1103	1103	1103	1103	1103	1103	1103	1103	1103	1103	1103	1103	1103	1103	1103	1103	1103	1104	1103	1103	1103	1103	1103	1103	1103	1103	1103	1103	1103	1103	1103	1103	1103	1103	1104	1103	1103	1103	1103	1103	1103	1104	1103	1103	1103	1103	1103	1104	1103	1104	1103	1103	1103	1103	1104	1103	1103
2203	76553	1104	1104	1104	1105	1104	1104	1104	1104	1104	1104	1104	1104	1104	1104	1104	1104	1103	1104	1104	1103	1103	1103	1103	1103	1103	1103	1103	1103	1104	1103	1103	1104	1103	1104	1103	1103	1104	1103	1104	1103	1103	1104	1103	1103	1103	1103	1103	1104	1104	1104	1104	1103	1103	1104	1104	1104	1104	1104	1104	1104	1104	1104	1105	1103	1104	1104	1104	1104	1104	1104	1104	1103	1103	1104	1104	1104	1103	1104	1103	1104	1104	1103	1103	1104	1103	1104	1104	1103	1104	1103	1104	1104	1104	1104	1104	1103	1103	1103	1103	1103	1103	1104	1103	1104	1103	1103	1104	1103	1104	1104	1104	1104	1103	1104	1104	1104	1104	1104	1103	1104	1104	1104	1104	1104	1104	1104	1104	1104
2204	77046	1104	1104	1104	1104	1104	1104	1104	1104	1104	1104	1104	1104	1104	1104	1104	1104	1104	1103	1104	1104	1103	1104	1104	1103	1103	1104	1104	1104	1104	1104	1104	1104	1104	1103	1104	1104	1104	1104	1104	1104	1104	1104	1104	1104	1104	1104	1104	1104	1104	1104	1104	1104	1104	1104	1104	1104	1104	1104	1104	1105	1104	1104	1104	1104	1104	1104	1104	1104	1104	1104	1104	1103	1104	1104	1104	1104	1104	1104	1104	1104	1104	1104	1104	1104	1104	1104	1104	1104	1104	1104	1104	1104	1104	1104	1104	1104	1104	1104	1104	1103	1103	1104	1104	1104	1105	1104	1104	1104	1104	1104	1104	1104	1104	1104	1104	1104	1104	1105	1105	1104	1104	1104	1104	1104	1104	1104	1104	1104
2205	77538	1105	1105	1105	1104	1104	1105	1104	1104	1105	1104	1105	1105	1105	1105	1104	1104	1104	1104	1104	1104	1104	1104	1105	1105	1105	1104	1104	1104	1104	1105	1104	1104	1104	1104	1104	1105	1104	1105	1105	1105	1104	1105	1104	1104	1104	1104	1105	1105	1104	1105	1105	1105	1104	1105	1105	1105	1105	1105	1105	1104	1105	1105	1105	1105	1105	1105	1105	1105	1105	1105	1105	1104	1105	1105	1105	1105	1105	1105	1105	1105	1105	1105	1105	1105	1105	1105	1105	1105	1105	1105	1105	1105	1105	1105	1105	1104	1105	1105	1105	1105	1105	1104	1105	1104	1104	1105	1105	1105	1105	1104	1105	1105	1105	1105	1105	1105	1105	1104	1105	1105	1105	1105	1104	1105	1105	1105	1105	1105
2206	78030	1106	1105	1105	1105	1105	1105	1105	1105	1105	1105	1105	1104	1105	1105	1105	1105	1105	1104	1105	1105	1105	1105	1104	1105	1105	1105	1105	1105	1105	1105	1105	1105	1105	1105	1105	1104	1105	1105	1105	1105	1105	1105	1105	1105	1105	1105	1105	1105	1105	1105	1105	1105	1105	1105	1105	1104	1105	1104	1105	1105	1105	1105	1105	1105	1105	1105	1105	1105	1105	1105	1105	1105	1105	1105	1105	1105	1105	1105	1105	1105	1105	1105	1105	1105	1105	1105	1106	1105	1105	1105	1105	1105	1106	1106	1105	1105	1105	1105	1106	1105	1106	1105	1105	1105	1105	1105	1105	1105	1105	1105	1105	1106	1105	1105	1105	1105	1105	1105	1105	1105	1105	1105	1106	1106	1105	1106	1106	1105
2207	78523	1106	1106	1105	1106	1106	1106	1106	1105	1106	1106	1106	1105	1105	1106	1105	1106	1106	1106	1106	1106	1106	1106	1106	1106	1106	1106	1106	1106	1105	1106	1105	1105	1106	1106	1105	1106	1106	1105	1105	1105	1106	1106	1105	1105	1105	1106	1105	1106	1105	1105	1105	1105	1105	1106	1105	1105	1105	1105	1106	1105	1105	1105	1105	1106	1106	1106	1106	1106	1106	1105	1105	1105	1105	1106	1106	1106	1106	1105	1106	1105	1106	1106	1106	1106	1106	1106	1106	1106	1106	1106	1106	1106	1106	1106	1106	1106	1106	1105	1106	1106	1106	1106	1105	1105	1106	1106	1106	1106	1106	1106	1107	1106	1106	1106	1107	1106	1106	1107	1106	1106	1106	1106	1106	1106	1106	1106	1106	1105
2208	79015	1107	1107	1107	1107	1107	1107	1107	1106	1106	1106	1106	1106	1106	1106	1106	1106	1106	1106	1106	1106	1106	1107	1106	1106	1106	1107	1106	1106	1106	1106	1106	1106	1106	1106	1106	1106	1106	1106	1106	1106	1106	1106	1106	1106	1106	1106	1106	1106	1106	1106	1106	1106	1106	1106	1106	1107	1106	1106	1107	1106	1106	1106	1107	1107	1106	1106	1106	1106	1106	1106	1107	1106	1107	1107	1107	1106	1106	1107	1107	1107	1106	1106	1106	1107	1107	1107	1106	1106	1106	1106	1105	1106	1106	1106	1106	1106	1107	1106	1106	1106	1106	1106	1107	1106	1106	1106	1106	1106	1106	1105	1106	1106	1106	1106	1106	1106	1106	1106	1106	1106	1106	1106	1106	1106	1106	1106	1106	1106
2209	79507	1107	1107	1106	1107	1107	1107	1107	1107	1107	1107	1107	1106	1107	1107	1107	1107	1107	1107	1107	1106	1107	1107	1107	1107	1107	1107	1107	1107	1107	1106	1107	1107	1107	1107	1107	1107	1107	1107	1107	1107	1107	1107	1107	1107	1107	1107	1107	1107	1106	1107	1107	1107	1107	1106	1107	1107	1107	1107	1107	1106	1107	1106	1107	1107	1107	1106	1107	1107	1107	1107	1107	1106	1107	1107	1107	1107	1107	1107	1107	1107	1107	1107	1107	1107	1107	1107	1107	1107	1107	1107	1107	1107	1107	1107	1107	1107	1107	1107	1107	1107	1107	1107	1107	1107	1107	1107	1107	1107	1107	1107	1107	1107	1106	1107	1107	1107	1107	1107	1107	1107	1107	1107	1107	1106	1106	1107	1107	1107
2210	80000	1107	1108	1107	1107	1107	1108	1107	1107	1107	1107	1107	1107	1107	1107	1108	1107	1108	1107	1107	1107	1107	1107	1107	1107	1108	1107	1107	1107	1107	1107	1107	1107	1107	1107	1107	1106	1107	1106	1107	1107	1106	1106	1107	1106	1107	1107	1107	1107	1107	1107	1107	1107	1107	1107	1107	1107	1107	1107	1107	1107	1107	1107	1107	1107	1107	1107	1107	1108	1107	1107	1107	1108	1108	1107	1107	1107	1107	1107	1108	1107	1107	1108	1107	1107	1107	1107	1107	1107	1107	1108	1107	1107	1107	1107	1107	1107	1107	1107	1107	1107	1107	1107	1107	1107	1107	1107	1107	1108	1107	1107	1107	1107	1108	1108	1107	1107	1108	1107	1108	1108	1108	1108	1108	1107	1108	1107	1107	1107
2211	80492	1108	1108	1108	1107	1108	1108	1107	1107	1107	1108	1107	1108	1108	1107	1107	1107	1107	1107	1108	1107	1107	1108	1108	1108	1108	1107	1107	1107	1108	1108	1107	1107	1107	1108	1107	1107	1108	1107	1107	1107	1107	1108	1108	1108	1108	1107	1107	1108	1108	1108	1108	1108	1108	1108	1108	1108	1108	1108	1108	1107	1107	1107	1108	1108	1108	1108	1108	1108	1108	1108	1108	1108	1108	1108	1108	1108	1108	1108	1108	1108	1108	1108	1107	1108	1108	1108	1108	1108	1108	1108	1108	1108	1108	1108	1108	1108	1108	1108	1108	1108	1108	1107	1108	1108	1107	1108	1108	1107	1108	1107	1108	1107	1107	1107	1107	1107	1107	1107	1107	1107	1107	1107	1107	1107	1107	1107	1107	1107
2212	80984	1108	1108	1108	1108	1108	1108	1108	1108	1108	1109	1109	1109	1108	1109	1108	1108	1108	1109	1108	1108	1109	1108	1109	1108	1108	1108	1108	1109	1108	1109	1109	1108	1108	1108	1108	1108	1108	1108	1108	1108	1108	1108	1108	1108	1108	1108	1108	1108	1108	1108	1108	1109	1108	1108	1109	1108	1108	1108	1108	1109	1108	1108	1108	1108	1108	1108	1108	1109	1108	1109	1108	1109	1109	1109	1109	1108	1108	1109	1108	1109	1109	1109	1109	1108	1108	1108	1108	1109	1108	1108	1108	1108	1109	1108	1108	1108	1108	1108	1109	1108	1108	1108	1108	1108	1108	1108	1108	1109	1108	1108	1108	1108	1108	1108	1108	1108	1108	1108	1108	1108	1108	1108	1108	1108	1108	1108	1108	1108
2213	81476	1109	1109	1108	1109	1108	1109	1108	1109	1109	1108	1109	1109	1109	1109	1109	1108	1109	1109	1109	1109	1108	1109	1109	1109	1109	1109	1109	1109	1109	1109	1109	1109	1110	1109	1109	1110	1109	1108	1109	1109	1109	1109	1109	1109	1108	1109	1108	1109	1109	1109	1109	1109	1109	1109	1108	1109	1108	1109	1109	1108	1109	1109	1109	1109	1108	1109	1109	1108	1109	1108	1108	1108	1108	1108	1108	1108	1109	1108	1109	1109	1108	1109	1109	1108	1108	1108	1108	1108	1108	1108	1108	1108	1109	1109	1108	1109	1108	1109	1109	1109	1109	1109	1109	1109	1109	1109	1108	1108	1109	1108	1108	1108	1108	1109	1109	1109	1108	1109	1109	1109	1108	1109	1108	1108	1108	1109	1108	1109
2214	81969	1109	1109	1109	1109	1109	1109	1109	1109	1109	1109	1110	1109	1109	1110	1109	1109	1109	1109	1109	1109	1109	1109	1109	1109	1110	1110	1109	1109	1109	1109	1109	1109	1109	1108	1109	1108	1109	1109	1109	1109	1109	1109	1109	1109	1110	1109	1110	1109	1109	1110	1110	1109	1110	1110	1109	1109	1109	1109	1109	1110	1109	1109	1110	1109	1109	1110	1109	1109	1108	1109	1109	1109	1109	1109	1110	1109	1109	1109	1109	1109	1109	1109	1109	1109	1109	1109	1109	1109	1109	1109	1109	1109	1109	1109	1109	1109	1109	1109	1109	1109	1109	1109	1109	1109	1110	1110	1109	1109	1109	1109	1109	1109	1110	1108	1109	1108	1109	1109	1109	1109	1109	1109	1109	1110	1109	1109	1109	1109
2215	82461	1110	1110	1110	1110	1110	1110	1110	1110	1110	1110	1110	1110	1110	1110	1110	1110	1110	1110	1110	1110	1109	1110	1110	1110	1110	1109	1110	1110	1110	1110	1110	1110	1110	1110	1110	1109	1110	1109	1110	1109	1110	1110	1110	1110	1110	1109	1110	1110	1110	1110	1110	1109	1110	1109	1110	1110	1109	1110	1109	1110	1110	1110	1110	1110	1110	1110	1110	1110	1110	1110	1110	1110	1110	1110	1110	1110	1109	1110	1110	1110	1110	1110	1110	1110	1110	1110	1109	1110	1109	1110	1110	1109	1110	1109	1110	1109	1110	1109	1109	1109	1109	1110	1109	1109	1109	1109	1109	1109	1110	1109	1110	1109	1110	1110	1109	1109	1110	1109	1110	1110	1110	1109	1110	1110	1110	1109	1109	1110
2216	82953	1110	1110	1110	1110	1110	1110	1110	1110	1110	1110	1110	1110	1111	1111	1110	1110	1110	1111	1111	1110	1110	1111	1111	1110	1110	1111	1110	1111	1110	1110	1110	1110	1110	1110	1110	1110	1110	1110	1110	1110	1110	1110	1110	1110	1110	1110	1111	1110	1110	1110	1110	1110	1110	1111	1111	1110	1111	1110	1110	1111	1110	1111	1110	1110	1110	1110	1110	1110	1110	1110	1110	1110	1110	1110	1110	1110	1110	1109	1110	1110	1110	1109	1110	1110	1110	1110	1110	1110	1110	1110	1110	1110	1110	1110	1110	1110	1110	1110	1110	1110	1110	1110	1110	1109	1110	1110	1110	1110	1110	1110	1110	1110	1110	1110	1110	1110	1110	1110	1110	1110	1110	1111	1110	1110	1111	1111	1110	1110
2217	83446	1111	1110	1110	1110	1110	1110	1110	1110	1110	1111	1111	1110	1111	1110	1111	1111	1110	1110	1110	1111	1111	1110	1110	1111	1111	1111	1111	1111	1111	1111	1111	1111	1111	1111	1111	1111	1111	1111	1111	1111	1111	1111	1111	1110	1111	1111	1111	1110	1111	1111	1111	1111	1111	1111	1111	1111	1110	1111	1111	1111	1111	1110	1110	1111	1111	1110	1110	1111	1110	1111	1110	1110	1111	1110	1111	1111	1111	1111	1111	1111	1110	1111	1111	1111	1111	1111	1111	1110	1110	1111	1111	1111	1111	1111	1110	1111	1110	1111	1111	1111	1110	1111	1111	1111	1111	1111	1112	1111	1111	1111	1111	1111	1111	1111	1110	1111	1111	1111	1111	1111	1111	1111	1111	1111	1110	1111	1111	1111
2218	83938	1111	1111	1111	1111	1111	1111	1111	1111	1111	1112	1111	1112	1112	1112	1112	1112	1112	1111	1112	1111	1111	1112	1111	1111	1111	1111	1111	1111	1111	1112	1111	1111	1111	1111	1111	1111	1111	1111	1111	1111	1111	1111	1111	1112	1111	1112	1111	1111	1111	1111	1111	1111	1112	1111	1111	1111	1111	1111	1111	1111	1111	1111	1111	1111	1111	1111	1111	1111	1111	1111	1111	1111	1112	1112	1111	1112	1112	1112	1112	1111	1111	1111	1111	1111	1111	1111	1111	1111	1111	1111	1111	1111	1111	1111	1111	1110	1111	1111	1111	1110	1110	1111	1111	1111	1111	1111	1111	1111	1111	1111	1111	1111	1111	1111	1111	1111	1110	1111	1111	1111	1111	1111	1111	1111	1111	1111	1111	1111
2219	84430	1111	1112	1112	1111	1111	1112	1112	1112	1112	1112	1111	1111	1111	1111	1111	1111	1112	1111	1112	1111	1112	1111	1111	1111	1111	1111	1111	1111	1111	1111	1111	1112	1111	1111	1111	1111	1112	1112	1111	1112	1111	1112	1112	1111	1112	1112	1112	1112	1112	1112	1112	1112	1112	1112	1112	1111	1112	1112	1112	1112	1112	1112	1112	1112	1112	1112	1112	1112	1112	1112	1112	1112	1112	1112	1112	1112	1112	1112	1112	1112	1112	1111	1112	1112	1111	1112	1111	1112	1112	1112	1111	1112	1112	1112	1111	1112	1112	1112	1112	1112	1112	1112	1112	1112	1112	1111	1112	1112	1112	1112	1112	1112	1112	1112	1111	1112	1112	1112	1112	1112	1111	1112	1112	1111	1112	1111	1112	1112
2220	84923	1112	1112	1112	1112	1112	1112	1112	1112	1112	1112	1112	1112	1112	1112	1113	1112	1112	1112	1112	1112	1112	1111	1112	1112	1112	1112	1112	1113	1112	1112	1112	1112	1112	1112	1112	1112	1112	1112	1112	1112	1113	1112	1113	1112	1112	1112	1112	1112	1112	1112	1112	1112	1111	1112	1112	1112	1112	1112	1112	1112	1112	1112	1112	1112	1112	1111	1111	1111	1112	1112	1112	1112	1112	1112	1112	1111	1112	1112	1112	1112	1112	1112	1111	1112	1112	1112	1112	1112	1112	1112	1112	1112	1111	1112	1112	1112	1112	1112	1112	1112	1112	1112	1112	1112	1112	1112	1112	1112	1112	1112	1112	1112	1112	1113	1112	1112	1112	1112	1112	1112	1112	1112	1112	1112	1112	1112	1112	1112
2221	85415	1113	1113	1113	1113	1113	1112	1112	1113	1112	1113	1113	1113	1112	1113	1113	1113	1113	1113	1113	1113	1113	1113	1113	1113	1113	1113	1113	1113	1113	1113	1113	1113	1113	1113	1112	1112	1112	1112	1112	1112	1113	1113	1113	1112	1113	1113	1113	1112	1112	1113	1113	1113	1113	1113	1112	1113	1112	1112	1112	1113	1112	1112	1113	1112	1112	1112	1112	1112	1112	1112	1112	1112	1112	1113	1112	1112	1112	1112	1113	1112	1112	1113	1112	1113	1112	1112	1113	1112	1112	1113	1113	1113	1113	1112	1112	1113	1113	1112	1113	1112	1112	1113	1112	1113	1113	1113	1113	1113	1112	1112	1112	1112	1112	1112	1112	1112	1113	1113	1113	1113	1113	1112	1112	1112	1112	1113	1112	1113
2222	85907	1113	1113	1113	1113	1113	1112	1112	1112	1113	1112	1113	1113	1113	1113	1113	1113	1113	1113	1113	1113	1113	1113	1113	1113	1113	1113	1113	1113	1114	1114	1113	1113	1113	1113	1113	1114	1113	1113	1113	1113	1114	1113	1114	1113	1114	1114	1113	1114	1114	1114	1113	1113	1113	1113	1113	1113	1113	1113	1113	1113	1113	1113	1113	1113	1113	1113	1113	1113	1113	1113	1113	1113	1113	1114	1114	1113	1114	1114	1114	1113	1113	1114	1113	1113	1113	1114	1113	1114	1113	1114	1113	1113	1113	1113	1113	1113	1113	1113	1114	1113	1113	1113	1113	1113	1114	1113	1114	1114	1113	1113	1114	1113	1113	1113	1113	1114	1113	1113	1113	1113	1113	1114	1113	1113	1113	1113	1113	1113
2223	86400	1114	1114	1113	1113	1114	1114	1114	1114	1114	1113	1113	1113	1114	1113	1113	1114	1114	1114	1114	1113	1114	1113	1114	1113	1114	1114	1113	1114	1113	1113	1113	1114	1114	1113	1113	1114	1113	1114	1114	1114	1114	1113	1113	1114	1114	1114	1114	1114	1114	1114	1113	1114	1113	1114	1113	1114	1113	1114	1114	1113	1114	1114	1114	1113	1113	1114	1114	1114	1114	1114	1114	1114	1113	1113	1113	1114	1114	1114	1113	1114	1114	1114	1114	1114	1114	1114	1114	1113	1114	1114	1114	1114	1113	1114	1113	1113	1113	1113	1113	1113	1113	1114	1113	1113	1113	1113	1113	1114	1114	1113	1113	1113	1113	1113	1113	1113	1114	1113	1113	1113	1114	1113	1113	1113	1113	1113	1113	1114
2224	86892	1114	1114	1114	1114	1114	1114	1114	1113	1114	1114	1113	1114	1114	1114	1113	1114	1114	1114	1114	1115	1114	1113	1114	1114	1114	1114	1114	1114	1114	1114	1114	1114	1114	1114	1114	1115	1114	1114	1114	1114	1114	1114	1114	1115	1114	1114	1114	1114	1114	1114	1114	1114	1113	1114	1114	1114	1114	1114	1114	1114	1114	1114	1114	1114	1114	1114	1114	1114	1114	1113	1114	1114	1114	1114	1114	1114	1114	1114	1114	1113	1114	1114	1114	1114	1114	1114	1114	1114	1114	1114	1114	1113	1114	1114	1114	1115	1114	1114	1114	1113	1114	1114	1114	1114	1113	1114	1114	1114	1114	1114	1113	1114	1114	1114	1114	1114	1114	1114	1114	1114	1114	1114	1114	1114	1114	1114	1114	1114
2225	87384	1115	1115	1115	1114	1115	1114	1114	1115	1114	1115	1114	1115	1115	1115	1115	1114	1114	1114	1114	1115	1114	1114	1115	1114	1115	1115	1114	1115	1115	1115	1115	1114	1115	1114	1115	1115	1115	1115	1115	1115	1115	1115	1115	1115	1115	1115	1115	1115	1115	1115	1115	1115	1115	1115	1115	1115	1115	1115	1114	1114	1114	1114	1115	1114	1115	1114	1115	1114	1115	1114	1115	1114	1114	1115	1114	1114	1115	1114	1114	1114	1115	1114	1114	1114	1114	1114	1114	1114	1113	1114	1114	1114	1114	1114	1113	1114	1114	1114	1114	1114	1114	1114	1114	1114	1114	1114	1113	1114	1114	1114	1114	1114	1114	1114	1114	1114	1114	1114	1114	1114	1114	1114	1115	1114	1115	1115	1115	1115
2226	87876	1115	1115	1115	1115	1115	1115	1115	1115	1115	1116	1115	1116	1115	1115	1115	1115	1115	1115	1115	1115	1115	1115	1115	1116	1115	1115	1116	1115	1115	1115	1115	1115	1115	1115	1115	1115	1115	1114	1115	1114	1115	1114	1114	1114	1114	1114	1114	1114	1115	1114	1115	1115	1115	1115	1115	1115	1115	1115	1115	1115	1115	1114	1115	1115	1114	1115	1115	1115	1115	1115	1115	1115	1115	1115	1116	1115	1115	1115	1115	1115	1116	1115	1115	1115	1115	1115	1115	1115	1115	1115	1115	1115	1115	1115	1115	1115	1115	1115	1115	1114	1115	1115	1114	1115	1114	1115	1114	1114	1114	1115	1115	1114	1115	1115	1115	1115	1114	1115	1115	1114	1115	1115	1114	1115	1115	1114	1115	1114
2227	88369	1116	1116	1115	1115	1116	1115	1115	1116	1115	1116	1116	1116	1115	1116	1116	1116	1116	1116	1116	1116	1116	1116	1116	1115	1115	1116	1115	1115	1116	1116	1116	1116	1116	1116	1115	1115	1115	1115	1115	1115	1115	1115	1116	1115	1116	1116	1116	1116	1116	1116	1116	1116	1116	1116	1115	1116	1115	1116	1116	1116	1115	1116	1115	1115	1115	1116	1115	1115	1116	1116	1115	1115	1116	1116	1116	1116	1116	1116	1116	1116	1116	1115	1115	1115	1115	1115	1115	1115	1115	1115	1116	1116	1116	1115	1115	1115	1115	1116	1116	1116	1115	1115	1115	1115	1115	1116	1115	1115	1116	1116	1115	1116	1115	1116	1115	1116	1116	1116	1115	1115	1116	1116	1116	1116	1116	1116	1116	1116
2228	88861	1116	1117	1116	1116	1116	1116	1116	1116	1116	1116	1116	1116	1116	1115	1116	1116	1116	1116	1116	1116	1116	1116	1116	1116	1116	1116	1117	1116	1116	1116	1116	1116	1116	1116	1116	1116	1116	1115	1116	1116	1116	1116	1116	1116	1116	1116	1116	1116	1116	1116	1116	1116	1116	1116	1116	1116	1116	1116	1116	1116	1116	1116	1116	1116	1116	1117	1116	1116	1116	1116	1116	1116	1116	1116	1117	1116	1116	1116	1116	1116	1116	1116	1116	1116	1116	1116	1116	1116	1116	1116	1116	1116	1116	1116	1116	1116	1116	1116	1116	1116	1116	1116	1116	1116	1116	1116	1116	1116	1116	1116	1116	1116	1116	1116	1117	1117	1116	1116	1117	1116	1116	1116	1116	1116	1116	1116	1116	1116
2229	89353	1116	1116	1116	1116	1116	1116	1116	1116	1116	1116	1116	1116	1116	1116	1116	1116	1116	1116	1116	1116	1117	1116	1116	1116	1116	1116	1116	1116	1116	1117	1116	1117	1117	1117	1117	1117	1117	1116	1116	1117	1116	1116	1116	1117	1117	1116	1116	1116	1117	1117	1116	1116	1117	1116	1117	1116	1116	1117	1116	1117	1116	1117	1117	1117	1117	1116	1117	1117	1117	1117	1117	1117	1116	1117	1117	1117	1117	1116	1117	1117	1117	1117	1116	1117	1116	1116	1116	1116	1116	1116	1116	1116	1116	1116	1115	1116	1116	1116	1116	1116	1116	1117	1117	1117	1117	1117	1117	1117	1117	1116	1116	1117	1116	1117	1117	1116	1117	1117	1117	1117	1117	1117	1117	1117	1117	1117	1117	1116
2230	89846	1117	1117	1117	1117	1117	1117	1116	1117	1117	1117	1117	1117	1117	1117	1117	1117	1117	1117	1117	1118	1117	1117	1117	1117	1116	1116	1117	1117	1116	1117	1117	1117	1117	1117	1117	1117	1118	1118	1118	1118	1117	1117	1117	1117	1117	1117	1117	1118	1118	1117	1117	1118	1117	1118	1117	1117	1117	1117	1118	1117	1117	1117	1117	1117	1117	1117	1117	1117	1117	1116	1117	1117	1117	1117	1117	1118	1117	1117	1118	1117	1117	1117	1117	1117	1118	1116	1117	1117	1118	1117	1116	1117	1117	1117	1117	1117	1117	1117	1117	1117	1117	1117	1117	1117	1118	1118	1118	1117	1117	1117	1118	1117	1117	1117	1118	1117	1117	1117	1117	1117	1117	1116	1117	1117	1117	1117	1116	1117
2231	90338	1118	1117	1118	1118	1118	1118	1118	1117	1117	1117	1117	1117	1117	1117	1117	1118	1117	1117	1117	1117	1117	1117	1117	1117	1117	1117	1117	1118	1117	1117	1118	1117	1118	1117	1117	1118	1118	1117	1118	1118	1117	1118	1118	1118	1117	1118	1117	1118	1118	1118	1118	1118	1118	1118	1118	1118	1118	1118	1118	1118	1117	1118	1118	1117	1117	1117	1118	1117	1118	1117	1118	1118	1117	1117	1117	1118	1118	1118	1117	1117	1117	1117	1117	1117	1117	1117	1117	1117	1117	1117	1117	1118	1117	1118	1118	1118	1118	1118	1118	1117	1118	1118	1118	1118	1118	1118	1118	1118	1118	1117	1118	1117	1118	1118	1118	1118	1118	1118	1118	1117	1118	1117	1118	1118	1117	1118	1118	1117
2232	90830	1118	1118	1118	1118	1117	1118	1118	1118	1118	1118	1117	1117	1117	1118	1118	1118	1118	1118	1118	1118	1118	1118	1117	1118	1118	1117	1118	1118	1118	1118	1118	1118	1118	1119	1118	1118	1118	1118	1118	1118	1118	1118	1118	1118	1118	1118	1118	1118	1118	1118	1118	1118	1118	1118	1118	1118	1117	1117	1118	1118	1118	1118	1118	1118	1118	1119	1118	1118	1118	1118	1118	1118	1118	1119	1118	1118	1118	1117	1119	1117	1118	1118	1118	1118	1118	1117	1118	1118	1118	1118	1118	1119	1118	1118	1119	1118	1118	1119	1119	1118	1119	1118	1118	1119	1118	1118	1119	1118	1118	1118	1118	1118	1118	1118	1118	1118	1118	1119	1119	1119	1118	1119	1119	1119	1119	1119	1119	1119
2233	91323	1118	1118	1118	1118	1119	1118	1118	1118	1118	1118	1118	1118	1118	1118	1118	1119	1118	1119	1119	1118	1119	1119	1118	1119	1118	1119	1118	1119	1118	1118	1118	1118	1119	1118	1118	1118	1118	1118	1118	1118	1118	1119	1119	1118	1118	1119	1119	1119	1118	1119	1119	1118	1119	1119	1119	1118	1119	1119	1118	1119	1118	1119	1119	1118	1119	1119	1118	1118	1119	1119	1118	1119	1118	1119	1119	1119	1118	1119	1119	1118	1118	1118	1119	1119	1118	1119	1118	1118	1118	1119	1118	1118	1118	1119	1118	1118	1118	1118	1118	1118	1118	1118	1118	1118	1119	1118	1118	1119	1118	1119	1119	1118	1118	1118	1118	1119	1118	1118	1118	1118	1118	1118	1118	1119	1119	1118	1118	1119
2234	91815	1119	1119	1120	1119	1120	1120	1120	1120	1120	1120	1120	1119	1120	1119	1119	1120	1119	1119	1119	1119	1119	1118	1119	1119	1119	1118	1119	1119	1119	1119	1119	1119	1119	1119	1119	1119	1119	1119	1119	1119	1119	1119	1118	1119	1119	1119	1118	1119	1118	1119	1118	1118	1119	1119	1119	1119	1119	1119	1119	1119	1118	1118	1119	1119	1119	1119	1119	1119	1119	1119	1118	1118	1118	1119	1119	1118	1119	1118	1119	1119	1119	1119	1119	1120	1119	1119	1119	1119	1119	1119	1119	1119	1119	1119	1119	1119	1120	1119	1120	1119	1119	1120	1120	1120	1119	1119	1119	1119	1120	1119	1119	1119	1119	1120	1119	1119	1119	1119	1119	1119	1119	1119	1119	1119	1119	1119	1119	1119
2235	92307	1120	1119	1119	1119	1120	1119	1119	1120	1119	1120	1120	1119	1120	1119	1119	1120	1119	1119	1119	1120	1119	1119	1119	1119	1119	1119	1119	1119	1119	1119	1119	1120	1119	1119	1119	1120	1120	1119	1120	1120	1120	1120	1120	1119	1120	1119	1120	1120	1119	1120	1119	1119	1120	1120	1119	1120	1120	1119	1120	1120	1120	1120	1120	1119	1120	1119	1120	1120	1120	1120	1120	1120	1120	1120	1120	1120	1120	1120	1119	1120	1120	1120	1120	1120	1120	1119	1120	1120	1120	1120	1120	1120	1120	1120	1120	1120	1120	1120	1120	1120	1120	1121	1120	1120	1120	1120	1120	1120	1120	1120	1120	1120	1120	1120	1119	1120	1119	1120	1119	1119	1120	1119	1119	1119	1119	1120	1119	1119
2236	92800	1121	1120	1120	1120	1120	1120	1120	1120	1120	1120	1120	1120	1120	1120	1120	1120	1120	1120	1120	1120	1120	1120	1120	1120	1120	1120	1120	1120	1120	1120	1120	1120	1120	1120	1120	1120	1120	1120	1120	1119	1120	1120	1120	1120	1121	1120	1120	1120	1120	1120	1120	1120	1120	1120	1120	1120	1120	1120	1120	1120	1120	1120	1120	1120	1120	1120	1119	1120	1120	1120	1120	1120	1120	1120	1120	1120	1120	1120	1119	1120	1119	1120	1120	1120	1120	1119	1120	1120	1120	1119	1120	1119	1120	1120	1120	1120	1120	1120	1119	1119	1120	1120	1120	1120	1120	1120	1120	1120	1120	1120	1120	1120	1120	1120	1121	1120	1120	1120	1120	1120	1120	1120	1120	1120	1120	1120	1120	1120
2237	93292	1120	1121	1120	1120	1120	1120	1120	1120	1119	1120	1120	1120	1120	1120	1120	1120	1120	1120	1120	1120	1120	1120	1120	1121	1120	1120	1120	1120	1120	1120	1120	1120	1120	1120	1121	1120	1120	1121	1120	1120	1120	1120	1120	1120	1120	1120	1120	1120	1121	1120	1120	1121	1121	1121	1121	1120	1120	1121	1120	1121	1121	1121	1121	1120	1120	1120	1121	1121	1121	1121	1121	1120	1120	1120	1121	1121	1120	1120	1120	1120	1120	1121	1121	1121	1120	1121	1120	1120	1120	1121	1120	1120	1121	1121	1121	1121	1121	1121	1120	1120	1120	1120	1120	1121	1121	1120	1120	1121	1121	1120	1120	1120	1121	1121	1121	1120	1120	1120	1120	1121	1120	1120	1120	1120	1121	1120	1121	1120
2238	93784	1120	1120	1121	1120	1120	1120	1120	1120	1120	1121	1120	1121	1121	1120	1120	1120	1121	1120	1120	1120	1120	1121	1120	1120	1121	1121	1121	1121	1121	1121	1121	1121	1121	1121	1121	1121	1121	1121	1120	1120	1121	1121	1121	1121	1121	1121	1121	1121	1121	1121	1121	1121	1121	1121	1121	1121	1121	1121	1122	1121	1121	1121	1122	1121	1121	1121	1121	1121	1121	1121	1121	1121	1121	1121	1121	1122	1121	1121	1122	1121	1122	1122	1121	1122	1121	1122	1121	1121	1121	1121	1121	1121	1121	1122	1121	1121	1121	1121	1121	1121	1122	1121	1122	1121	1122	1121	1121	1121	1121	1121	1121	1121	1120	1121	1121	1121	1121	1121	1121	1121	1121	1120	1120	1121	1121	1120	1120	1120
2239	94276	1121	1121	1121	1120	1120	1121	1121	1121	1121	1121	1121	1121	1121	1121	1121	1121	1121	1121	1122	1121	1121	1121	1120	1121	1120	1121	1121	1121	1121	1121	1121	1122	1121	1122	1121	1121	1122	1122	1121	1121	1122	1122	1122	1121	1122	1121	1122	1122	1121	1121	1121	1121	1121	1121	1122	1121	1121	1122	1121	1121	1121	1122	1121	1121	1121	1121	1121	1122	1122	1121	1121	1121	1121	1121	1122	1121	1122	1122	1122	1121	1122	1121	1123	1122	1122	1121	1122	1122	1122	1121	1122	1121	1122	1121	1121	1121	1122	1121	1121	1121	1122	1121	1121	1122	1121	1122	1121	1121	1121	1122	1122	1121	1122	1122	1121	1121	1122	1121	1121	1121	1122	1122	1121	1121	1121	1122	1122	1121
2240	94769	1122	1122	1122	1121	1121	1122	1122	1122	1122	1122	1122	1122	1122	1122	1122	1122	1122	1122	1122	1122	1122	1122	1122	1122	1122	1122	1122	1121	1121	1122	1122	1122	1121	1121	1121	1121	1122	1122	1121	1122	1122	1121	1121	1122	1121	1121	1122	1121	1122	1121	1121	1122	1122	1121	1122	1122	1122	1121	1122	1122	1121	1121	1122	1121	1122	1121	1122	1122	1122	1122	1122	1122	1121	1122	1122	1122	1122	1122	1122	1122	1122	1122	1122	1122	1123	1122	1123	1123	1122	1122	1123	1122	1122	1123	1123	1123	1123	1122	1122	1122	1123	1122	1122	1122	1122	1122	1122	1122	1122	1122	1122	1122	1121	1122	1121	1122	1121	1122	1122	1122	1121	1121	1121	1121	1121	1121	1122	1121
2241	95261	1122	1122	1122	1122	1123	1122	1122	1122	1122	1123	1122	1123	1122	1122	1123	1122	1123	1122	1123	1123	1122	1123	1122	1122	1123	1123	1122	1122	1123	1122	1123	1122	1122	1122	1122	1122	1123	1123	1123	1123	1123	1122	1123	1123	1122	1122	1123	1123	1123	1123	1123	1122	1123	1123	1122	1123	1122	1122	1123	1123	1122	1122	1122	1122	1122	1123	1122	1122	1122	1122	1122	1122	1122	1122	1123	1122	1122	1122	1122	1122	1122	1122	1122	1122	1122	1123	1122	1122	1123	1122	1122	1123	1122	1122	1123	1122	1122	1122	1123	1122	1122	1122	1122	1122	1122	1122	1122	1122	1122	1122	1122	1123	1122	1123	1123	1123	1122	1123	1122	1122	1122	1122	1123	1122	1123	1122	1122	1123
2242	95753	1122	1122	1123	1123	1123	1123	1122	1123	1122	1123	1123	1123	1122	1122	1123	1123	1123	1123	1123	1123	1123	1122	1122	1122	1123	1123	1123	1123	1123	1123	1123	1123	1123	1123	1123	1123	1123	1123	1123	1123	1123	1123	1123	1123	1123	1123	1123	1123	1123	1123	1124	1123	1123	1123	1123	1123	1123	1123	1123	1123	1123	1123	1123	1123	1122	1122	1123	1123	1123	1122	1122	1123	1122	1123	1123	1122	1123	1123	1123	1123	1123	1123	1122	1123	1123	1122	1122	1122	1123	1122	1122	1122	1122	1123	1123	1123	1123	1122	1123	1123	1123	1123	1123	1123	1123	1123	1123	1123	1123	1123	1123	1123	1123	1123	1123	1123	1123	1123	1123	1123	1123	1123	1123	1123	1123	1123	1123	1123
2243	96246	1124	1124	1124	1124	1122	1123	1123	1123	1123	1123	1123	1123	1123	1124	1124	1123	1124	1123	1123	1124	1123	1123	1123	1123	1123	1123	1123	1123	1123	1123	1123	1123	1123	1123	1123	1123	1123	1122	1123	1123	1122	1123	1123	1123	1123	1123	1123	1123	1123	1123	1123	1123	1123	1123	1123	1123	1123	1123	1123	1123	1123	1123	1123	1123	1123	1124	1123	1123	1123	1123	1123	1123	1123	1123	1123	1123	1124	1124	1124	1124	1123	1123	1124	1123	1123	1123	1123	1123	1123	1124	1124	1124	1124	1124	1123	1123	1123	1123	1123	1124	1123	1123	1123	1123	1123	1123	1124	1123	1123	1123	1123	1123	1123	1124	1122	1123	1123	1123	1123	1123	1123	1123	1123	1123	1123	1123	1123	1123
2244	96738	1124	1124	1124	1124	1124	1124	1124	1124	1124	1125	1124	1124	1124	1124	1124	1124	1124	1124	1124	1124	1124	1124	1124	1124	1124	1124	1124	1124	1124	1124	1124	1124	1124	1124	1124	1124	1123	1124	1124	1123	1124	1123	1124	1124	1123	1124	1124	1124	1124	1124	1124	1124	1124	1124	1123	1124	1123	1123	1124	1123	1123	1124	1123	1123	1123	1123	1124	1124	1123	1124	1123	1123	1124	1123	1124	1123	1123	1124	1124	1123	1124	1123	1123	1124	1124	1123	1123	1123	1124	1123	1123	1123	1123	1123	1123	1124	1123	1124	1123	1123	1123	1123	1124	1123	1124	1123	1124	1124	1124	1124	1124	1124	1123	1123	1124	1124	1123	1124	1124	1124	1124	1124	1124	1124	1124	1124	1124	1124
2245	97230	1124	1124	1124	1124	1124	1124	1124	1125	1124	1124	1125	1124	1124	1124	1124	1124	1125	1124	1124	1124	1124	1124	1124	1125	1124	1124	1124	1124	1124	1124	1124	1124	1124	1124	1124	1125	1125	1125	1125	1124	1125	1125	1124	1125	1124	1125	1125	1125	1125	1124	1125	1124	1124	1125	1124	1124	1125	1124	1124	1125	1124	1124	1125	1125	1124	1125	1125	1125	1125	1125	1125	1124	1125	1125	1125	1125	1125	1125	1124	1125	1125	1124	1125	1125	1125	1125	1124	1125	1124	1124	1125	1124	1124	1124	1125	1124	1124	1124	1125	1125	1124	1124	1124	1124	1125	1124	1124	1125	1124	1124	1125	1125	1125	1125	1124	1125	1125	1125	1124	1125	1124	1125	1124	1124	1125	1125	1125	1125
2246	97723	1125	1125	1125	1125	1125	1124	1125	1125	1125	1125	1125	1125	1125	1125	1125	1125	1125	1124	1124	1125	1125	1124	1125	1124	1125	1125	1125	1125	1124	1125	1125	1124	1124	1125	1125	1124	1125	1125	1125	1125	1125	1125	1125	1125	1125	1125	1125	1125	1124	1125	1125	1125	1125	1125	1125	1125	1125	1125	1126	1125	1125	1125	1125	1125	1125	1125	1125	1125	1126	1125	1125	1125	1125	1125	1125	1125	1125	1125	1124	1125	1125	1125	1125	1124	1126	1124	1125	1125	1125	1125	1125	1125	1125	1124	1125	1125	1125	1125	1125	1125	1125	1125	1125	1125	1125	1125	1125	1124	1125	1124	1125	1125	1125	1125	1125	1124	1125	1125	1125	1125	1125	1124	1124	1125	1124	1125	1124	1124
2247	98215	1126	1126	1126	1125	1126	1126	1125	1126	1126	1126	1126	1125	1126	1126	1126	1126	1126	1126	1126	1126	1126	1126	1126	1125	1126	1125	1125	1125	1126	1125	1125	1125	1126	1126	1126	1126	1126	1126	1125	1127	1126	1126	1126	1126	1126	1126	1125	1126	1126	1126	1126	1126	1126	1125	1126	1125	1125	1125	1126	1125	1125	1126	1125	1126	1126	1126	1126	1126	1126	1126	1126	1126	1126	1125	1126	1125	1125	1126	1125	1126	1126	1126	1126	1126	1126	1125	1126	1125	1125	1125	1125	1125	1125	1125	1125	1126	1125	1126	1126	1125	1125	1125	1125	1125	1125	1126	1125	1125	1125	1125	1126	1125	1126	1126	1125	1125	1125	1125	1125	1125	1126	1125	1126	1127	1125	1126	1126	1125
2248	98707	1126	1126	1126	1126	1126	1126	1126	1126	1126	1126	1126	1126	1126	1126	1126	1127	1126	1126	1126	1126	1126	1126	1126	1126	1126	1126	1126	1126	1126	1126	1126	1126	1126	1126	1126	1126	1126	1126	1126	1126	1126	1126	1126	1126	1126	1126	1126	1126	1126	1126	1126	1126	1126	1126	1126	1126	1126	1126	1126	1126	1126	1126	1126	1126	1126	1126	1126	1126	1126	1126	1126	1126	1126	1126	1126	1126	1126	1126	1126	1126	1125	1125	1126	1126	1125	1126	1126	1125	1126	1126	1125	1126	1125	1126	1126	1125	1126	1126	1126	1126	1126	1126	1126	1126	1126	1125	1126	1125	1126	1126	1126	1125	1126	1126	1126	1126	1126	1126	1126	1126	1126	1127	1126	1126	1126	1126	1126	1126
2249	99200	1127	1127	1126	1126	1126	1126	1126	1126	1126	1126	1127	1127	1126	1126	1126	1127	1126	1126	1126	1126	1127	1127	1127	1127	1127	1127	1127	1127	1127	1127	1127	1127	1127	1127	1126	1127	1126	1126	1126	1127	1127	1126	1126	1126	1126	1126	1126	1127	1126	1127	1126	1126	1126	1127	1126	1127	1126	1127	1126	1126	1127	1126	1126	1126	1126	1126	1126	1126	1126	1126	1127	1126	1127	1126	1127	1126	1127	1127	1127	1126	1126	1127	1126	1126	1126	1126	1127	1126	1127	1127	1127	1126	1127	1126	1126	1126	1127	1126	1126	1127	1126	1126	1126	1127	1126	1127	1126	1126	1126	1126	1126	1126	1127	1126	1126	1126	1126	1127	1127	1126	1126	1126	1126	1126	1127	1127	1127	1126
2250	99692	1127	1127	1127	1127	1127	1127	1127	1127	1127	1127	1127	1126	1127	1127	1127	1127	1127	1127	1127	1127	1127	1127	1127	1127	1127	1127	1127	1127	1127	1127	1127	1126	1126	1126	1127	1126	1126	1126	1126	1127	1127	1127	1127	1127	1127	1127	1127	1127	1127	1127	1127	1127	1127	1127	1127	1127	1127	1126	1127	1127	1127	1127	1127	1126	1127	1127	1127	1127	1127	1127	1127	1127	1127	1127	1127	1127	1127	1127	1127	1127	1127	1127	1127	1127	1127	1127	1127	1126	1127	1127	1126	1127	1127	1127	1127	1126	1127	1127	1127	1127	1127	1127	1127	1127	1127	1127	1127	1127	1127	1127	1127	1127	1127	1127	1127	1127	1127	1127	1127	1127	1127	1128	1127	1128	1128	1127	1127	1128
2251	100184	1127	1128	1127	1127	1128	1127	1127	1127	1127	1128	1127	1128	1128	1127	1127	1128	1127	1127	1128	1128	1127	1127	1127	1127	1128	1128	1127	1127	1128	1127	1127	1128	1127	1127	1127	1128	1127	1127	1128	1127	1128	1128	1127	1127	1127	1127	1127	1127	1127	1127	1127	1127	1127	1127	1127	1127	1127	1127	1127	1128	1128	1127	1128	1128	1127	1127	1127	1127	1127	1127	1127	1127	1127	1127	1127	1128	1127	1128	1127	1127	1127	1127	1127	1127	1128	1127	1127	1127	1127	1127	1127	1127	1127	1127	1127	1127	1127	1128	1127	1127	1128	1128	1127	1127	1127	1127	1127	1127	1127	1127	1127	1127	1127	1127	1127	1127	1127	1128	1127	1127	1127	1127	1127	1127	1127	1127	1127	1127
2252	100676	1128	1128	1128	1127	1128	1128	1128	1128	1128	1128	1129	1128	1128	1128	1128	1128	1128	1128	1128	1128	1128	1128	1128	1128	1127	1128	1128	1128	1127	1128	1128	1128	1127	1128	1127	1128	1128	1128	1128	1128	1128	1128	1128	1128	1128	1128	1127	1128	1127	1128	1128	1128	1128	1128	1128	1127	1127	1128	1127	1127	1128	1128	1128	1128	1128	1128	1128	1128	1128	1128	1129	1128	1128	1128	1128	1128	1128	1129	1128	1128	1128	1128	1128	1128	1128	1128	1129	1129	1128	1127	1128	1128	1128	1128	1128	1128	1128	1128	1128	1128	1128	1128	1127	1128	1128	1128	1128	1128	1128	1127	1128	1128	1128	1128	1128	1128	1128	1128	1128	1128	1128	1127	1128	1127	1128	1128	1128	1128
2253	101169	1128	1128	1128	1128	1128	1128	1128	1128	1128	1128	1128	1128	1128	1128	1128	1128	1128	1129	1128	1128	1128	1128	1128	1128	1128	1128	1128	1128	1128	1128	1128	1129	1128	1128	1128	1129	1129	1129	1129	1128	1128	1129	1129	1129	1129	1129	1128	1128	1129	1129	1128	1128	1129	1128	1128	1128	1128	1129	1128	1129	1128	1128	1128	1129	1128	1128	1129	1128	1128	1128	1128	1128	1128	1128	1128	1128	1128	1128	1128	1128	1128	1129	1128	1129	1128	1129	1128	1129	1129	1129	1129	1129	1129	1128	1129	1129	1128	1129	1128	1128	1128	1129	1128	1129	1129	1129	1128	1129	1129	1129	1129	1129	1129	1129	1129	1129	1128	1129	1128	1129	1129	1128	1128	1128	1128	1128	1129	1129
2254	101661	1129	1128	1128	1129	1128	1128	1128	1128	1128	1128	1128	1128	1128	1129	1128	1129	1129	1128	1129	1128	1128	1128	1128	1128	1128	1129	1128	1128	1128	1128	1128	1128	1129	1129	1128	1129	1129	1128	1128	1128	1129	1129	1129	1128	1128	1129	1129	1128	1128	1128	1129	1129	1129	1128	1128	1128	1128	1129	1129	1129	1129	1129	1128	1128	1129	1129	1129	1129	1129	1128	1128	1129	1129	1128	1129	1128	1129	1128	1128	1129	1129	1129	1129	1128	1129	1128	1128	1128	1129	1128	1129	1129	1128	1128	1128	1128	1128	1128	1128	1128	1128	1128	1129	1128	1129	1129	1129	1128	1129	1129	1129	1129	1128	1129	1129	1128	1129	1128	1129	1129	1130	1129	1129	1129	1129	1129	1129	1129
2255	102153	1130	1130	1130	1129	1130	1130	1129	1129	1130	1129	1130	1129	1129	1129	1129	1130	1129	1129	1130	1130	1130	1129	1130	1129	1130	1130	1129	1129	1130	1129	1130	1129	1129	1130	1129	1129	1129	1130	1129	1129	1129	1129	1129	1130	1130	1129	1129	1129	1129	1129	1129	1129	1129	1129	1129	1129	1129	1129	1130	1129	1129	1129	1129	1129	1130	1129	1129	1130	1130	1130	1130	1129	1130	1129	1130	1129	1130	1129	1130	1130	1129	1129	1129	1130	1129	1129	1129	1129	1128	1129	1129	1129	1129	1130	1130	1130	1129	1129	1129	1129	1129	1129	1129	1129	1130	1129	1130	1129	1129	1130	1129	1129	1129	1130	1129	1130	1129	1129	1129	1130	1129	1129	1129	1129	1129	1129	1129	1129
2256	102646	1130	1130	1130	1130	1130	1130	1130	1130	1130	1130	1130	1131	1130	1130	1130	1130	1130	1130	1129	1130	1129	1130	1130	1130	1130	1130	1130	1130	1130	1130	1130	1130	1130	1130	1129	1129	1129	1129	1130	1130	1129	1130	1129	1130	1130	1129	1129	1129	1129	1129	1130	1129	1129	1130	1130	1128	1129	1130	1129	1131	1130	1130	1130	1130	1131	1130	1130	1130	1130	1129	1130	1130	1130	1130	1130	1130	1130	1130	1130	1130	1130	1130	1130	1130	1130	1130	1130	1130	1130	1129	1130	1130	1130	1129	1130	1130	1130	1129	1130	1129	1130	1130	1129	1130	1129	1130	1130	1129	1130	1129	1129	1130	1130	1129	1130	1129	1130	1130	1130	1130	1129	1129	1129	1130	1129	1129	1130	1129
2257	103138	1130	1130	1130	1130	1130	1130	1130	1130	1130	1130	1130	1129	1130	1129	1129	1130	1130	1130	1130	1130	1130	1130	1130	1130	1130	1131	1130	1130	1131	1130	1131	1130	1130	1131	1130	1131	1131	1131	1130	1130	1131	1130	1130	1130	1131	1131	1131	1130	1131	1130	1131	1130	1131	1130	1131	1131	1130	1130	1130	1130	1130	1130	1130	1130	1130	1131	1130	1130	1131	1130	1130	1129	1130	1130	1130	1130	1130	1130	1130	1130	1130	1130	1130	1130	1130	1130	1130	1130	1130	1130	1130	1130	1130	1131	1130	1131	1131	1130	1131	1130	1131	1130	1130	1130	1130	1131	1131	1131	1131	1130	1130	1131	1130	1130	1130	1130	1130	1130	1131	1130	1130	1131	1131	1131	1131	1131	1130	1130
2258	103630	1131	1131	1130	1131	1130	1130	1130	1130	1130	1130	1130	1130	1131	1130	1130	1131	1130	1131	1131	1130	1131	1131	1131	1131	1130	1130	1130	1130	1130	1130	1131	1130	1131	1130	1131	1130	1130	1131	1130	1131	1131	1130	1131	1130	1131	1130	1130	1130	1130	1130	1130	1130	1131	1131	1131	1130	1131	1130	1131	1131	1131	1130	1131	1131	1131	1131	1131	1131	1131	1131	1131	1131	1131	1131	1131	1131	1131	1131	1131	1131	1131	1131	1131	1130	1130	1131	1131	1130	1130	1131	1131	1131	1131	1131	1131	1130	1132	1131	1131	1132	1131	1131	1131	1131	1131	1131	1131	1131	1131	1131	1131	1131	1131	1130	1131	1131	1131	1131	1130	1131	1131	1131	1131	1132	1131	1131	1131	1131
2259	104123	1131	1132	1131	1131	1131	1131	1131	1131	1131	1131	1131	1131	1131	1131	1130	1131	1130	1131	1131	1131	1131	1131	1131	1131	1131	1131	1131	1131	1131	1131	1131	1131	1131	1131	1131	1131	1131	1131	1131	1131	1131	1131	1131	1131	1131	1131	1131	1131	1132	1131	1131	1131	1131	1131	1131	1131	1131	1131	1131	1131	1131	1131	1131	1131	1132	1131	1131	1131	1131	1131	1131	1131	1131	1131	1131	1131	1131	1131	1131	1132	1131	1131	1131	1132	1132	1132	1132	1132	1131	1132	1131	1131	1132	1131	1131	1131	1132	1131	1131	1131	1131	1131	1131	1131	1131	1131	1131	1131	1132	1131	1131	1131	1131	1131	1131	1131	1131	1131	1131	1131	1131	1131	1131	1131	1131	1131	1131	1132
2260	104615	1132	1132	1132	1132	1132	1132	1132	1132	1132	1132	1132	1132	1132	1132	1132	1132	1132	1132	1132	1132	1133	1132	1132	1132	1132	1132	1132	1132	1132	1132	1132	1132	1132	1132	1132	1132	1132	1132	1132	1132	1132	1132	1132	1132	1132	1132	1132	1132	1132	1132	1132	1132	1133	1132	1132	1132	1132	1133	1132	1132	1132	1132	1132	1132	1132	1133	1132	1132	1132	1132	1132	1132	1132	1132	1132	1132	1132	1132	1132	1132	1132	1132	1132	1132	1132	1132	1132	1132	1132	1132	1132	1132	1132	1132	1132	1131	1132	1132	1132	1132	1132	1132	1132	1132	1132	1132	1132	1132	1132	1132	1131	1132	1131	1131	1131	1132	1132	1132	1131	1132	1132	1132	1132	1132	1132	1132	1132	1132
2261	105107	1133	1133	1132	1133	1133	1133	1133	1132	1133	1132	1132	1132	1132	1133	1132	1133	1133	1132	1132	1133	1133	1132	1132	1132	1133	1133	1132	1132	1133	1132	1133	1132	1132	1132	1132	1132	1132	1131	1132	1132	1132	1132	1132	1132	1131	1131	1132	1132	1132	1132	1132	1132	1131	1132	1132	1132	1132	1132	1132	1132	1132	1131	1132	1131	1132	1132	1132	1132	1132	1132	1132	1132	1133	1132	1132	1132	1132	1132	1132	1132	1132	1133	1132	1132	1133	1132	1133	1132	1132	1133	1132	1132	1133	1133	1133	1132	1133	1132	1133	1132	1132	1132	1132	1133	1133	1132	1132	1132	1132	1132	1132	1132	1132	1132	1132	1132	1132	1132	1132	1132	1132	1132	1132	1132	1132	1132	1133	1133
2262	105600	1133	1133	1133	1133	1132	1133	1133	1133	1133	1133	1133	1133	1133	1134	1133	1133	1134	1133	1133	1133	1132	1133	1133	1133	1132	1133	1133	1132	1133	1133	1132	1132	1132	1132	1132	1132	1132	1132	1132	1132	1132	1132	1132	1132	1133	1132	1132	1133	1132	1132	1132	1133	1133	1133	1132	1133	1132	1132	1133	1132	1133	1132	1133	1133	1133	1133	1133	1133	1133	1133	1134	1132	1133	1133	1133	1133	1132	1133	1133	1133	1132	1132	1133	1133	1133	1133	1133	1133	1133	1132	1132	1133	1133	1132	1133	1133	1133	1133	1133	1133	1132	1133	1133	1133	1133	1133	1133	1132	1133	1133	1132	1133	1133	1133	1133	1132	1133	1133	1132	1133	1133	1133	1133	1133	1133	1133	1133	1133
2263	106092	1134	1133	1133	1134	1133	1134	1133	1133	1133	1133	1133	1134	1133	1133	1133	1133	1133	1134	1133	1133	1134	1133	1134	1133	1134	1133	1133	1133	1133	1133	1133	1133	1133	1133	1133	1133	1134	1134	1133	1134	1133	1133	1134	1133	1134	1134	1134	1134	1133	1133	1133	1133	1133	1133	1133	1133	1133	1134	1133	1133	1133	1133	1133	1133	1134	1133	1133	1133	1133	1133	1133	1134	1133	1132	1133	1133	1133	1133	1133	1132	1133	1133	1133	1133	1133	1133	1133	1133	1133	1133	1133	1133	1133	1133	1133	1133	1133	1133	1133	1133	1133	1133	1133	1133	1133	1133	1133	1132	1132	1133	1132	1133	1132	1133	1133	1133	1133	1133	1133	1133	1133	1133	1133	1133	1133	1134	1133	1133
2264	106584	1134	1134	1134	1134	1134	1134	1134	1134	1134	1134	1134	1135	1134	1134	1134	1134	1134	1133	1134	1134	1134	1134	1133	1134	1134	1134	1134	1134	1134	1134	1134	1134	1133	1133	1134	1134	1134	1134	1133	1134	1134	1134	1134	1133	1134	1133	1134	1134	1133	1134	1133	1134	1134	1134	1134	1134	1134	1134	1134	1134	1134	1134	1134	1134	1134	1134	1134	1133	1134	1133	1134	1134	1133	1134	1133	1134	1133	1134	1134	1133	1134	1134	1134	1134	1134	1134	1133	1134	1134	1133	1134	1134	1134	1133	1134	1134	1133	1134	1134	1134	1133	1134	1134	1134	1133	1134	1134	1134	1134	1134	1134	1134	1134	1134	1134	1134	1134	1134	1134	1134	1134	1134	1133	1134	1134	1134	1134	1134
2265	107076	1135	1134	1135	1135	1135	1135	1134	1135	1135	1135	1135	1135	1135	1135	1135	1135	1135	1136	1135	1135	1135	1135	1135	1135	1135	1135	1135	1135	1135	1135	1135	1134	1135	1134	1135	1134	1135	1134	1135	1134	1134	1134	1134	1134	1134	1134	1134	1134	1134	1134	1134	1134	1134	1134	1134	1134	1134	1134	1134	1134	1134	1134	1134	1134	1134	1134	1134	1134	1135	1134	1134	1134	1134	1134	1134	1134	1134	1134	1135	1134	1134	1134	1134	1134	1134	1134	1133	1135	1134	1134	1134	1134	1134	1134	1134	1134	1134	1134	1134	1134	1135	1134	1134	1134	1134	1134	1134	1134	1134	1134	1134	1134	1135	1134	1134	1135	1134	1134	1134	1134	1134	1134	1134	1134	1134	1134	1134	1134
2266	107569	1135	1135	1135	1135	1135	1135	1135	1135	1135	1135	1134	1135	1135	1134	1134	1135	1135	1134	1135	1135	1134	1135	1135	1134	1135	1135	1135	1135	1134	1134	1135	1135	1134	1135	1135	1135	1135	1134	1135	1134	1134	1135	1135	1134	1134	1135	1135	1136	1135	1134	1135	1135	1134	1135	1135	1135	1135	1135	1135	1135	1135	1135	1134	1135	1134	1135	1135	1135	1135	1135	1135	1134	1134	1135	1135	1135	1134	1135	1135	1134	1134	1135	1134	1134	1134	1133	1134	1134	1135	1134	1134	1134	1134	1134	1134	1135	1134	1135	1135	1135	1134	1134	1135	1134	1135	1135	1134	1134	1134	1134	1134	1134	1134	1134	1134	1135	1134	1134	1135	1135	1135	1134	1135	1135	1134	1135	1134	1134
2267	108061	1136	1136	1136	1136	1135	1136	1136	1135	1136	1136	1136	1136	1135	1136	1135	1136	1136	1135	1135	1135	1135	1135	1135	1135	1136	1135	1136	1135	1134	1135	1136	1135	1136	1136	1135	1135	1135	1136	1136	1136	1135	1135	1135	1135	1135	1135	1135	1135	1136	1136	1135	1136	1136	1135	1135	1136	1136	1136	1136	1136	1136	1135	1136	1135	1135	1136	1135	1135	1135	1135	1135	1135	1136	1135	1135	1136	1135	1136	1136	1136	1136	1136	1135	1136	1136	1136	1136	1135	1136	1135	1136	1135	1136	1135	1136	1135	1136	1135	1136	1135	1136	1136	1135	1136	1135	1135	1136	1135	1136	1135	1135	1136	1135	1135	1136	1135	1135	1135	1135	1135	1135	1135	1135	1135	1135	1135	1135	1135
2268	108553	1136	1135	1136	1137	1135	1136	1136	1136	1136	1136	1135	1136	1135	1136	1136	1136	1136	1136	1136	1136	1136	1136	1136	1135	1136	1136	1135	1135	1136	1135	1135	1135	1135	1135	1135	1135	1135	1135	1135	1135	1136	1136	1135	1135	1135	1136	1135	1135	1136	1136	1136	1136	1135	1136	1135	1136	1136	1135	1135	1136	1136	1136	1135	1136	1136	1135	1136	1136	1136	1136	1135	1136	1136	1136	1136	1136	1135	1135	1136	1136	1136	1136	1136	1135	1136	1136	1136	1136	1136	1136	1136	1136	1136	1135	1136	1136	1136	1136	1136	1136	1136	1136	1136	1135	1135	1136	1136	1136	1135	1136	1135	1135	1136	1136	1136	1136	1135	1136	1136	1136	1136	1136	1136	1136	1136	1136	1136	1135
2269	109046	1137	1136	1137	1136	1136	1136	1136	1136	1136	1136	1136	1136	1136	1136	1136	1136	1136	1137	1136	1136	1136	1136	1136	1137	1136	1136	1136	1136	1137	1137	1136	1136	1137	1136	1136	1136	1136	1136	1136	1136	1136	1136	1136	1136	1136	1136	1136	1136	1137	1136	1136	1136	1137	1137	1137	1137	1137	1137	1137	1137	1137	1136	1136	1136	1136	1137	1136	1136	1136	1135	1137	1136	1137	1136	1136	1136	1136	1136	1136	1136	1136	1136	1136	1136	1136	1136	1136	1136	1136	1136	1136	1136	1137	1137	1136	1136	1136	1136	1136	1136	1136	1136	1136	1136	1136	1136	1135	1136	1136	1136	1136	1136	1136	1136	1136	1136	1136	1136	1136	1136	1136	1136	1136	1136	1137	1136	1136	1136
2270	109538	1136	1136	1137	1136	1137	1136	1136	1137	1137	1137	1136	1137	1137	1136	1136	1136	1137	1136	1137	1137	1137	1137	1136	1136	1137	1136	1137	1136	1136	1137	1137	1136	1136	1136	1136	1136	1137	1136	1137	1137	1137	1137	1138	1137	1137	1137	1137	1136	1137	1137	1137	1137	1137	1137	1137	1137	1136	1137	1137	1137	1137	1136	1137	1137	1137	1137	1137	1136	1136	1137	1137	1137	1136	1136	1136	1137	1136	1136	1136	1137	1137	1137	1137	1136	1136	1137	1136	1136	1136	1136	1136	1136	1137	1136	1136	1136	1136	1137	1136	1137	1137	1136	1136	1137	1137	1136	1137	1137	1137	1136	1136	1137	1136	1137	1137	1137	1137	1137	1137	1137	1136	1137	1136	1137	1137	1136	1137	1137
2271	110030	1137	1137	1137	1137	1137	1137	1138	1137	1137	1137	1137	1138	1137	1137	1137	1137	1138	1138	1137	1137	1138	1137	1138	1138	1137	1138	1138	1137	1137	1137	1138	1137	1138	1138	1138	1138	1137	1137	1137	1137	1137	1137	1137	1138	1137	1138	1138	1137	1137	1137	1137	1138	1137	1138	1138	1137	1137	1137	1137	1138	1137	1137	1137	1137	1137	1137	1137	1137	1137	1138	1137	1137	1137	1137	1138	1138	1137	1137	1137	1137	1137	1137	1137	1138	1137	1137	1137	1137	1137	1137	1137	1137	1137	1137	1137	1137	1137	1137	1137	1137	1137	1137	1136	1137	1137	1137	1137	1137	1137	1136	1137	1137	1137	1137	1137	1137	1136	1137	1137	1136	1137	1137	1137	1136	1137	1137	1137	1137
2272	110523	1138	1138	1137	1138	1137	1137	1137	1137	1138	1137	1137	1138	1137	1138	1137	1137	1138	1137	1137	1137	1137	1138	1137	1137	1137	1138	1137	1137	1137	1137	1138	1137	1137	1137	1138	1138	1138	1138	1137	1137	1138	1138	1137	1137	1137	1137	1137	1138	1137	1137	1138	1138	1138	1137	1138	1139	1138	1138	1138	1138	1138	1137	1138	1138	1138	1138	1138	1138	1138	1138	1138	1137	1137	1137	1137	1138	1137	1137	1138	1137	1137	1138	1137	1138	1137	1138	1138	1138	1138	1138	1138	1138	1138	1138	1137	1138	1137	1138	1138	1138	1137	1138	1138	1138	1138	1138	1138	1138	1138	1138	1138	1138	1138	1138	1138	1138	1138	1138	1138	1138	1137	1138	1138	1137	1138	1138	1137	1138
2273	111015	1138	1138	1138	1138	1138	1138	1138	1138	1138	1138	1138	1138	1139	1138	1139	1137	1138	1138	1138	1139	1138	1138	1138	1138	1138	1138	1139	1138	1138	1138	1139	1138	1138	1138	1138	1138	1138	1138	1138	1138	1137	1138	1138	1138	1138	1138	1138	1138	1138	1138	1138	1137	1137	1138	1138	1138	1137	1138	1138	1138	1138	1138	1138	1138	1138	1138	1138	1138	1138	1138	1138	1139	1138	1138	1138	1139	1138	1139	1138	1138	1138	1138	1139	1138	1138	1139	1138	1138	1138	1138	1139	1139	1139	1138	1139	1139	1139	1139	1139	1138	1139	1139	1139	1138	1139	1139	1138	1139	1138	1138	1139	1139	1138	1138	1138	1139	1138	1139	1139	1139	1139	1139	1139	1138	1138	1138	1138	1138
2274	111507	1139	1139	1139	1138	1139	1139	1139	1139	1139	1139	1139	1139	1139	1138	1138	1138	1138	1138	1138	1139	1139	1139	1139	1139	1139	1139	1139	1139	1139	1139	1138	1139	1138	1138	1138	1139	1139	1139	1138	1138	1139	1139	1138	1139	1138	1139	1139	1139	1139	1139	1139	1139	1139	1140	1138	1138	1139	1139	1139	1139	1139	1139	1139	1139	1138	1139	1139	1139	1138	1139	1139	1139	1139	1138	1139	1139	1139	1139	1139	1139	1139	1139	1139	1139	1139	1139	1139	1139	1138	1139	1139	1139	1139	1139	1139	1138	1139	1139	1139	1139	1139	1138	1139	1139	1139	1139	1139	1139	1139	1139	1139	1139	1139	1139	1139	1138	1138	1139	1138	1140	1138	1138	1139	1138	1139	1138	1138	1139
2275	112000	1139	1139	1139	1139	1139	1139	1139	1139	1139	1139	1139	1139	1139	1139	1138	1139	1139	1138	1139	1139	1139	1139	1139	1138	1139	1139	1139	1139	1138	1139	1138	1138	1139	1139	1139	1139	1139	1139	1139	1139	1139	1139	1139	1139	1139	1140	1139	1139	1140	1139	1139	1139	1139	1140	1139	1139	1139	1139	1139	1139	1139	1139	1139	1139	1139	1139	1139	1139	1139	1139	1139	1139	1139	1139	1139	1138	1139	1139	1139	1138	1139	1139	1138	1139	1139	1138	1139	1139	1139	1138	1139	1139	1139	1138	1139	1139	1139	1139	1139	1139	1139	1139	1139	1139	1139	1139	1139	1139	1139	1139	1139	1140	1140	1139	1140	1139	1140	1140	1139	1139	1139	1140	1139	1139	1140	1140	1139	1140
2276	112492	1139	1139	1140	1140	1140	1139	1140	1140	1140	1140	1140	1140	1139	1140	1140	1140	1140	1140	1140	1140	1140	1140	1140	1140	1140	1140	1140	1140	1140	1140	1140	1140	1140	1140	1140	1140	1140	1140	1140	1139	1140	1140	1140	1140	1140	1140	1140	1140	1140	1140	1140	1140	1140	1140	1140	1140	1140	1140	1140	1140	1140	1140	1140	1140	1140	1140	1140	1140	1140	1140	1140	1140	1141	1140	1140	1139	1140	1139	1140	1140	1140	1139	1140	1139	1139	1139	1140	1140	1139	1139	1140	1139	1140	1139	1139	1140	1140	1139	1139	1139	1140	1139	1139	1139	1139	1139	1139	1139	1139	1139	1139	1139	1139	1139	1139	1139	1139	1139	1140	1140	1139	1140	1139	1139	1140	1139	1140	1139
2277	112984	1140	1140	1140	1140	1140	1140	1140	1141	1140	1140	1140	1140	1141	1140	1141	1141	1141	1141	1141	1141	1141	1141	1141	1141	1141	1141	1140	1141	1140	1141	1140	1140	1140	1140	1140	1140	1140	1140	1140	1141	1140	1140	1140	1140	1140	1140	1140	1140	1140	1139	1140	1140	1139	1140	1140	1139	1140	1140	1140	1140	1139	1140	1140	1140	1140	1140	1140	1140	1139	1140	1140	1140	1140	1140	1140	1140	1140	1140	1140	1140	1139	1140	1140	1140	1140	1140	1140	1140	1140	1140	1140	1140	1140	1140	1140	1140	1141	1140	1140	1140	1140	1140	1140	1141	1140	1140	1139	1140	1140	1140	1141	1140	1140	1141	1140	1141	1141	1140	1141	1141	1140	1140	1140	1140	1140	1140	1140	1140
2278	113476	1141	1141	1141	1140	1140	1140	1140	1141	1141	1141	1141	1141	1141	1140	1140	1141	1140	1141	1141	1141	1140	1141	1141	1140	1140	1141	1140	1141	1140	1141	1141	1141	1141	1141	1140	1141	1141	1141	1140	1141	1141	1141	1141	1140	1141	1141	1140	1141	1141	1141	1140	1140	1140	1141	1141	1141	1141	1141	1140	1141	1141	1141	1141	1141	1141	1140	1141	1140	1141	1141	1141	1140	1140	1140	1140	1141	1140	1140	1140	1141	1141	1140	1140	1140	1140	1141	1140	1140	1140	1140	1141	1140	1140	1140	1140	1141	1140	1140	1141	1140	1140	1141	1140	1141	1141	1141	1140	1141	1141	1141	1141	1140	1141	1141	1140	1141	1140	1140	1140	1140	1140	1140	1140	1141	1141	1141	1141	1141
2279	113969	1141	1141	1141	1142	1142	1142	1141	1142	1142	1141	1141	1141	1141	1141	1141	1142	1141	1141	1141	1141	1141	1140	1141	1141	1141	1141	1141	1141	1141	1141	1141	1141	1141	1141	1141	1141	1141	1141	1141	1141	1141	1141	1141	1141	1141	1141	1141	1141	1141	1141	1141	1141	1141	1141	1141	1141	1142	1141	1141	1140	1141	1142	1141	1141	1141	1141	1141	1141	1141	1141	1141	1141	1142	1141	1142	1141	1141	1142	1141	1141	1141	1141	1142	1141	1141	1141	1141	1141	1141	1141	1141	1141	1141	1141	1141	1141	1141	1141	1142	1141	1141	1141	1141	1141	1142	1141	1141	1141	1141	1141	1141	1141	1141	1142	1141	1141	1141	1141	1141	1142	1142	1141	1141	1142	1141	1141	1141	1142
2280	114461	1141	1142	1142	1142	1142	1141	1142	1142	1142	1141	1142	1142	1142	1142	1142	1142	1142	1142	1142	1142	1142	1142	1141	1142	1142	1141	1142	1142	1142	1141	1142	1142	1141	1141	1141	1142	1141	1141	1141	1141	1141	1142	1140	1140	1141	1142	1141	1141	1141	1141	1141	1141	1141	1141	1141	1141	1141	1141	1141	1141	1141	1142	1142	1141	1141	1142	1142	1142	1142	1142	1142	1142	1143	1141	1143	1142	1142	1142	1142	1142	1143	1142	1142	1142	1142	1142	1142	1142	1141	1142	1141	1142	1142	1142	1142	1142	1142	1142	1142	1142	1141	1141	1142	1141	1141	1141	1142	1141	1142	1142	1142	1142	1142	1142	1142	1141	1142	1142	1142	1142	1142	1142	1141	1142	1142	1142	1142	1141
2281	114953	1141	1142	1141	1142	1141	1142	1142	1142	1142	1142	1142	1142	1142	1142	1142	1142	1142	1142	1142	1142	1142	1142	1142	1142	1142	1142	1142	1142	1142	1142	1142	1142	1142	1142	1142	1142	1142	1143	1142	1142	1142	1142	1142	1142	1142	1142	1142	1142	1142	1142	1142	1142	1142	1142	1142	1142	1142	1142	1142	1142	1142	1142	1142	1142	1142	1142	1143	1142	1142	1142	1142	1143	1143	1142	1142	1143	1143	1143	1142	1143	1143	1143	1143	1143	1143	1143	1143	1142	1143	1142	1143	1142	1143	1142	1142	1142	1142	1142	1142	1142	1143	1143	1142	1142	1142	1143	1142	1142	1142	1142	1142	1143	1142	1142	1142	1142	1142	1142	1142	1142	1142	1142	1142	1142	1142	1142	1142	1142
2282	115446	1142	1143	1142	1142	1142	1142	1143	1142	1142	1142	1142	1142	1142	1143	1143	1143	1142	1142	1143	1143	1142	1142	1142	1143	1142	1143	1142	1142	1143	1142	1143	1143	1143	1143	1143	1143	1142	1143	1143	1142	1143	1142	1143	1143	1142	1143	1143	1143	1142	1143	1144	1143	1143	1143	1143	1143	1142	1143	1143	1143	1143	1143	1143	1142	1143	1143	1142	1143	1143	1143	1142	1142	1142	1142	1143	1143	1142	1142	1142	1142	1143	1143	1142	1142	1143	1143	1143	1143	1143	1143	1143	1143	1143	1143	1143	1143	1143	1143	1143	1143	1143	1143	1143	1143	1143	1143	1143	1143	1144	1143	1143	1143	1143	1143	1143	1143	1143	1143	1143	1143	1143	1143	1143	1143	1143	1143	1143	1143
2283	115938	1143	1143	1143	1143	1143	1143	1144	1143	1143	1144	1143	1143	1144	1143	1143	1143	1144	1143	1144	1143	1143	1143	1143	1143	1143	1143	1143	1143	1143	1144	1143	1143	1143	1143	1143	1143	1143	1144	1143	1143	1143	1143	1143	1143	1143	1143	1143	1143	1143	1143	1143	1143	1143	1143	1143	1142	1143	1143	1143	1143	1143	1143	1143	1143	1143	1143	1144	1143	1143	1143	1143	1143	1143	1144	1143	1143	1143	1144	1143	1143	1143	1143	1143	1143	1143	1143	1143	1143	1143	1143	1143	1143	1143	1143	1143	1143	1143	1143	1143	1143	1143	1143	1143	1143	1143	1143	1143	1143	1143	1143	1143	1143	1143	1143	1143	1143	1143	1143	1143	1143	1143	1143	1143	1143	1143	1143	1143	1143
2284	116430	1144	1143	1143	1144	1143	1143	1143	1144	1143	1144	1143	1143	1144	1144	1143	1143	1144	1144	1144	1144	1144	1144	1144	1144	1144	1144	1144	1144	1144	1144	1144	1144	1144	1144	1144	1143	1144	1144	1144	1144	1144	1144	1143	1144	1144	1144	1143	1143	1144	1143	1144	1144	1143	1143	1144	1144	1144	1144	1144	1144	1144	1142	1144	1144	1144	1144	1144	1143	1144	1144	1143	1143	1143	1143	1143	1144	1143	1143	1144	1143	1144	1144	1144	1143	1143	1143	1144	1143	1143	1144	1143	1143	1143	1144	1144	1144	1143	1143	1144	1143	1143	1144	1143	1144	1144	1143	1143	1143	1143	1144	1143	1143	1143	1143	1143	1143	1143	1143	1143	1143	1143	1143	1143	1143	1143	1143	1143	1144
2285	116923	1144	1144	1144	1144	1144	1144	1144	1144	1144	1144	1144	1144	1144	1144	1145	1144	1144	1144	1144	1145	1145	1144	1144	1144	1144	1144	1144	1144	1144	1144	1143	1144	1144	1144	1143	1143	1144	1143	1144	1144	1144	1144	1144	1144	1144	1144	1144	1144	1144	1144	1144	1144	1144	1144	1144	1144	1144	1144	1144	1144	1144	1144	1144	1144	1145	1144	1144	1144	1144	1144	1144	1144	1144	1144	1144	1143	1144	1144	1144	1144	1144	1144	1144	1144	1144	1144	1144	1143	1144	1144	1144	1144	1144	1144	1144	1144	1144	1144	1144	1144	1144	1145	1144	1144	1144	1144	1145	1144	1144	1144	1144	1144	1144	1144	1144	1144	1144	1145	1144	1144	1144	1144	1144	1144	1144	1143	1144	1144
2286	117415	1145	1144	1145	1145	1144	1145	1145	1145	1145	1145	1145	1145	1145	1145	1145	1145	1145	1144	1144	1144	1145	1145	1144	1144	1145	1144	1144	1144	1144	1145	1144	1145	1144	1144	1145	1144	1144	1144	1145	1145	1144	1145	1144	1145	1145	1145	1145	1144	1145	1145	1144	1145	1144	1144	1145	1145	1145	1144	1145	1144	1145	1145	1145	1145	1144	1144	1144	1144	1145	1144	1145	1144	1144	1144	1144	1144	1144	1145	1145	1145	1144	1144	1145	1144	1145	1144	1144	1144	1144	1145	1144	1144	1144	1145	1145	1144	1145	1144	1144	1144	1145	1144	1144	1145	1144	1144	1144	1144	1145	1145	1144	1145	1144	1145	1145	1145	1145	1145	1145	1145	1145	1145	1145	1145	1145	1145	1144	1144
2287	117907	1144	1145	1145	1145	1145	1145	1145	1145	1145	1145	1145	1145	1145	1146	1145	1145	1145	1146	1146	1146	1145	1145	1145	1145	1146	1145	1145	1145	1145	1145	1146	1146	1145	1145	1145	1145	1145	1145	1145	1145	1145	1146	1145	1145	1145	1145	1145	1145	1145	1145	1145	1145	1145	1144	1144	1145	1144	1145	1145	1144	1145	1144	1145	1145	1145	1145	1144	1145	1145	1144	1145	1144	1145	1144	1145	1145	1145	1144	1144	1145	1145	1145	1145	1144	1144	1144	1144	1145	1145	1145	1145	1145	1145	1145	1145	1145	1145	1145	1145	1145	1145	1145	1145	1145	1145	1145	1145	1146	1145	1145	1145	1145	1145	1145	1145	1145	1145	1145	1145	1146	1145	1145	1145	1145	1145	1145	1145	1145
2288	118400	1145	1145	1145	1145	1145	1145	1146	1145	1145	1145	1146	1145	1146	1146	1145	1145	1145	1146	1145	1145	1145	1145	1145	1145	1145	1145	1145	1145	1146	1145	1145	1145	1145	1145	1145	1145	1146	1145	1145	1146	1145	1145	1145	1146	1146	1145	1145	1145	1146	1145	1145	1146	1145	1145	1146	1145	1146	1145	1145	1146	1146	1146	1145	1145	1146	1146	1145	1145	1145	1145	1145	1145	1145	1146	1145	1145	1145	1145	1145	1145	1145	1145	1146	1146	1146	1146	1145	1145	1145	1145	1146	1145	1145	1146	1145	1146	1145	1145	1146	1145	1146	1145	1146	1146	1146	1145	1145	1146	1145	1146	1146	1145	1145	1146	1145	1146	1146	1145	1146	1146	1146	1146	1146	1146	1146	1145	1146	1146
2289	118892	1146	1146	1147	1146	1146	1146	1146	1146	1146	1146	1146	1146	1146	1146	1146	1145	1145	1146	1145	1146	1146	1146	1146	1146	1146	1146	1146	1146	1146	1147	1146	1146	1146	1146	1146	1146	1146	1146	1146	1146	1146	1146	1146	1147	1146	1146	1147	1145	1146	1146	1146	1145	1146	1146	1146	1145	1146	1145	1146	1145	1145	1146	1146	1146	1145	1146	1146	1145	1146	1145	1145	1146	1146	1146	1146	1146	1146	1146	1146	1147	1146	1146	1146	1146	1147	1146	1146	1146	1146	1146	1146	1146	1146	1146	1146	1146	1146	1145	1146	1145	1146	1146	1146	1146	1146	1146	1146	1146	1146	1146	1146	1146	1146	1146	1146	1146	1146	1146	1146	1146	1146	1146	1146	1147	1146	1146	1146	1146
2290	119384	1147	1147	1146	1147	1146	1147	1147	1147	1146	1147	1147	1147	1147	1147	1147	1147	1146	1147	1146	1147	1147	1147	1147	1146	1147	1146	1147	1147	1146	1147	1146	1147	1146	1146	1147	1146	1147	1146	1147	1147	1147	1147	1147	1146	1147	1147	1146	1146	1146	1146	1147	1146	1146	1147	1146	1146	1146	1147	1147	1146	1147	1147	1147	1147	1146	1146	1147	1147	1147	1147	1146	1146	1146	1146	1146	1146	1146	1146	1147	1146	1147	1147	1147	1147	1147	1146	1146	1146	1147	1147	1146	1146	1146	1147	1146	1147	1147	1147	1147	1147	1146	1147	1147	1147	1147	1147	1146	1147	1147	1147	1146	1147	1147	1147	1146	1147	1147	1147	1147	1147	1147	1147	1147	1147	1147	1147	1147	1147
2291	119876	1147	1147	1147	1148	1147	1146	1147	1147	1147	1147	1147	1147	1147	1147	1147	1147	1147	1147	1146	1146	1148	1147	1147	1147	1147	1147	1147	1147	1147	1147	1147	1146	1147	1147	1147	1147	1147	1147	1147	1146	1146	1146	1146	1146	1146	1147	1147	1147	1146	1147	1146	1146	1147	1147	1147	1147	1146	1146	1146	1147	1147	1147	1146	1147	1147	1147	1147	1147	1147	1147	1147	1147	1147	1147	1147	1147	1146	1147	1147	1147	1147	1147	1147	1147	1147	1147	1148	1147	1148	1147	1147	1147	1147	1147	1147	1147	1147	1147	1147	1147	1147	1148	1148	1147	1147	1148	1147	1147	1148	1147	1147	1148	1147	1147	1147	1147	1147	1147	1147	1147	1147	1147	1147	1147	1147	1147	1147	1147
2292	120369	1148	1148	1147	1148	1148	1148	1148	1148	1148	1148	1148	1148	1148	1148	1148	1148	1148	1147	1147	1148	1148	1148	1148	1147	1148	1148	1148	1148	1148	1148	1148	1148	1148	1148	1148	1148	1148	1148	1148	1148	1148	1148	1148	1148	1148	1148	1148	1148	1148	1148	1148	1148	1148	1147	1148	1148	1147	1147	1148	1147	1147	1147	1147	1147	1147	1147	1147	1147	1147	1148	1147	1147	1147	1147	1147	1148	1148	1148	1148	1148	1147	1148	1148	1148	1148	1148	1148	1147	1148	1148	1148	1148	1148	1148	1147	1147	1148	1147	1148	1148	1147	1147	1147	1147	1147	1147	1147	1147	1148	1148	1148	1147	1148	1148	1147	1147	1148	1148	1148	1148	1148	1148	1147	1148	1148	1148	1148	1147
2293	120861	1148	1148	1148	1148	1148	1148	1147	1148	1148	1148	1148	1148	1148	1148	1148	1148	1148	1148	1148	1148	1148	1148	1148	1148	1149	1149	1148	1148	1148	1148	1149	1148	1148	1148	1148	1148	1148	1148	1148	1148	1148	1149	1148	1148	1148	1147	1148	1148	1148	1148	1148	1148	1148	1148	1148	1148	1148	1148	1148	1149	1148	1148	1148	1148	1148	1147	1148	1148	1148	1148	1148	1148	1148	1148	1148	1147	1148	1148	1148	1148	1147	1148	1147	1147	1148	1148	1148	1148	1148	1148	1148	1148	1148	1148	1148	1148	1148	1147	1148	1148	1148	1148	1148	1148	1148	1148	1148	1148	1148	1148	1148	1148	1148	1148	1147	1148	1148	1148	1148	1148	1148	1148	1148	1148	1148	1148	1148	1148
2294	121353	1148	1149	1149	1148	1149	1149	1149	1149	1148	1148	1149	1148	1149	1148	1149	1148	1149	1149	1149	1149	1148	1148	1148	1149	1148	1149	1149	1149	1149	1149	1149	1149	1149	1148	1148	1148	1148	1148	1148	1148	1148	1148	1148	1148	1148	1149	1148	1148	1148	1149	1148	1148	1148	1148	1149	1148	1148	1148	1149	1148	1148	1148	1148	1148	1148	1148	1148	1148	1148	1148	1148	1148	1148	1149	1148	1148	1149	1148	1148	1148	1148	1148	1148	1148	1149	1149	1148	1148	1149	1149	1148	1149	1149	1148	1148	1148	1148	1148	1148	1148	1148	1148	1149	1149	1149	1149	1149	1148	1149	1149	1149	1149	1148	1148	1148	1149	1149	1149	1148	1149	1149	1148	1149	1148	1149	1149	1149	1149
2295	121846	1149	1149	1149	1149	1149	1149	1149	1149	1149	1149	1149	1149	1149	1149	1149	1149	1149	1149	1149	1149	1149	1149	1149	1148	1149	1149	1149	1149	1149	1148	1149	1149	1149	1149	1149	1149	1149	1149	1149	1149	1150	1149	1148	1149	1149	1149	1149	1150	1149	1149	1149	1149	1149	1150	1149	1149	1149	1149	1150	1150	1150	1149	1149	1150	1149	1150	1149	1150	1149	1149	1149	1149	1149	1149	1148	1149	1149	1149	1149	1149	1149	1150	1149	1149	1149	1149	1149	1149	1149	1149	1150	1149	1149	1149	1149	1149	1148	1149	1149	1149	1149	1148	1148	1148	1149	1149	1148	1149	1149	1149	1149	1149	1149	1148	1148	1149	1149	1149	1149	1149	1149	1149	1149	1149	1149	1149	1149	1149
2296	122338	1149	1149	1149	1150	1149	1149	1149	1149	1149	1149	1150	1149	1149	1149	1149	1149	1149	1150	1149	1149	1149	1149	1149	1149	1149	1149	1148	1149	1149	1149	1149	1149	1149	1149	1149	1149	1149	1149	1150	1150	1149	1149	1149	1149	1150	1149	1149	1149	1150	1150	1150	1149	1149	1149	1150	1149	1150	1149	1150	1150	1149	1150	1150	1150	1150	1149	1149	1149	1149	1150	1149	1149	1149	1149	1149	1149	1149	1149	1149	1149	1149	1149	1149	1149	1150	1149	1149	1150	1149	1150	1149	1149	1149	1149	1149	1150	1149	1149	1150	1150	1149	1150	1149	1150	1149	1150	1149	1149	1149	1149	1149	1150	1149	1149	1149	1149	1150	1150	1149	1149	1149	1149	1149	1150	1149	1150	1149	1150
2297	122830	1150	1150	1150	1150	1150	1150	1151	1151	1150	1150	1150	1150	1150	1150	1150	1150	1150	1150	1150	1150	1150	1150	1149	1150	1150	1150	1150	1150	1150	1150	1150	1150	1150	1150	1150	1150	1150	1149	1149	1150	1150	1150	1150	1150	1150	1150	1150	1149	1150	1150	1150	1150	1150	1150	1150	1150	1150	1150	1150	1150	1150	1150	1151	1150	1151	1151	1151	1151	1151	1151	1150	1150	1151	1150	1150	1150	1150	1150	1150	1150	1150	1150	1150	1150	1150	1150	1150	1150	1150	1150	1150	1150	1150	1149	1150	1150	1150	1150	1150	1150	1150	1150	1150	1149	1150	1150	1150	1150	1150	1150	1150	1151	1150	1150	1150	1150	1151	1150	1150	1150	1150	1150	1150	1151	1150	1150	1150	1151
2298	123323	1150	1151	1151	1151	1151	1151	1151	1151	1151	1151	1151	1151	1151	1151	1151	1151	1151	1151	1150	1151	1150	1150	1151	1151	1151	1151	1151	1151	1150	1150	1151	1150	1150	1150	1151	1150	1150	1150	1150	1150	1150	1151	1150	1150	1150	1151	1150	1150	1151	1150	1150	1151	1150	1151	1150	1150	1151	1150	1151	1150	1150	1151	1150	1150	1150	1150	1151	1151	1151	1151	1150	1151	1150	1150	1150	1151	1151	1151	1150	1151	1151	1151	1151	1151	1151	1151	1152	1151	1150	1150	1151	1151	1151	1151	1151	1151	1150	1151	1150	1150	1151	1151	1151	1150	1150	1150	1151	1151	1150	1150	1151	1150	1150	1150	1150	1150	1150	1150	1150	1150	1150	1150	1151	1150	1150	1150	1150	1150
2299	123815	1151	1152	1151	1151	1152	1151	1151	1151	1151	1151	1151	1151	1151	1151	1151	1151	1151	1151	1151	1151	1151	1152	1152	1151	1152	1152	1151	1151	1151	1151	1152	1151	1151	1151	1151	1152	1151	1151	1151	1151	1151	1151	1151	1152	1152	1152	1151	1151	1152	1151	1152	1151	1151	1151	1152	1152	1152	1152	1152	1151	1151	1151	1151	1151	1151	1151	1152	1152	1151	1151	1151	1152	1150	1151	1151	1151	1152	1151	1151	1151	1151	1151	1152	1151	1151	1151	1151	1150	1151	1151	1151	1151	1151	1151	1151	1151	1152	1151	1151	1151	1152	1151	1151	1151	1151	1151	1151	1151	1151	1151	1151	1151	1151	1151	1151	1151	1151	1151	1151	1151	1151	1151	1151	1151	1151	1151	1151	1151
2300	124307	1152	1152	1151	1151	1152	1151	1151	1151	1151	1152	1152	1152	1151	1152	1152	1151	1152	1152	1152	1152	1151	1151	1152	1151	1151	1152	1151	1152	1152	1151	1151	1152	1151	1152	1152	1152	1152	1152	1151	1151	1152	1151	1151	1152	1152	1151	1152	1151	1151	1151	1152	1152	1152	1152	1152	1152	1151	1152	1152	1151	1152	1151	1152	1151	1152	1152	1151	1151	1151	1152	1152	1151	1151	1152	1151	1151	1152	1152	1151	1151	1151	1152	1152	1152	1152	1152	1152	1152	1151	1152	1151	1152	1151	1151	1151	1151	1152	1152	1151	1151	1151	1151	1152	1151	1151	1152	1151	1152	1152	1152	1152	1152	1152	1152	1151	1152	1151	1151	1152	1152	1152	1151	1151	1151	1151	1151	1152	1152
2301	124800	1152	1152	1152	1152	1152	1152	1152	1152	1152	1152	1152	1152	1152	1151	1152	1152	1152	1152	1152	1152	1152	1152	1152	1152	1152	1151	1151	1152	1152	1151	1151	1151	1151	1152	1152	1152	1151	1152	1152	1152	1152	1152	1152	1152	1152	1152	1152	1152	1152	1152	1152	1152	1152	1152	1152	1152	1152	1152	1152	1152	1152	1152	1152	1152	1152	1152	1152	1152	1152	1152	1152	1152	1152	1152	1152	1153	1152	1152	1152	1151	1152	1152	1152	1152	1152	1152	1152	1152	1152	1152	1152	1152	1152	1151	1152	1152	1152	1152	1152	1152	1152	1152	1152	1152	1152	1152	1152	1153	1152	1152	1152	1152	1152	1152	1152	1153	1152	1152	1152	1153	1152	1152	1152	1152	1152	1152	1152	1152
2302	125292	1153	1152	1152	1152	1153	1152	1152	1152	1152	1153	1153	1152	1153	1153	1153	1153	1153	1152	1152	1153	1153	1152	1153	1153	1152	1153	1152	1153	1153	1153	1153	1153	1152	1152	1152	1153	1153	1152	1151	1152	1152	1152	1153	1153	1153	1152	1152	1153	1152	1153	1152	1152	1153	1152	1152	1152	1152	1153	1152	1153	1152	1152	1152	1152	1152	1152	1152	1152	1153	1152	1152	1153	1152	1152	1152	1153	1152	1153	1152	1152	1152	1152	1152	1152	1152	1152	1152	1152	1152	1152	1152	1152	1152	1152	1152	1152	1152	1152	1152	1152	1152	1152	1153	1152	1152	1152	1152	1153	1152	1153	1152	1152	1152	1152	1153	1152	1152	1152	1152	1152	1152	1153	1152	1153	1153	1153	1153	1153
2303	125784	1153	1152	1153	1152	1153	1153	1153	1153	1152	1153	1153	1153	1153	1152	1152	1153	1153	1153	1153	1152	1152	1152	1152	1152	1153	1153	1153	1152	1153	1152	1152	1152	1152	1153	1152	1152	1153	1153	1153	1153	1153	1153	1153	1153	1153	1153	1152	1153	1153	1153	1153	1152	1152	1153	1152	1152	1152	1152	1153	1153	1152	1152	1152	1153	1153	1152	1153	1153	1153	1153	1152	1153	1153	1153	1152	1153	1152	1154	1152	1152	1152	1152	1153	1153	1152	1152	1152	1153	1153	1153	1153	1152	1153	1153	1152	1152	1152	1153	1153	1153	1153	1152	1153	1153	1153	1153	1153	1153	1153	1153	1153	1153	1154	1154	1153	1153	1153	1154	1153	1153	1153	1153	1153	1153	1153	1153	1153	1153
2304	126276	1153	1153	1153	1153	1153	1154	1153	1153	1154	1154	1153	1153	1153	1153	1154	1154	1154	1154	1154	1153	1154	1154	1153	1154	1153	1153	1153	1153	1153	1153	1153	1153	1153	1153	1153	1153	1154	1153	1153	1154	1154	1154	1154	1154	1153	1154	1153	1153	1152	1153	1153	1153	1153	1153	1153	1153	1153	1153	1153	1153	1153	1153	1153	1153	1153	1153	1153	1153	1153	1153	1154	1153	1153	1153	1153	1153	1153	1153	1153	1153	1152	1153	1153	1153	1154	1154	1153	1153	1154	1154	1154	1153	1153	1154	1154	1154	1154	1153	1154	1154	1153	1154	1154	1154	1153	1154	1154	1154	1154	1154	1154	1153	1154	1154	1154	1154	1153	1154	1154	1154	1154	1154	1153	1153	1154	1153	1153	1153
2305	126769	1153	1154	1154	1153	1154	1154	1154	1154	1153	1154	1153	1154	1154	1154	1154	1154	1154	1153	1153	1154	1153	1154	1153	1154	1154	1154	1154	1154	1153	1154	1154	1154	1154	1154	1154	1154	1153	1154	1153	1154	1154	1155	1154	1154	1153	1154	1153	1154	1154	1153	1154	1154	1154	1154	1153	1155	1154	1154	1154	1153	1154	1153	1154	1154	1153	1154	1153	1154	1154	1153	1154	1154	1154	1154	1153	1154	1154	1154	1154	1153	1154	1154	1154	1154	1153	1154	1153	1153	1154	1154	1153	1154	1154	1154	1154	1154	1154	1153	1153	1154	1154	1154	1153	1154	1153	1153	1153	1154	1153	1153	1154	1154	1153	1154	1154	1154	1153	1154	1154	1154	1154	1153	1153	1153	1154	1154	1153	1153
2306	127261	1155	1155	1155	1154	1155	1155	1154	1155	1154	1155	1155	1155	1155	1155	1155	1154	1155	1154	1154	1155	1155	1154	1155	1154	1154	1155	1154	1154	1155	1155	1155	1155	1155	1155	1155	1155	1155	1155	1154	1154	1154	1154	1154	1155	1155	1155	1155	1155	1155	1154	1155	1155	1155	1154	1155	1155	1154	1155	1154	1155	1154	1155	1155	1154	1154	1154	1154	1154	1154	1154	1154	1154	1154	1154	1154	1154	1154	1154	1154	1154	1154	1154	1154	1154	1154	1154	1154	1154	1154	1154	1154	1154	1154	1154	1154	1154	1154	1153	1154	1154	1154	1154	1154	1154	1154	1154	1154	1154	1154	1154	1154	1154	1154	1155	1154	1154	1153	1154	1154	1154	1154	1154	1154	1154	1154	1154	1154	1154
2307	127753	1154	1154	1154	1154	1154	1155	1155	1155	1155	1154	1155	1155	1155	1155	1155	1155	1155	1155	1155	1155	1155	1155	1155	1156	1155	1155	1154	1154	1154	1155	1155	1155	1155	1155	1155	1155	1155	1155	1155	1155	1155	1155	1154	1154	1155	1155	1154	1155	1155	1155	1155	1155	1155	1155	1155	1155	1154	1155	1155	1155	1155	1155	1154	1155	1155	1155	1155	1155	1155	1155	1155	1155	1155	1155	1155	1155	1155	1155	1155	1155	1155	1155	1155	1155	1155	1155	1156	1155	1156	1155	1155	1156	1156	1155	1156	1155	1155	1155	1155	1155	1156	1156	1155	1155	1155	1155	1155	1155	1155	1155	1155	1155	1156	1156	1156	1155	1155	1155	1155	1155	1155	1154	1155	1155	1155	1155	1155	1154
2308	128246	1155	1155	1155	1155	1154	1155	1155	1155	1154	1155	1155	1155	1155	1156	1154	1155	1155	1155	1155	1155	1155	1155	1155	1156	1156	1156	1155	1156	1156	1156	1156	1156	1156	1156	1156	1156	1155	1156	1155	1155	1156	1156	1156	1155	1155	1156	1155	1155	1155	1155	1155	1155	1155	1155	1155	1155	1155	1155	1155	1156	1155	1155	1155	1155	1154	1155	1155	1155	1155	1155	1155	1155	1155	1155	1155	1155	1156	1156	1155	1155	1155	1155	1155	1155	1156	1156	1156	1156	1155	1155	1156	1155	1155	1155	1155	1155	1155	1155	1155	1156	1156	1156	1156	1156	1156	1156	1156	1155	1156	1156	1156	1156	1156	1156	1156	1156	1156	1155	1156	1156	1156	1155	1155	1156	1156	1156	1156	1156
2309	128738	1156	1155	1156	1155	1156	1156	1156	1156	1155	1156	1156	1156	1156	1156	1156	1157	1156	1156	1155	1157	1156	1156	1156	1156	1156	1156	1156	1157	1156	1157	1157	1156	1156	1156	1156	1156	1156	1156	1156	1156	1156	1156	1156	1156	1156	1156	1156	1156	1157	1156	1156	1157	1156	1156	1156	1156	1157	1156	1156	1156	1156	1156	1156	1155	1156	1156	1156	1156	1156	1156	1156	1156	1156	1156	1156	1155	1156	1156	1156	1155	1156	1156	1156	1156	1156	1156	1156	1156	1156	1156	1156	1156	1156	1157	1156	1155	1156	1156	1156	1156	1156	1155	1156	1156	1156	1156	1156	1156	1156	1156	1156	1156	1157	1156	1155	1156	1155	1156	1156	1156	1156	1155	1156	1155	1156	1156	1156	1156
2310	129230	1156	1156	1157	1157	1156	1157	1157	1157	1157	1157	1157	1157	1157	1157	1157	1156	1156	1157	1157	1156	1156	1156	1157	1156	1156	1156	1157	1156	1157	1157	1157	1157	1157	1157	1157	1157	1156	1157	1156	1157	1156	1157	1157	1156	1157	1156	1156	1157	1156	1156	1156	1157	1157	1157	1156	1156	1156	1157	1155	1157	1156	1156	1157	1156	1157	1156	1156	1156	1156	1156	1156	1156	1156	1156	1156	1156	1156	1156	1156	1155	1156	1156	1157	1157	1157	1156	1157	1156	1157	1156	1156	1156	1156	1156	1157	1157	1157	1156	1157	1156	1157	1157	1157	1157	1157	1157	1157	1157	1157	1156	1156	1156	1156	1156	1157	1156	1156	1156	1156	1156	1156	1156	1156	1156	1156	1156	1156	1156
2311	129723	1157	1157	1156	1156	1156	1156	1157	1156	1156	1156	1157	1157	1157	1156	1157	1157	1156	1157	1156	1157	1157	1157	1157	1156	1156	1156	1157	1157	1156	1157	1156	1156	1156	1156	1157	1156	1156	1156	1157	1157	1156	1157	1157	1157	1157	1157	1157	1156	1156	1157	1157	1157	1157	1157	1157	1157	1157	1157	1157	1157	1156	1157	1157	1157	1157	1156	1157	1157	1158	1157	1157	1157	1157	1157	1157	1157	1157	1157	1157	1156	1157	1157	1157	1157	1157	1156	1157	1157	1156	1156	1157	1156	1157	1157	1157	1157	1157	1157	1157	1157	1156	1157	1157	1157	1157	1157	1157	1157	1157	1157	1157	1157	1157	1158	1157	1157	1157	1157	1157	1157	1157	1157	1157	1157	1157	1157	1157	1157
2312	130215	1158	1158	1157	1158	1158	1158	1158	1157	1158	1158	1158	1158	1157	1158	1158	1158	1157	1157	1157	1157	1158	1157	1157	1157	1157	1158	1157	1157	1158	1157	1157	1158	1158	1157	1157	1158	1157	1157	1157	1157	1157	1157	1157	1157	1157	1157	1156	1157	1157	1157	1157	1157	1157	1157	1157	1157	1157	1157	1157	1157	1157	1156	1157	1158	1157	1157	1156	1156	1157	1157	1157	1157	1157	1157	1157	1157	1157	1158	1158	1158	1157	1157	1158	1158	1158	1157	1158	1157	1158	1157	1158	1158	1157	1158	1157	1157	1158	1157	1157	1157	1158	1157	1157	1158	1157	1157	1158	1158	1158	1157	1157	1158	1157	1158	1157	1157	1158	1157	1158	1157	1157	1157	1157	1157	1157	1157	1157	1157
2313	130707	1158	1158	1158	1158	1159	1158	1158	1158	1158	1158	1158	1158	1158	1158	1157	1157	1157	1158	1158	1158	1157	1157	1157	1157	1158	1158	1158	1158	1158	1158	1158	1158	1158	1158	1158	1158	1158	1158	1157	1157	1158	1158	1157	1158	1158	1158	1157	1158	1158	1157	1157	1158	1158	1158	1158	1158	1158	1158	1158	1158	1158	1157	1158	1158	1158	1158	1158	1158	1158	1157	1158	1157	1158	1158	1158	1158	1158	1158	1158	1158	1157	1158	1158	1158	1158	1158	1158	1158	1157	1158	1158	1158	1158	1158	1158	1158	1158	1158	1158	1158	1158	1158	1158	1158	1158	1158	1158	1158	1158	1158	1159	1158	1158	1159	1158	1158	1158	1158	1158	1158	1159	1158	1158	1158	1158	1158	1158	1158
2314	131200	1159	1159	1159	1158	1158	1159	1158	1158	1159	1158	1158	1158	1159	1158	1158	1159	1158	1159	1158	1158	1158	1158	1158	1158	1159	1158	1158	1159	1159	1159	1159	1159	1159	1159	1159	1159	1159	1159	1158	1159	1159	1159	1159	1159	1159	1159	1159	1159	1159	1159	1159	1158	1159	1159	1159	1159	1159	1158	1159	1158	1158	1158	1159	1158	1158	1158	1158	1158	1158	1158	1158	1158	1158	1158	1158	1158	1158	1158	1158	1158	1158	1158	1158	1158	1158	1158	1158	1158	1158	1158	1158	1158	1158	1158	1158	1158	1158	1158	1158	1158	1158	1158	1158	1158	1158	1159	1158	1158	1158	1158	1158	1159	1158	1158	1157	1159	1158	1158	1159	1158	1159	1158	1158	1159	1158	1159	1158	1158
2315	131692	1159	1159	1159	1159	1159	1159	1159	1159	1159	1159	1159	1159	1159	1159	1159	1159	1159	1159	1159	1158	1159	1159	1159	1159	1159	1159	1159	1158	1159	1159	1159	1159	1159	1159	1158	1159	1159	1159	1159	1159	1159	1159	1159	1159	1159	1159	1159	1159	1159	1159	1159	1159	1159	1159	1159	1159	1159	1159	1159	1159	1159	1159	1159	1159	1159	1159	1159	1159	1159	1159	1159	1159	1159	1159	1159	1159	1159	1159	1159	1159	1159	1159	1159	1159	1159	1159	1159	1159	1159	1159	1159	1159	1159	1159	1159	1159	1159	1160	1159	1159	1159	1159	1159	1159	1159	1159	1159	1159	1159	1160	1159	1159	1159	1159	1159	1159	1160	1159	1159	1159	1159	1159	1159	1159	1159	1159	1159	1159
2316	132184	1160	1160	1160	1160	1159	1159	1159	1160	1159	1159	1159	1159	1159	1159	1160	1159	1160	1159	1160	1160	1160	1160	1160	1159	1160	1159	1159	1159	1160	1159	1159	1159	1159	1159	1159	1160	1160	1159	1159	1159	1159	1160	1159	1159	1159	1159	1159	1160	1159	1159	1159	1160	1159	1159	1159	1159	1159	1159	1160	1159	1159	1159	1159	1160	1159	1160	1160	1160	1160	1159	1160	1160	1160	1160	1160	1160	1160	1159	1159	1159	1160	1159	1160	1159	1159	1160	1159	1160	1159	1160	1159	1159	1160	1159	1160	1160	1160	1159	1160	1160	1160	1160	1160	1159	1159	1160	1159	1159	1159	1159	1159	1159	1159	1160	1160	1159	1159	1159	1159	1160	1159	1159	1160	1160	1159	1159	1160	1160
2317	132676	1160	1160	1160	1160	1160	1160	1160	1160	1160	1160	1160	1160	1160	1160	1160	1160	1160	1161	1160	1160	1160	1160	1160	1160	1160	1161	1160	1160	1160	1161	1161	1160	1160	1160	1161	1160	1160	1161	1160	1160	1161	1160	1160	1160	1160	1160	1160	1160	1160	1160	1161	1160	1160	1160	1161	1161	1161	1161	1161	1161	1160	1160	1160	1160	1160	1160	1160	1160	1160	1159	1160	1160	1160	1160	1160	1160	1160	1160	1160	1160	1160	1160	1159	1160	1160	1160	1160	1159	1159	1160	1160	1160	1160	1159	1160	1160	1160	1160	1160	1160	1160	1160	1160	1160	1160	1160	1160	1160	1159	1161	1160	1160	1159	1160	1159	1159	1159	1160	1160	1160	1160	1159	1160	1159	1160	1159	1158	1160
2318	133169	1159	1160	1160	1160	1160	1160	1160	1160	1160	1161	1160	1161	1160	1160	1160	1160	1160	1160	1160	1160	1160	1160	1160	1160	1160	1160	1161	1160	1160	1160	1160	1161	1160	1160	1161	1160	1161	1160	1161	1160	1160	1160	1160	1160	1160	1160	1161	1160	1160	1160	1160	1160	1160	1161	1159	1160	1160	1160	1160	1160	1159	1160	1160	1160	1160	1160	1160	1160	1160	1160	1159	1160	1160	1160	1160	1160	1160	1161	1160	1160	1161	1160	1161	1160	1161	1160	1161	1160	1160	1161	1160	1161	1161	1160	1161	1161	1161	1161	1160	1160	1160	1160	1160	1161	1160	1161	1160	1161	1161	1160	1161	1160	1160	1160	1161	1160	1160	1160	1160	1160	1160	1160	1160	1160	1160	1160	1160	1160
2319	133661	1161	1161	1160	1161	1161	1161	1161	1161	1161	1161	1162	1161	1161	1161	1161	1161	1161	1161	1161	1161	1161	1161	1161	1162	1161	1161	1161	1161	1161	1161	1161	1161	1161	1161	1161	1161	1161	1161	1161	1161	1160	1161	1161	1161	1161	1161	1161	1161	1162	1161	1162	1161	1161	1162	1161	1162	1161	1161	1161	1161	1161	1161	1161	1161	1160	1161	1161	1161	1160	1161	1161	1161	1161	1161	1160	1161	1160	1161	1161	1160	1161	1160	1161	1161	1161	1161	1161	1161	1161	1161	1161	1161	1161	1161	1161	1161	1161	1161	1161	1162	1161	1161	1161	1161	1162	1161	1161	1161	1161	1161	1161	1161	1161	1161	1161	1161	1161	1161	1161	1161	1161	1161	1161	1161	1161	1161	1161	1161
2320	134153	1161	1161	1161	1161	1161	1162	1161	1161	1161	1161	1161	1161	1161	1161	1161	1161	1161	1161	1161	1161	1161	1162	1161	1161	1161	1161	1161	1161	1161	1161	1161	1161	1161	1161	1161	1162	1161	1162	1162	1161	1162	1162	1161	1162	1161	1161	1162	1162	1161	1162	1162	1161	1161	1162	1161	1162	1161	1161	1161	1161	1161	1162	1161	1161	1161	1162	1161	1161	1161	1161	1161	1161	1161	1161	1161	1162	1161	1161	1161	1161	1161	1162	1161	1161	1161	1161	1161	1161	1162	1161	1161	1161	1161	1161	1161	1162	1161	1161	1161	1161	1161	1161	1162	1160	1161	1161	1161	1161	1161	1160	1162	1161	1161	1161	1162	1161	1161	1161	1161	1161	1161	1161	1161	1161	1161	1161	1162	1161
2321	134646	1161	1161	1161	1161	1161	1162	1161	1162	1161	1161	1162	1162	1162	1162	1162	1162	1162	1162	1162	1162	1162	1162	1162	1162	1162	1161	1162	1162	1161	1162	1162	1162	1161	1161	1162	1162	1162	1162	1162	1162	1161	1161	1162	1161	1161	1161	1161	1161	1161	1161	1161	1161	1162	1161	1161	1161	1162	1161	1161	1161	1161	1161	1161	1161	1162	1162	1162	1162	1161	1162	1162	1162	1162	1162	1162	1162	1162	1162	1162	1162	1162	1162	1162	1162	1162	1162	1162	1162	1163	1162	1163	1162	1162	1162	1163	1162	1163	1162	1162	1162	1162	1162	1162	1162	1162	1162	1162	1162	1162	1162	1162	1162	1162	1162	1162	1162	1162	1162	1161	1162	1162	1162	1161	1161	1161	1162	1162	1162
2322	135138	1162	1162	1162	1162	1162	1162	1162	1163	1162	1162	1162	1162	1163	1162	1163	1163	1162	1162	1162	1163	1162	1162	1163	1162	1162	1162	1162	1163	1162	1162	1163	1162	1162	1163	1162	1162	1162	1162	1162	1163	1163	1162	1162	1162	1162	1162	1162	1162	1162	1162	1162	1162	1162	1163	1162	1162	1162	1162	1162	1163	1162	1162	1162	1161	1162	1161	1162	1163	1162	1162	1162	1162	1162	1162	1162	1162	1162	1162	1162	1162	1162	1162	1162	1162	1162	1162	1161	1162	1162	1163	1162	1162	1162	1161	1162	1162	1162	1163	1162	1162	1163	1163	1163	1163	1163	1162	1163	1162	1163	1162	1163	1162	1162	1163	1162	1164	1163	1163	1163	1163	1163	1164	1163	1163	1164	1163	1163	1163
2323	135630	1162	1163	1162	1163	1162	1162	1163	1163	1162	1162	1163	1162	1162	1162	1162	1163	1162	1163	1163	1163	1163	1162	1163	1163	1162	1163	1163	1162	1163	1163	1163	1163	1163	1163	1163	1163	1163	1163	1163	1163	1163	1162	1163	1163	1163	1163	1163	1163	1163	1163	1163	1163	1163	1162	1163	1163	1162	1163	1163	1162	1162	1162	1162	1162	1163	1163	1163	1163	1162	1163	1163	1163	1162	1163	1162	1162	1162	1163	1162	1163	1162	1163	1162	1162	1163	1163	1162	1163	1162	1164	1162	1163	1163	1163	1163	1163	1163	1163	1163	1163	1163	1163	1163	1163	1162	1162	1163	1163	1163	1163	1162	1163	1163	1162	1162	1162	1162	1162	1163	1163	1163	1163	1163	1163	1163	1162	1163	1163
2324	136123	1163	1164	1164	1163	1164	1163	1164	1164	1162	1163	1164	1164	1163	1163	1163	1164	1164	1164	1164	1164	1164	1164	1164	1163	1164	1164	1163	1163	1163	1164	1163	1163	1163	1163	1163	1163	1163	1163	1163	1164	1163	1163	1163	1164	1164	1163	1164	1163	1163	1163	1164	1163	1163	1163	1164	1164	1163	1163	1163	1164	1163	1163	1163	1163	1164	1163	1163	1164	1163	1163	1164	1163	1164	1165	1164	1164	1164	1164	1164	1163	1163	1164	1163	1163	1163	1163	1164	1164	1163	1164	1163	1163	1163	1164	1164	1164	1164	1164	1164	1163	1164	1163	1163	1163	1163	1163	1163	1163	1163	1163	1163	1163	1163	1163	1163	1163	1163	1163	1164	1163	1164	1163	1163	1164	1163	1163	1164	1164
2325	136615	1164	1164	1164	1164	1164	1164	1164	1164	1164	1164	1164	1164	1164	1164	1164	1164	1164	1164	1163	1164	1164	1163	1164	1164	1164	1164	1164	1164	1164	1164	1164	1164	1164	1164	1164	1164	1164	1164	1164	1164	1164	1164	1164	1164	1164	1164	1164	1164	1164	1164	1164	1163	1164	1164	1164	1163	1164	1164	1164	1164	1164	1164	1164	1163	1164	1164	1163	1163	1163	1163	1164	1164	1163	1163	1164	1164	1164	1164	1164	1164	1164	1163	1163	1164	1164	1163	1164	1163	1164	1164	1164	1164	1164	1163	1163	1164	1163	1164	1164	1164	1164	1164	1164	1164	1163	1164	1164	1164	1164	1164	1165	1164	1164	1164	1164	1164	1164	1164	1164	1164	1164	1164	1164	1164	1164	1164	1164	1164
2326	137107	1164	1164	1164	1164	1164	1164	1164	1164	1165	1164	1164	1165	1164	1164	1164	1164	1164	1164	1164	1164	1164	1165	1165	1165	1164	1164	1164	1165	1164	1164	1164	1164	1165	1165	1164	1165	1165	1164	1164	1164	1165	1164	1165	1164	1164	1165	1164	1165	1164	1164	1165	1166	1165	1165	1164	1164	1164	1165	1164	1164	1164	1164	1164	1164	1164	1164	1164	1164	1164	1164	1164	1164	1164	1164	1164	1164	1164	1165	1164	1164	1165	1165	1164	1164	1165	1164	1164	1163	1164	1164	1164	1164	1164	1164	1164	1164	1165	1164	1164	1164	1164	1164	1164	1165	1164	1165	1164	1164	1164	1164	1164	1165	1165	1164	1165	1165	1164	1164	1164	1164	1164	1164	1164	1164	1165	1165	1165	1164
2327	137600	1165	1165	1164	1165	1164	1165	1165	1164	1165	1164	1165	1164	1165	1165	1165	1165	1164	1165	1164	1164	1165	1164	1165	1165	1165	1165	1164	1165	1165	1165	1165	1165	1165	1164	1165	1165	1165	1165	1165	1165	1164	1165	1165	1164	1165	1164	1165	1165	1164	1165	1164	1165	1165	1165	1165	1165	1165	1165	1165	1165	1165	1165	1165	1165	1165	1165	1165	1165	1165	1164	1165	1164	1164	1165	1164	1164	1164	1165	1165	1165	1165	1165	1164	1165	1165	1165	1165	1164	1164	1165	1164	1165	1164	1165	1164	1165	1164	1165	1164	1165	1165	1165	1164	1165	1165	1165	1165	1165	1165	1165	1165	1165	1164	1165	1165	1165	1165	1165	1165	1165	1165	1165	1165	1165	1165	1166	1165	1165
2328	138092	1165	1165	1165	1165	1165	1165	1165	1165	1166	1165	1165	1165	1165	1166	1165	1166	1165	1165	1165	1165	1165	1165	1166	1165	1166	1166	1166	1166	1165	1165	1166	1166	1165	1166	1166	1166	1165	1165	1166	1165	1166	1166	1166	1166	1165	1165	1166	1166	1166	1166	1165	1165	1165	1165	1165	1165	1165	1165	1165	1165	1165	1165	1166	1165	1166	1165	1165	1165	1165	1165	1165	1165	1165	1165	1165	1165	1165	1165	1165	1165	1165	1165	1165	1165	1165	1165	1165	1165	1165	1165	1165	1166	1165	1165	1165	1165	1165	1165	1165	1165	1165	1165	1165	1165	1165	1165	1165	1165	1164	1164	1164	1165	1165	1165	1165	1165	1165	1165	1165	1166	1166	1166	1165	1166	1166	1165	1165	1165
2329	138584	1166	1166	1166	1165	1165	1166	1166	1165	1165	1165	1166	1165	1166	1166	1165	1165	1166	1166	1166	1166	1166	1166	1166	1166	1166	1166	1166	1166	1166	1166	1166	1166	1166	1167	1166	1166	1166	1166	1166	1166	1166	1166	1165	1166	1166	1166	1166	1165	1165	1165	1166	1166	1166	1166	1165	1165	1166	1166	1166	1165	1166	1165	1165	1167	1166	1166	1165	1166	1166	1166	1166	1166	1166	1166	1166	1166	1166	1166	1166	1166	1166	1166	1165	1166	1165	1166	1166	1166	1166	1166	1166	1166	1166	1165	1165	1166	1166	1166	1166	1166	1165	1165	1166	1166	1166	1166	1165	1165	1165	1166	1165	1166	1166	1165	1166	1166	1166	1166	1166	1166	1168	1167	1166	1166	1166	1165	1166	1166
2330	139076	1167	1167	1166	1167	1167	1167	1167	1167	1167	1167	1166	1167	1166	1166	1167	1166	1167	1167	1166	1166	1166	1166	1166	1167	1166	1166	1166	1166	1166	1166	1166	1166	1165	1165	1166	1166	1166	1166	1166	1166	1166	1167	1166	1167	1166	1166	1166	1166	1167	1167	1166	1166	1167	1166	1166	1166	1166	1166	1166	1166	1166	1166	1166	1166	1166	1166	1166	1166	1166	1166	1166	1165	1166	1166	1166	1166	1166	1166	1167	1167	1167	1167	1167	1167	1166	1167	1167	1167	1167	1166	1167	1167	1167	1166	1166	1166	1166	1166	1166	1166	1166	1166	1166	1166	1166	1166	1167	1166	1166	1166	1167	1167	1167	1166	1166	1166	1166	1166	1166	1166	1166	1166	1166	1166	1166	1166	1166	1166
2331	139569	1167	1167	1167	1166	1167	1167	1167	1167	1166	1167	1167	1166	1166	1166	1166	1166	1166	1167	1166	1167	1167	1166	1167	1167	1167	1167	1167	1167	1167	1166	1167	1167	1167	1166	1166	1166	1167	1167	1167	1167	1166	1167	1167	1167	1167	1167	1167	1166	1167	1167	1167	1167	1167	1167	1167	1166	1167	1167	1167	1166	1166	1167	1166	1167	1166	1167	1167	1167	1167	1167	1167	1167	1166	1167	1167	1167	1166	1166	1167	1167	1167	1167	1167	1167	1167	1167	1167	1167	1167	1167	1167	1167	1167	1167	1167	1167	1166	1167	1167	1167	1167	1166	1167	1167	1167	1167	1167	1167	1167	1167	1167	1167	1167	1167	1167	1167	1167	1167	1167	1167	1167	1167	1168	1167	1167	1167	1166	1167
2332	140061	1167	1168	1167	1167	1167	1167	1167	1167	1167	1167	1167	1167	1167	1167	1168	1167	1167	1167	1167	1167	1167	1167	1168	1167	1167	1168	1168	1168	1167	1167	1167	1168	1167	1167	1167	1167	1167	1167	1167	1167	1168	1167	1167	1167	1167	1168	1168	1167	1167	1168	1168	1167	1167	1167	1167	1167	1168	1167	1168	1168	1168	1167	1168	1167	1167	1168	1167	1167	1167	1167	1168	1168	1167	1167	1167	1168	1167	1167	1167	1167	1167	1167	1167	1168	1168	1167	1167	1167	1167	1168	1166	1167	1168	1168	1168	1167	1168	1167	1167	1168	1168	1168	1168	1168	1167	1167	1168	1168	1167	1167	1167	1167	1167	1167	1167	1167	1166	1167	1167	1166	1167	1167	1167	1167	1167	1167	1167	1167
2333	140553	1168	1168	1168	1168	1168	1168	1168	1168	1167	1168	1168	1168	1168	1167	1168	1168	1168	1168	1168	1167	1168	1168	1168	1168	1168	1169	1168	1168	1168	1168	1168	1168	1167	1167	1168	1168	1168	1168	1167	1168	1167	1167	1167	1167	1167	1167	1167	1167	1167	1167	1167	1167	1167	1167	1168	1167	1168	1168	1167	1168	1167	1168	1167	1167	1167	1167	1168	1167	1168	1167	1167	1168	1167	1168	1168	1168	1168	1168	1169	1168	1168	1168	1168	1168	1169	1168	1168	1169	1168	1168	1168	1168	1168	1168	1168	1168	1168	1168	1168	1168	1168	1168	1168	1168	1168	1168	1167	1167	1168	1168	1167	1168	1168	1168	1168	1168	1168	1167	1168	1167	1167	1168	1167	1168	1167	1167	1168	1168
2334	141046	1168	1168	1167	1168	1168	1168	1168	1168	1168	1168	1168	1168	1169	1169	1168	1168	1168	1168	1168	1168	1168	1168	1169	1168	1169	1168	1169	1168	1169	1168	1169	1168	1168	1168	1169	1169	1168	1169	1168	1168	1168	1168	1168	1168	1168	1168	1168	1167	1168	1168	1168	1169	1168	1168	1168	1169	1169	1168	1168	1168	1168	1168	1168	1168	1168	1168	1169	1168	1168	1168	1168	1168	1168	1168	1168	1168	1168	1168	1169	1168	1168	1168	1168	1168	1168	1169	1168	1168	1168	1169	1169	1168	1168	1169	1168	1168	1169	1168	1169	1168	1169	1168	1168	1169	1168	1169	1168	1168	1168	1168	1168	1168	1168	1168	1169	1168	1168	1168	1168	1168	1168	1168	1168	1169	1168	1168	1168	1168
2335	141538	1169	1169	1169	1169	1169	1169	1169	1169	1168	1169	1169	1169	1169	1169	1169	1169	1169	1169	1169	1169	1169	1169	1169	1168	1169	1169	1168	1169	1169	1169	1169	1169	1169	1170	1168	1169	1169	1169	1169	1169	1170	1169	1170	1169	1169	1170	1169	1170	1169	1169	1168	1169	1169	1170	1169	1169	1169	1169	1168	1169	1169	1169	1169	1168	1169	1168	1168	1168	1169	1168	1168	1169	1169	1169	1169	1169	1169	1169	1169	1169	1168	1169	1169	1169	1169	1169	1169	1169	1169	1169	1169	1169	1169	1169	1169	1169	1169	1169	1169	1169	1168	1168	1168	1168	1169	1168	1168	1169	1169	1168	1168	1168	1168	1169	1168	1169	1168	1168	1169	1168	1168	1169	1168	1168	1168	1168	1169	1169
2336	142030	1170	1169	1169	1169	1169	1169	1169	1170	1170	1169	1169	1169	1169	1170	1168	1169	1169	1169	1169	1169	1169	1170	1169	1169	1169	1169	1169	1170	1169	1169	1169	1169	1169	1169	1169	1169	1169	1169	1169	1169	1169	1169	1170	1169	1169	1170	1170	1169	1169	1169	1169	1170	1169	1169	1169	1169	1169	1169	1169	1169	1169	1169	1169	1169	1169	1169	1169	1169	1169	1169	1169	1169	1169	1169	1169	1169	1169	1168	1169	1169	1169	1169	1169	1169	1169	1169	1169	1169	1169	1170	1169	1169	1169	1170	1169	1169	1169	1169	1169	1169	1169	1169	1169	1169	1169	1169	1169	1169	1168	1169	1169	1169	1169	1169	1169	1169	1169	1169	1168	1169	1169	1169	1168	1169	1169	1169	1169	1169
2337	142523	1169	1170	1170	1170	1170	1170	1169	1170	1170	1170	1170	1170	1169	1170	1170	1170	1170	1170	1170	1169	1170	1170	1169	1170	1170	1170	1170	1170	1170	1170	1170	1171	1170	1170	1169	1170	1170	1170	1170	1170	1170	1170	1170	1170	1170	1169	1169	1169	1169	1169	1170	1169	1170	1170	1170	1169	1170	1170	1170	1170	1170	1170	1170	1170	1171	1170	1170	1171	1170	1171	1170	1169	1170	1170	1170	1170	1170	1170	1169	1170	1170	1169	1170	1170	1169	1169	1169	1170	1170	1169	1170	1169	1170	1169	1169	1169	1169	1169	1169	1170	1170	1169	1169	1170	1170	1170	1170	1169	1170	1170	1169	1170	1170	1170	1170	1169	1170	1170	1169	1169	1170	1170	1170	1170	1170	1170	1170	1169
2338	143015	1170	1170	1170	1170	1170	1170	1170	1170	1170	1170	1170	1170	1170	1171	1171	1171	1171	1170	1171	1171	1171	1171	1171	1170	1171	1171	1170	1170	1170	1170	1170	1171	1170	1170	1171	1170	1170	1170	1170	1171	1170	1171	1170	1170	1170	1171	1170	1170	1170	1170	1170	1171	1170	1170	1171	1170	1170	1170	1170	1170	1170	1170	1170	1170	1170	1170	1170	1170	1170	1170	1170	1170	1170	1169	1170	1170	1170	1170	1169	1169	1170	1170	1170	1170	1169	1170	1170	1170	1170	1169	1170	1170	1170	1170	1170	1171	1170	1170	1170	1170	1171	1171	1171	1170	1171	1171	1170	1170	1170	1169	1169	1170	1170	1169	1170	1170	1170	1170	1170	1169	1170	1170	1171	1170	1170	1170	1170	1170
2339	143507	1171	1171	1171	1170	1171	1171	1171	1170	1171	1171	1170	1171	1171	1171	1170	1171	1171	1170	1171	1170	1170	1171	1170	1170	1170	1170	1171	1171	1170	1170	1171	1171	1171	1170	1170	1170	1171	1171	1170	1171	1170	1170	1170	1170	1170	1171	1171	1171	1171	1171	1171	1171	1171	1171	1171	1171	1171	1171	1171	1171	1171	1171	1171	1171	1171	1171	1171	1171	1171	1171	1171	1171	1171	1171	1170	1170	1171	1171	1171	1171	1171	1171	1170	1171	1171	1171	1171	1171	1171	1171	1171	1171	1170	1171	1170	1171	1171	1170	1171	1170	1170	1171	1170	1171	1170	1170	1171	1171	1170	1171	1171	1171	1171	1171	1171	1171	1171	1171	1171	1171	1171	1171	1170	1170	1171	1171	1171	1171
2340	144000	1171	1171	1171	1171	1171	1171	1171	1171	1171	1171	1171	1170	1171	1171	1171	1171	1171	1171	1171	1171	1171	1170	1171	1171	1171	1171	1170	1171	1171	1171	1171	1171	1171	1171	1171	1171	1171	1171	1171	1170	1171	1171	1171	1171	1171	1171	1172	1172	1171	1171	1171	1172	1172	1171	1171	1171	1171	1171	1171	1172	1171	1171	1172	1172	1172	1171	1172	1171	1172	1172	1172	1171	1172	1171	1172	1171	1171	1172	1171	1172	1171	1171	1172	1171	1171	1171	1171	1171	1171	1171	1171	1171	1171	1171	1171	1171	1171	1171	1171	1171	1171	1170	1171	1171	1170	1171	1171	1171	1171	1171	1171	1171	1171	1171	1171	1171	1171	1171	1171	1171	1172	1171	1171	1172	1171	1172	1172	1171
2341	144492	1171	1172	1172	1172	1172	1172	1172	1172	1171	1172	1172	1171	1172	1172	1172	1172	1172	1171	1171	1171	1172	1171	1171	1171	1171	1171	1171	1171	1171	1172	1172	1172	1171	1172	1172	1172	1172	1171	1172	1171	1172	1172	1171	1171	1171	1172	1172	1172	1172	1171	1172	1172	1171	1171	1172	1172	1172	1171	1171	1172	1172	1171	1172	1172	1172	1172	1172	1172	1171	1172	1171	1172	1171	1172	1172	1172	1171	1172	1172	1172	1172	1172	1171	1172	1172	1172	1172	1172	1172	1171	1172	1172	1172	1171	1171	1171	1171	1172	1172	1172	1171	1171	1172	1171	1172	1172	1172	1172	1172	1171	1172	1172	1172	1172	1172	1172	1172	1172	1172	1172	1172	1172	1172	1172	1172	1172	1172	1172
2342	144984	1172	1173	1173	1172	1173	1173	1173	1173	1173	1173	1173	1173	1173	1173	1173	1173	1173	1173	1173	1173	1172	1172	1173	1172	1173	1173	1172	1172	1172	1172	1172	1172	1172	1172	1173	1173	1173	1173	1172	1172	1172	1172	1172	1172	1172	1173	1172	1172	1172	1173	1172	1172	1172	1172	1172	1172	1173	1172	1172	1172	1172	1173	1172	1172	1172	1172	1172	1172	1172	1173	1172	1172	1173	1172	1173	1172	1173	1172	1172	1173	1173	1173	1173	1172	1173	1173	1173	1172	1171	1172	1173	1173	1172	1172	1172	1172	1172	1172	1173	1172	1172	1172	1172	1172	1172	1172	1172	1172	1172	1172	1172	1172	1172	1172	1173	1172	1172	1172	1172	1171	1172	1171	1172	1171	1172	1172	1172	1173
2343	145476	1173	1173	1173	1173	1173	1173	1172	1173	1173	1172	1173	1173	1173	1173	1173	1173	1173	1173	1173	1173	1172	1173	1173	1173	1172	1173	1172	1173	1173	1172	1173	1172	1172	1172	1173	1172	1173	1172	1173	1172	1173	1173	1173	1173	1173	1172	1172	1172	1173	1173	1173	1173	1172	1172	1173	1173	1172	1173	1173	1173	1173	1173	1173	1173	1173	1172	1173	1172	1173	1173	1172	1172	1173	1173	1173	1173	1172	1172	1173	1173	1173	1173	1173	1173	1173	1173	1173	1173	1173	1172	1173	1173	1172	1173	1173	1173	1173	1173	1173	1173	1173	1173	1172	1173	1174	1173	1173	1173	1173	1173	1173	1173	1173	1173	1173	1173	1173	1173	1173	1173	1173	1173	1173	1173	1172	1173	1173	1172
2344	145969	1173	1173	1173	1173	1173	1173	1173	1173	1173	1173	1173	1173	1173	1173	1173	1173	1173	1173	1173	1173	1173	1173	1174	1173	1173	1174	1173	1174	1174	1173	1173	1173	1173	1173	1173	1174	1173	1173	1173	1174	1173	1174	1173	1173	1174	1173	1173	1173	1173	1174	1173	1173	1174	1173	1173	1173	1173	1173	1174	1174	1173	1173	1173	1173	1173	1173	1174	1173	1173	1174	1173	1173	1173	1174	1173	1174	1174	1173	1173	1174	1173	1173	1173	1173	1173	1173	1173	1173	1173	1173	1173	1173	1173	1173	1173	1173	1173	1173	1173	1173	1173	1173	1173	1172	1173	1173	1173	1172	1172	1173	1173	1173	1173	1173	1173	1174	1173	1173	1173	1173	1173	1173	1173	1173	1173	1173	1173	1173
2345	146461	1174	1174	1174	1173	1174	1174	1174	1174	1174	1174	1174	1174	1174	1174	1174	1174	1174	1173	1173	1174	1174	1174	1174	1173	1174	1173	1173	1173	1174	1173	1173	1174	1173	1173	1174	1173	1174	1174	1173	1174	1174	1174	1174	1173	1174	1174	1174	1174	1174	1174	1174	1174	1174	1174	1174	1174	1174	1173	1174	1174	1174	1174	1174	1174	1173	1174	1174	1174	1174	1174	1174	1174	1174	1174	1174	1174	1174	1174	1174	1173	1174	1174	1174	1174	1173	1174	1174	1174	1174	1173	1174	1174	1174	1173	1174	1174	1174	1174	1174	1173	1174	1173	1174	1174	1174	1174	1174	1174	1174	1174	1175	1173	1174	1174	1174	1174	1174	1174	1174	1174	1174	1174	1174	1173	1174	1173	1173	1174
2346	146953	1174	1174	1174	1174	1174	1174	1174	1173	1174	1174	1174	1174	1173	1173	1174	1174	1174	1174	1174	1173	1174	1174	1174	1174	1174	1174	1175	1174	1174	1174	1174	1174	1174	1174	1174	1174	1175	1174	1175	1174	1174	1174	1175	1175	1174	1174	1174	1175	1174	1174	1175	1174	1175	1176	1174	1174	1175	1175	1175	1174	1175	1174	1174	1174	1173	1174	1174	1174	1174	1174	1174	1174	1174	1174	1174	1174	1174	1174	1175	1174	1174	1174	1174	1175	1174	1174	1174	1174	1174	1174	1174	1174	1174	1174	1174	1174	1174	1174	1174	1174	1174	1175	1175	1174	1174	1174	1175	1174	1175	1174	1174	1175	1174	1174	1175	1174	1174	1174	1174	1174	1175	1174	1174	1174	1174	1174	1174	1174
2347	147446	1174	1174	1175	1174	1175	1175	1174	1175	1174	1175	1175	1174	1175	1174	1175	1175	1174	1175	1175	1174	1174	1174	1175	1175	1175	1174	1174	1175	1174	1175	1175	1174	1174	1174	1175	1175	1175	1175	1175	1175	1175	1175	1175	1175	1175	1175	1175	1174	1175	1175	1175	1175	1175	1175	1175	1175	1175	1175	1175	1175	1174	1175	1175	1175	1175	1175	1175	1174	1175	1174	1174	1175	1175	1175	1174	1175	1175	1174	1175	1175	1175	1175	1175	1175	1175	1174	1174	1174	1175	1175	1175	1174	1175	1174	1174	1174	1175	1175	1175	1175	1175	1175	1175	1175	1175	1175	1176	1175	1175	1175	1175	1175	1175	1175	1175	1175	1175	1175	1175	1175	1175	1175	1175	1175	1175	1175	1175	1174
2348	147938	1175	1175	1175	1175	1175	1175	1175	1175	1175	1175	1175	1175	1174	1175	1175	1175	1176	1175	1175	1175	1175	1175	1175	1175	1175	1175	1175	1175	1175	1175	1175	1174	1175	1175	1175	1175	1174	1175	1175	1175	1175	1175	1175	1175	1174	1175	1175	1176	1175	1175	1175	1175	1175	1175	1175	1175	1175	1175	1175	1175	1175	1175	1175	1175	1175	1175	1176	1175	1174	1175	1175	1175	1176	1175	1175	1176	1176	1176	1175	1175	1175	1176	1175	1175	1175	1175	1176	1175	1175	1175	1175	1175	1176	1176	1175	1175	1175	1175	1175	1176	1175	1176	1175	1175	1175	1175	1176	1176	1176	1175	1175	1175	1175	1175	1175	1175	1175	1175	1176	1175	1175	1176	1176	1175	1175	1176	1175	1176
2349	148430	1176	1176	1176	1176	1175	1175	1176	1176	1176	1175	1175	1176	1176	1176	1176	1176	1176	1176	1176	1176	1176	1175	1176	1176	1176	1176	1176	1175	1176	1176	1176	1176	1176	1176	1176	1175	1176	1176	1175	1175	1176	1175	1176	1176	1175	1176	1176	1176	1176	1176	1176	1176	1176	1176	1176	1175	1175	1176	1175	1176	1175	1175	1175	1175	1175	1175	1175	1175	1175	1176	1175	1176	1176	1176	1175	1176	1176	1175	1176	1176	1175	1176	1175	1176	1176	1175	1176	1175	1176	1176	1175	1176	1175	1176	1176	1175	1176	1175	1176	1176	1176	1176	1176	1176	1176	1176	1176	1176	1176	1176	1176	1176	1176	1176	1175	1175	1176	1176	1176	1175	1175	1175	1176	1176	1176	1176	1176	1176
2350	148923	1176	1175	1176	1176	1176	1176	1176	1176	1176	1176	1176	1176	1176	1176	1176	1176	1176	1176	1176	1176	1176	1176	1176	1176	1176	1176	1176	1175	1176	1176	1176	1175	1176	1176	1176	1176	1176	1176	1176	1176	1176	1176	1176	1176	1176	1176	1176	1175	1176	1176	1176	1176	1176	1176	1176	1176	1175	1175	1176	1176	1176	1176	1176	1176	1176	1176	1176	1176	1176	1176	1176	1176	1176	1176	1176	1177	1176	1177	1176	1177	1177	1176	1176	1176	1177	1177	1177	1177	1177	1177	1176	1177	1177	1176	1176	1176	1176	1177	1177	1177	1176	1177	1176	1176	1176	1176	1176	1176	1176	1176	1176	1176	1176	1175	1176	1176	1175	1176	1176	1176	1176	1176	1176	1176	1176	1175	1175	1177
2351	149415	1176	1176	1177	1176	1176	1176	1176	1176	1177	1176	1177	1176	1176	1176	1176	1177	1176	1176	1176	1177	1177	1176	1177	1176	1176	1177	1176	1176	1176	1176	1177	1176	1176	1176	1176	1177	1177	1177	1176	1177	1176	1176	1176	1176	1177	1176	1176	1176	1177	1176	1177	1176	1177	1176	1177	1177	1177	1177	1177	1177	1177	1177	1177	1176	1177	1176	1176	1176	1176	1177	1177	1176	1176	1176	1176	1176	1177	1177	1177	1176	1176	1177	1177	1176	1176	1177	1176	1177	1176	1176	1177	1177	1177	1176	1177	1177	1177	1177	1177	1177	1177	1177	1177	1176	1177	1177	1177	1177	1177	1176	1176	1177	1176	1177	1177	1176	1177	1177	1177	1177	1177	1177	1176	1177	1176	1177	1177	1176
2352	149907	1176	1177	1177	1177	1176	1177	1177	1177	1176	1177	1177	1178	1177	1178	1176	1177	1177	1177	1177	1177	1178	1178	1178	1178	1177	1177	1178	1178	1178	1178	1178	1178	1177	1177	1177	1177	1177	1177	1177	1177	1177	1177	1177	1177	1178	1177	1177	1177	1177	1177	1177	1177	1178	1177	1177	1177	1177	1177	1177	1176	1177	1177	1177	1177	1177	1177	1177	1177	1177	1177	1177	1177	1177	1178	1177	1178	1177	1177	1178	1177	1177	1177	1177	1178	1177	1177	1177	1177	1177	1177	1177	1177	1178	1178	1177	1177	1178	1178	1177	1177	1177	1177	1177	1178	1178	1177	1177	1178	1178	1178	1177	1177	1177	1177	1178	1176	1176	1178	1177	1177	1177	1177	1177	1177	1177	1177	1177	1177
2353	150400	1177	1177	1177	1177	1178	1178	1177	1178	1177	1178	1178	1177	1178	1177	1178	1178	1178	1178	1178	1178	1177	1179	1177	1177	1177	1177	1178	1178	1177	1178	1177	1178	1177	1178	1178	1177	1178	1177	1178	1178	1177	1177	1178	1177	1177	1178	1178	1177	1177	1176	1177	1177	1178	1177	1177	1178	1177	1177	1177	1177	1177	1177	1177	1177	1177	1177	1176	1176	1177	1176	1176	1177	1177	1177	1177	1177	1177	1177	1177	1177	1177	1177	1177	1177	1177	1178	1177	1177	1177	1177	1177	1177	1177	1177	1178	1178	1177	1178	1177	1177	1178	1177	1178	1178	1178	1177	1177	1178	1177	1178	1178	1177	1177	1177	1178	1177	1178	1178	1177	1178	1178	1178	1178	1178	1178	1178	1177	1178
2354	150892	1178	1179	1178	1178	1178	1178	1178	1178	1178	1178	1179	1179	1178	1179	1178	1179	1178	1178	1178	1178	1177	1178	1178	1178	1178	1178	1178	1178	1178	1178	1178	1177	1178	1178	1178	1178	1178	1178	1178	1178	1178	1178	1179	1178	1178	1178	1178	1178	1178	1178	1178	1178	1178	1178	1178	1178	1178	1178	1179	1178	1178	1178	1178	1178	1178	1178	1178	1178	1178	1178	1177	1178	1178	1178	1177	1178	1178	1177	1178	1178	1179	1178	1178	1178	1178	1178	1178	1178	1178	1178	1178	1178	1178	1179	1179	1179	1179	1179	1178	1179	1179	1178	1178	1178	1178	1178	1178	1178	1179	1178	1178	1178	1178	1178	1178	1178	1178	1178	1178	1178	1178	1178	1178	1178	1178	1178	1178	1178
2355	151384	1179	1178	1179	1179	1178	1178	1178	1178	1179	1179	1178	1178	1177	1178	1178	1178	1178	1178	1178	1178	1178	1178	1178	1179	1178	1178	1178	1178	1178	1178	1179	1177	1178	1178	1178	1178	1179	1178	1179	1178	1178	1178	1179	1179	1178	1178	1178	1178	1178	1179	1180	1178	1179	1179	1179	1178	1179	1179	1178	1179	1179	1179	1179	1179	1178	1179	1179	1179	1179	1179	1179	1179	1179	1179	1179	1179	1179	1179	1179	1179	1179	1179	1180	1179	1178	1179	1179	1179	1179	1179	1179	1179	1180	1178	1179	1179	1179	1180	1179	1180	1179	1179	1179	1179	1179	1179	1178	1180	1179	1178	1179	1178	1179	1179	1178	1178	1179	1179	1179	1178	1179	1179	1179	1178	1179	1179	1179	1178
2356	151876	1179	1179	1179	1179	1179	1179	1178	1179	1179	1179	1179	1179	1179	1179	1179	1179	1179	1179	1179	1179	1179	1179	1179	1179	1180	1179	1179	1179	1179	1179	1179	1179	1179	1179	1179	1179	1179	1179	1179	1179	1179	1179	1180	1179	1179	1179	1178	1179	1178	1179	1179	1178	1179	1179	1179	1179	1179	1179	1179	1179	1178	1179	1179	1179	1178	1179	1178	1178	1179	1179	1178	1179	1179	1179	1178	1179	1179	1178	1179	1179	1179	1179	1179	1179	1178	1179	1179	1179	1179	1179	1179	1179	1179	1178	1179	1179	1179	1179	1179	1179	1179	1179	1178	1179	1179	1179	1179	1179	1178	1179	1179	1178	1179	1178	1179	1179	1178	1179	1179	1178	1178	1178	1178	1179	1179	1179	1179	1179
2357	152369	1180	1180	1180	1180	1180	1180	1180	1179	1180	1180	1180	1180	1180	1179	1180	1179	1179	1180	1180	1180	1180	1179	1179	1180	1180	1179	1180	1180	1180	1180	1180	1179	1179	1180	1180	1180	1179	1179	1180	1179	1179	1179	1180	1179	1180	1180	1179	1180	1179	1179	1180	1179	1179	1179	1179	1179	1179	1179	1179	1179	1180	1180	1179	1179	1179	1179	1179	1179	1179	1179	1179	1179	1179	1179	1180	1179	1180	1179	1179	1179	1179	1179	1179	1180	1179	1179	1180	1180	1180	1180	1180	1180	1180	1181	1180	1179	1180	1180	1180	1180	1180	1180	1180	1180	1180	1179	1179	1178	1180	1179	1180	1180	1179	1179	1179	1180	1179	1180	1179	1179	1180	1180	1179	1180	1179	1180	1180	1179
2358	152861	1180	1181	1180	1181	1180	1181	1180	1180	1180	1180	1180	1180	1180	1180	1180	1180	1180	1180	1180	1180	1180	1181	1180	1180	1180	1180	1180	1181	1180	1180	1179	1180	1181	1180	1180	1180	1180	1181	1179	1180	1180	1181	1180	1179	1180	1180	1180	1180	1180	1180	1180	1180	1179	1180	1180	1180	1180	1180	1180	1180	1180	1180	1180	1180	1181	1180	1180	1180	1180	1180	1180	1180	1180	1180	1180	1180	1180	1180	1180	1180	1180	1181	1180	1180	1179	1179	1180	1179	1179	1180	1179	1180	1179	1180	1180	1179	1180	1180	1180	1180	1180	1180	1180	1180	1180	1180	1180	1180	1180	1180	1180	1180	1180	1180	1180	1180	1180	1180	1180	1180	1180	1180	1180	1180	1180	1180	1181	1180
2359	153353	1181	1181	1181	1181	1181	1181	1181	1180	1181	1181	1181	1181	1180	1181	1181	1180	1180	1180	1180	1181	1181	1180	1180	1180	1181	1181	1181	1181	1180	1181	1180	1181	1181	1181	1181	1181	1181	1181	1181	1181	1179	1181	1180	1181	1181	1180	1181	1181	1181	1181	1181	1180	1181	1181	1181	1181	1181	1181	1180	1181	1181	1181	1181	1181	1181	1181	1181	1181	1181	1180	1181	1181	1181	1181	1180	1181	1180	1180	1180	1180	1180	1180	1180	1181	1180	1180	1180	1180	1180	1180	1180	1181	1180	1180	1180	1180	1181	1179	1180	1180	1180	1180	1180	1180	1180	1180	1180	1181	1181	1180	1181	1181	1181	1181	1181	1180	1181	1180	1181	1181	1180	1180	1181	1181	1181	1181	1180	1181
2360	153846	1181	1181	1181	1182	1181	1181	1181	1181	1180	1181	1181	1182	1182	1181	1182	1181	1181	1181	1181	1181	1181	1181	1180	1181	1181	1181	1181	1181	1181	1181	1181	1181	1181	1181	1181	1181	1181	1181	1181	1181	1181	1181	1182	1182	1181	1181	1181	1182	1181	1181	1181	1181	1181	1182	1181	1182	1181	1182	1181	1182	1182	1181	1182	1181	1181	1181	1181	1182	1181	1181	1181	1181	1181	1181	1181	1181	1181	1181	1181	1181	1181	1181	1181	1181	1181	1181	1181	1181	1181	1180	1181	1181	1181	1180	1180	1180	1181	1181	1181	1181	1181	1182	1181	1181	1181	1181	1181	1181	1181	1180	1180	1180	1181	1181	1180	1181	1181	1181	1181	1182	1181	1182	1181	1182	1182	1182	1182	1181
2361	154338	1182	1182	1182	1182	1182	1182	1182	1182	1182	1182	1181	1182	1182	1182	1182	1182	1182	1181	1182	1182	1182	1181	1182	1182	1182	1182	1182	1182	1182	1181	1182	1182	1182	1182	1181	1181	1181	1182	1182	1181	1182	1181	1182	1182	1181	1182	1181	1182	1181	1182	1182	1182	1182	1182	1182	1182	1181	1182	1182	1182	1182	1182	1182	1182	1182	1182	1182	1182	1182	1181	1181	1182	1182	1182	1182	1182	1182	1182	1182	1182	1182	1182	1182	1182	1182	1182	1182	1181	1182	1183	1182	1181	1182	1182	1182	1181	1181	1182	1181	1181	1182	1182	1182	1181	1182	1181	1180	1182	1181	1182	1181	1181	1182	1181	1182	1181	1182	1181	1181	1181	1181	1181	1181	1181	1181	1182	1181	1181
2362	154830	1182	1182	1182	1183	1182	1182	1183	1183	1182	1183	1182	1182	1182	1182	1183	1183	1182	1182	1183	1182	1182	1182	1182	1182	1182	1182	1182	1182	1181	1182	1180	1182	1182	1182	1182	1182	1182	1182	1182	1183	1182	1182	1183	1182	1182	1182	1182	1182	1182	1183	1182	1182	1182	1182	1182	1182	1182	1183	1181	1182	1182	1182	1182	1182	1182	1182	1182	1182	1182	1182	1182	1182	1182	1182	1182	1182	1181	1182	1182	1182	1182	1182	1182	1183	1182	1182	1182	1182	1182	1182	1182	1182	1181	1182	1182	1182	1182	1183	1183	1182	1182	1182	1182	1182	1182	1182	1182	1183	1182	1183	1183	1182	1182	1182	1182	1182	1182	1182	1182	1182	1182	1182	1182	1181	1182	1182	1182	1182
2363	155323	1183	1182	1183	1182	1183	1183	1182	1183	1183	1182	1183	1182	1183	1182	1182	1182	1182	1182	1182	1183	1183	1182	1182	1182	1182	1182	1183	1182	1182	1183	1183	1183	1183	1183	1183	1183	1182	1182	1183	1183	1183	1183	1183	1183	1182	1182	1182	1182	1182	1182	1182	1182	1182	1182	1182	1183	1183	1183	1182	1183	1182	1183	1183	1183	1183	1183	1183	1183	1183	1183	1183	1183	1183	1182	1182	1182	1183	1182	1182	1182	1182	1182	1182	1182	1181	1183	1182	1183	1182	1182	1182	1181	1182	1182	1182	1182	1182	1182	1182	1182	1182	1182	1182	1183	1182	1182	1182	1182	1183	1182	1182	1182	1183	1183	1183	1183	1183	1183	1183	1182	1182	1183	1182	1183	1182	1183	1182	1182
2364	155815	1183	1183	1183	1184	1183	1183	1183	1183	1183	1183	1183	1183	1183	1183	1183	1183	1183	1182	1183	1183	1182	1183	1182	1183	1183	1183	1183	1183	1184	1182	1183	1183	1183	1183	1183	1183	1183	1183	1184	1183	1183	1183	1184	1183	1183	1184	1183	1183	1183	1183	1184	1183	1183	1184	1183	1183	1184	1184	1184	1183	1183	1184	1183	1183	1183	1183	1183	1183	1183	1183	1183	1183	1183	1182	1183	1183	1184	1183	1183	1184	1183	1183	1183	1183	1183	1183	1183	1183	1183	1183	1182	1182	1182	1182	1183	1183	1183	1183	1183	1183	1183	1183	1183	1183	1183	1183	1183	1183	1183	1183	1183	1183	1183	1183	1183	1183	1183	1183	1183	1183	1183	1183	1183	1183	1183	1183	1183	1183
2365	156307	1183	1183	1183	1183	1183	1183	1183	1184	1183	1184	1184	1183	1184	1183	1183	1183	1183	1183	1184	1183	1184	1183	1184	1183	1184	1183	1183	1183	1183	1183	1184	1183	1184	1184	1183	1184	1184	1184	1184	1184	1184	1183	1184	1184	1184	1183	1183	1184	1183	1184	1184	1183	1183	1183	1183	1183	1184	1184	1183	1184	1184	1184	1184	1184	1184	1184	1184	1184	1184	1184	1184	1184	1183	1184	1184	1184	1184	1184	1184	1184	1184	1184	1183	1184	1183	1184	1184	1184	1184	1183	1184	1183	1184	1183	1183	1184	1183	1184	1183	1183	1184	1183	1183	1183	1183	1184	1183	1183	1184	1184	1184	1184	1184	1183	1184	1184	1184	1184	1184	1184	1184	1183	1184	1183	1184	1184	1184	1184
2366	156800	1183	1184	1184	1184	1184	1184	1185	1184	1184	1184	1184	1184	1184	1185	1184	1185	1184	1184	1184	1184	1184	1184	1184	1184	1184	1184	1184	1184	1184	1184	1184	1184	1184	1184	1184	1183	1184	1183	1184	1183	1184	1184	1184	1183	1184	1184	1183	1184	1184	1184	1184	1184	1184	1184	1184	1184	1183	1184	1183	1184	1184	1184	1183	1184	1184	1184	1184	1184	1184	1183	1184	1184	1184	1184	1184	1184	1184	1184	1184	1184	1184	1184	1184	1184	1183	1184	1184	1184	1184	1184	1184	1184	1184	1184	1184	1184	1184	1184	1184	1183	1184	1184	1184	1184	1184	1184	1185	1184	1184	1183	1183	1184	1184	1184	1184	1184	1184	1184	1184	1184	1184	1184	1184	1184	1184	1184	1185	1184
2367	157292	1184	1184	1184	1184	1184	1185	1185	1185	1184	1185	1185	1185	1185	1184	1184	1185	1185	1185	1184	1185	1184	1185	1184	1184	1185	1184	1185	1185	1185	1185	1184	1185	1184	1185	1185	1184	1184	1184	1184	1184	1184	1184	1185	1185	1184	1184	1185	1184	1185	1184	1184	1184	1184	1185	1184	1184	1184	1184	1184	1185	1184	1184	1184	1184	1185	1184	1185	1184	1185	1185	1184	1184	1184	1185	1185	1185	1184	1185	1185	1185	1185	1186	1185	1185	1186	1186	1185	1185	1185	1185	1186	1185	1186	1185	1185	1186	1185	1184	1184	1187	1185	1185	1185	1185	1185	1185	1185	1185	1185	1185	1185	1185	1184	1185	1185	1184	1184	1184	1184	1185	1185	1184	1185	1185	1184	1185	1184	1184
2368	157784	1184	1185	1184	1185	1185	1184	1185	1184	1186	1185	1185	1185	1185	1185	1186	1185	1185	1185	1185	1185	1184	1184	1184	1185	1185	1185	1186	1185	1185	1185	1185	1186	1185	1185	1186	1186	1186	1185	1185	1185	1185	1185	1185	1185	1185	1185	1183	1185	1186	1185	1185	1185	1184	1185	1185	1185	1185	1185	1185	1185	1185	1185	1185	1185	1185	1186	1185	1185	1185	1185	1184	1185	1184	1185	1185	1185	1185	1185	1185	1185	1185	1185	1185	1185	1184	1184	1185	1185	1185	1185	1185	1185	1186	1185	1185	1185	1185	1185	1185	1185	1185	1184	1185	1184	1185	1184	1185	1185	1185	1185	1185	1185	1185	1185	1185	1185	1185	1185	1185	1185	1185	1185	1185	1184	1185	1185	1185	1185
2369	158276	1185	1186	1185	1185	1185	1186	1185	1185	1185	1186	1185	1186	1186	1185	1185	1186	1185	1185	1185	1185	1186	1185	1186	1185	1186	1186	1186	1186	1186	1186	1186	1186	1186	1186	1186	1186	1186	1186	1186	1186	1186	1186	1186	1186	1186	1186	1185	1186	1185	1186	1185	1186	1186	1185	1185	1186	1185	1185	1185	1185	1185	1185	1185	1185	1186	1185	1186	1185	1186	1185	1186	1186	1185	1186	1185	1186	1185	1185	1185	1185	1185	1185	1185	1185	1185	1185	1185	1185	1185	1185	1186	1185	1185	1185	1185	1185	1185	1185	1185	1185	1185	1185	1185	1185	1185	1185	1185	1185	1185	1185	1185	1185	1186	1185	1185	1185	1185	1186	1185	1186	1186	1185	1185	1185	1186	1185	1185	1186
2370	158769	1186	1186	1186	1186	1186	1186	1187	1186	1186	1186	1187	1186	1186	1187	1186	1186	1186	1186	1187	1186	1187	1186	1186	1186	1186	1186	1187	1186	1187	1187	1187	1186	1186	1187	1187	1187	1186	1186	1187	1186	1186	1186	1186	1186	1186	1186	1187	1187	1186	1186	1186	1186	1186	1186	1186	1186	1186	1186	1186	1186	1186	1186	1186	1186	1186	1186	1185	1186	1186	1186	1186	1186	1186	1186	1187	1187	1186	1186	1186	1186	1187	1186	1186	1186	1186	1186	1186	1186	1185	1187	1185	1186	1185	1186	1185	1186	1185	1185	1186	1186	1186	1185	1186	1186	1186	1186	1187	1186	1186	1186	1186	1186	1186	1187	1186	1186	1185	1187	1186	1185	1185	1185	1185	1186	1186	1186	1185	1185
2371	159261	1186	1186	1186	1187	1186	1186	1186	1186	1186	1186	1186	1186	1187	1187	1186	1186	1186	1186	1187	1186	1186	1186	1186	1187	1187	1186	1186	1187	1186	1187	1186	1186	1187	1186	1186	1186	1187	1187	1186	1186	1187	1187	1187	1186	1186	1187	1186	1186	1186	1187	1186	1186	1186	1186	1186	1186	1186	1186	1185	1186	1185	1185	1186	1186	1186	1186	1186	1186	1186	1187	1186	1186	1186	1186	1186	1186	1186	1186	1186	1186	1186	1186	1186	1186	1187	1187	1187	1186	1187	1187	1187	1187	1187	1187	1187	1187	1187	1186	1187	1187	1187	1187	1186	1187	1187	1186	1186	1186	1186	1187	1187	1186	1186	1186	1187	1187	1186	1186	1186	1187	1186	1186	1188	1186	1186	1186	1186	1186
2372	159753	1187	1187	1187	1187	1186	1187	1187	1187	1187	1187	1187	1187	1187	1187	1187	1187	1187	1188	1187	1187	1188	1188	1188	1188	1188	1187	1187	1188	1187	1187	1186	1187	1187	1187	1187	1187	1187	1187	1187	1187	1187	1188	1187	1187	1187	1186	1187	1187	1187	1187	1187	1186	1187	1187	1187	1187	1187	1187	1187	1187	1187	1187	1187	1187	1187	1187	1187	1187	1187	1186	1187	1187	1187	1187	1187	1187	1187	1187	1187	1187	1186	1187	1186	1187	1186	1187	1188	1187	1187	1187	1187	1187	1187	1188	1187	1187	1187	1187	1187	1187	1187	1187	1187	1187	1187	1187	1187	1187	1187	1187	1187	1187	1187	1187	1187	1187	1188	1187	1187	1187	1187	1186	1187	1186	1186	1187	1187	1188
2373	160246	1187	1188	1187	1188	1188	1187	1188	1188	1188	1188	1187	1188	1187	1187	1188	1187	1187	1187	1187	1187	1187	1187	1187	1187	1188	1188	1187	1187	1188	1188	1188	1188	1188	1188	1188	1188	1188	1187	1187	1188	1188	1187	1187	1187	1187	1187	1188	1188	1187	1187	1188	1188	1188	1188	1188	1188	1188	1188	1188	1188	1188	1188	1188	1188	1187	1188	1188	1187	1187	1187	1187	1187	1188	1188	1187	1188	1188	1188	1188	1188	1188	1188	1187	1188	1188	1188	1188	1187	1188	1187	1188	1187	1188	1187	1188	1187	1188	1188	1187	1187	1187	1187	1188	1187	1188	1187	1187	1188	1188	1188	1188	1187	1188	1187	1188	1187	1187	1187	1188	1187	1187	1188	1187	1187	1187	1187	1187	1188
2374	160738	1189	1188	1188	1188	1188	1188	1188	1189	1189	1188	1188	1188	1188	1188	1188	1188	1188	1188	1188	1188	1188	1188	1188	1188	1188	1188	1188	1188	1188	1188	1188	1187	1188	1187	1188	1188	1188	1188	1188	1189	1188	1188	1188	1188	1188	1188	1188	1188	1188	1188	1188	1188	1188	1188	1188	1188	1188	1188	1188	1189	1188	1188	1188	1188	1188	1188	1188	1188	1189	1189	1188	1188	1188	1188	1188	1188	1188	1188	1189	1188	1188	1188	1188	1187	1187	1188	1188	1188	1188	1188	1188	1188	1188	1188	1188	1188	1188	1188	1188	1188	1188	1188	1188	1187	1188	1188	1188	1188	1187	1188	1188	1188	1188	1188	1188	1188	1188	1188	1188	1188	1188	1188	1188	1187	1188	1188	1187	1188
2375	161230	1188	1188	1188	1188	1188	1189	1188	1188	1188	1188	1189	1188	1188	1188	1188	1188	1188	1189	1188	1188	1188	1188	1188	1188	1188	1189	1188	1189	1189	1189	1189	1188	1188	1189	1189	1189	1188	1189	1189	1189	1189	1188	1188	1189	1189	1189	1188	1189	1188	1189	1189	1188	1188	1188	1189	1189	1188	1189	1188	1188	1188	1188	1188	1188	1188	1188	1187	1188	1188	1188	1188	1189	1188	1188	1189	1188	1188	1188	1189	1189	1188	1188	1189	1189	1188	1188	1189	1189	1189	1189	1188	1189	1189	1188	1189	1188	1189	1189	1188	1189	1189	1190	1189	1189	1189	1189	1189	1189	1189	1189	1189	1189	1189	1189	1189	1189	1189	1189	1188	1188	1188	1189	1189	1189	1188	1188	1188	1188
2376	161723	1189	1189	1189	1188	1189	1189	1189	1189	1188	1189	1189	1188	1189	1189	1189	1188	1189	1189	1188	1189	1189	1189	1189	1188	1189	1189	1189	1189	1189	1189	1188	1189	1189	1189	1189	1188	1188	1189	1188	1189	1188	1189	1189	1188	1189	1189	1188	1189	1189	1189	1189	1189	1189	1189	1189	1189	1189	1189	1189	1189	1189	1189	1189	1189	1189	1189	1189	1189	1189	1189	1189	1189	1189	1189	1190	1189	1189	1189	1189	1189	1189	1189	1189	1190	1189	1189	1189	1189	1189	1189	1190	1189	1189	1188	1189	1189	1189	1189	1189	1188	1189	1189	1189	1189	1189	1189	1189	1189	1189	1189	1189	1188	1189	1189	1189	1189	1189	1190	1189	1189	1189	1189	1189	1189	1189	1189	1189	1189
2377	162215	1190	1190	1190	1189	1189	1189	1189	1189	1189	1189	1190	1189	1189	1189	1190	1190	1190	1190	1190	1189	1190	1190	1190	1189	1189	1190	1190	1189	1190	1189	1189	1189	1189	1189	1189	1189	1190	1189	1190	1189	1190	1190	1189	1190	1190	1190	1190	1190	1190	1190	1189	1190	1190	1190	1190	1189	1189	1190	1189	1190	1189	1190	1190	1190	1190	1190	1189	1190	1190	1189	1190	1190	1189	1189	1189	1190	1189	1189	1189	1189	1189	1190	1189	1190	1190	1190	1190	1190	1190	1189	1190	1190	1190	1191	1190	1190	1189	1190	1189	1189	1189	1189	1189	1189	1190	1190	1189	1190	1190	1189	1189	1189	1189	1189	1189	1190	1189	1189	1190	1189	1189	1189	1189	1190	1189	1189	1189	1189
2378	162707	1189	1189	1190	1191	1190	1190	1190	1190	1190	1190	1190	1190	1190	1189	1190	1190	1189	1190	1190	1191	1190	1190	1190	1190	1190	1191	1190	1190	1189	1189	1191	1190	1191	1190	1190	1191	1190	1191	1190	1190	1190	1190	1190	1190	1190	1191	1190	1191	1190	1190	1191	1189	1189	1190	1190	1190	1189	1190	1189	1190	1189	1189	1189	1189	1189	1190	1188	1189	1189	1190	1190	1189	1190	1190	1190	1190	1190	1190	1190	1190	1189	1190	1190	1190	1190	1190	1189	1190	1190	1190	1190	1190	1190	1190	1190	1190	1190	1190	1190	1190	1190	1190	1190	1190	1190	1189	1190	1190	1191	1190	1190	1190	1190	1190	1190	1190	1190	1190	1190	1190	1190	1191	1190	1190	1190	1190	1190	1190
2379	163200	1191	1191	1191	1191	1191	1191	1191	1190	1190	1190	1191	1191	1190	1191	1190	1191	1190	1191	1190	1191	1191	1190	1190	1191	1191	1191	1191	1191	1191	1190	1190	1191	1191	1190	1191	1190	1190	1190	1191	1191	1191	1190	1191	1190	1191	1191	1191	1191	1191	1190	1191	1191	1191	1191	1191	1190	1190	1191	1191	1191	1191	1190	1190	1191	1190	1190	1191	1190	1192	1190	1190	1191	1191	1191	1191	1191	1191	1191	1191	1191	1191	1191	1191	1191	1190	1190	1191	1191	1191	1190	1191	1190	1190	1190	1190	1190	1190	1191	1190	1190	1190	1190	1190	1190	1191	1190	1189	1190	1190	1190	1190	1190	1191	1191	1190	1190	1191	1190	1191	1190	1190	1191	1190	1190	1190	1190	1190	1190
2380	163692	1191	1191	1191	1191	1191	1191	1191	1191	1191	1191	1191	1191	1191	1191	1191	1191	1191	1191	1191	1191	1191	1190	1191	1191	1191	1190	1191	1191	1191	1191	1191	1191	1191	1191	1191	1191	1191	1191	1191	1191	1191	1191	1192	1191	1191	1191	1191	1191	1192	1191	1191	1191	1191	1191	1191	1191	1191	1191	1191	1191	1191	1191	1191	1191	1191	1191	1191	1191	1191	1191	1190	1190	1191	1191	1191	1190	1191	1191	1191	1190	1190	1190	1191	1191	1190	1190	1191	1191	1191	1191	1191	1191	1192	1191	1191	1191	1191	1191	1191	1191	1191	1190	1191	1191	1191	1192	1191	1191	1190	1191	1191	1191	1191	1191	1191	1191	1191	1191	1191	1191	1191	1191	1191	1191	1190	1191	1191	1191
2381	164184	1193	1192	1191	1192	1192	1192	1192	1191	1192	1191	1192	1191	1191	1192	1191	1192	1192	1191	1191	1191	1191	1191	1190	1191	1191	1191	1191	1191	1191	1192	1192	1192	1191	1191	1191	1191	1191	1191	1192	1191	1191	1191	1191	1191	1191	1192	1192	1191	1191	1191	1191	1192	1191	1191	1191	1191	1191	1191	1192	1192	1191	1192	1192	1192	1191	1191	1192	1191	1192	1192	1192	1192	1192	1191	1192	1192	1191	1191	1191	1192	1192	1192	1191	1191	1191	1192	1192	1192	1191	1192	1192	1191	1191	1191	1191	1192	1191	1191	1191	1191	1191	1191	1191	1192	1191	1191	1191	1191	1191	1191	1191	1191	1191	1191	1190	1191	1191	1191	1191	1191	1191	1191	1191	1191	1191	1190	1191	1191
2382	164676	1191	1192	1192	1192	1192	1192	1192	1192	1192	1192	1192	1191	1192	1192	1192	1192	1192	1192	1192	1192	1192	1192	1192	1192	1192	1192	1192	1192	1192	1192	1192	1192	1191	1192	1192	1193	1192	1192	1191	1192	1192	1192	1192	1193	1192	1192	1192	1192	1192	1192	1192	1192	1191	1192	1192	1192	1192	1192	1192	1192	1192	1192	1193	1192	1193	1192	1192	1192	1192	1192	1192	1192	1192	1192	1192	1192	1192	1192	1192	1192	1192	1193	1193	1192	1193	1193	1193	1192	1192	1193	1193	1192	1193	1192	1193	1192	1192	1192	1192	1192	1192	1192	1192	1192	1192	1192	1193	1192	1192	1192	1192	1192	1192	1192	1192	1192	1192	1192	1191	1192	1191	1191	1192	1192	1192	1192	1192	1192
2383	165169	1193	1193	1193	1193	1192	1192	1193	1193	1192	1192	1192	1192	1193	1192	1193	1192	1193	1193	1192	1193	1192	1193	1193	1192	1192	1193	1192	1192	1192	1192	1192	1192	1192	1192	1192	1192	1192	1192	1192	1192	1192	1193	1192	1192	1192	1192	1193	1192	1192	1192	1192	1192	1192	1192	1192	1192	1192	1192	1192	1192	1192	1192	1192	1192	1192	1192	1192	1192	1192	1192	1193	1192	1192	1192	1193	1192	1192	1192	1192	1192	1192	1192	1191	1192	1191	1192	1192	1192	1192	1193	1193	1192	1192	1192	1192	1193	1192	1193	1192	1192	1192	1192	1192	1193	1193	1193	1192	1192	1192	1192	1193	1193	1192	1192	1192	1192	1193	1192	1192	1191	1192	1193	1192	1193	1192	1192	1192	1192
2384	165661	1193	1193	1192	1193	1193	1193	1193	1192	1192	1192	1193	1194	1193	1192	1193	1193	1193	1193	1193	1193	1193	1193	1193	1193	1192	1193	1193	1192	1193	1193	1193	1193	1193	1193	1193	1193	1193	1193	1193	1193	1193	1193	1193	1193	1192	1193	1193	1193	1192	1192	1193	1192	1193	1192	1193	1193	1193	1193	1193	1192	1194	1193	1193	1193	1193	1193	1192	1193	1193	1192	1193	1193	1192	1193	1192	1192	1192	1192	1193	1192	1193	1192	1193	1193	1192	1193	1193	1193	1193	1193	1193	1193	1193	1193	1193	1193	1192	1193	1193	1192	1193	1193	1192	1193	1193	1193	1192	1193	1193	1193	1193	1193	1193	1193	1193	1193	1193	1193	1194	1193	1192	1193	1193	1192	1193	1193	1193	1192
2385	166153	1194	1193	1193	1193	1193	1193	1193	1193	1194	1193	1193	1194	1193	1193	1194	1193	1193	1193	1193	1193	1193	1193	1193	1193	1193	1193	1193	1193	1193	1193	1193	1193	1193	1194	1193	1193	1194	1193	1194	1193	1193	1194	1193	1193	1193	1193	1193	1193	1193	1194	1193	1193	1194	1193	1194	1194	1194	1193	1194	1193	1194	1193	1194	1193	1193	1193	1194	1194	1193	1193	1193	1193	1193	1193	1193	1193	1194	1194	1193	1194	1193	1193	1194	1194	1193	1194	1194	1193	1193	1193	1194	1194	1194	1193	1194	1194	1194	1194	1193	1194	1194	1194	1194	1194	1193	1194	1194	1193	1193	1193	1194	1194	1193	1193	1192	1193	1193	1194	1193	1193	1193	1192	1193	1193	1192	1193	1193	1193
2386	166646	1193	1194	1194	1194	1194	1194	1193	1194	1194	1193	1193	1194	1193	1194	1194	1194	1194	1195	1194	1194	1194	1194	1194	1194	1194	1194	1194	1194	1194	1194	1194	1193	1194	1194	1194	1194	1194	1194	1194	1194	1194	1194	1194	1194	1194	1194	1193	1194	1194	1193	1193	1194	1194	1194	1193	1193	1193	1193	1193	1193	1193	1193	1193	1194	1194	1193	1194	1194	1194	1194	1194	1194	1194	1193	1194	1194	1193	1194	1194	1194	1194	1193	1193	1193	1194	1194	1194	1194	1194	1194	1194	1194	1194	1194	1194	1195	1195	1194	1194	1194	1194	1194	1194	1195	1194	1194	1194	1194	1194	1194	1195	1193	1194	1194	1194	1195	1194	1193	1195	1195	1194	1194	1194	1194	1195	1195	1194	1194
2387	167138	1194	1195	1194	1194	1194	1194	1195	1195	1194	1195	1194	1195	1194	1194	1194	1195	1194	1195	1195	1195	1195	1194	1195	1194	1194	1195	1194	1194	1195	1195	1195	1194	1194	1195	1195	1195	1195	1195	1195	1195	1195	1195	1194	1195	1194	1195	1194	1195	1195	1195	1194	1195	1194	1195	1194	1195	1194	1194	1195	1194	1194	1194	1195	1194	1195	1195	1194	1194	1195	1195	1194	1195	1195	1195	1195	1195	1195	1195	1195	1194	1194	1194	1194	1194	1194	1193	1194	1195	1194	1194	1194	1194	1195	1195	1195	1194	1195	1195	1195	1195	1195	1194	1195	1195	1195	1195	1194	1194	1194	1194	1195	1194	1195	1194	1195	1195	1195	1194	1194	1194	1195	1195	1195	1194	1195	1195	1194	1194
2388	167630	1195	1195	1195	1195	1195	1195	1195	1195	1195	1195	1195	1194	1194	1195	1195	1195	1195	1195	1195	1195	1195	1195	1195	1194	1194	1195	1195	1194	1195	1195	1195	1195	1195	1195	1195	1194	1194	1194	1194	1195	1195	1195	1195	1195	1195	1195	1195	1195	1195	1195	1196	1195	1195	1195	1195	1195	1195	1195	1195	1195	1195	1195	1195	1195	1195	1195	1195	1194	1195	1195	1195	1195	1195	1196	1195	1195	1195	1195	1195	1195	1195	1195	1195	1195	1195	1195	1195	1195	1196	1195	1195	1195	1195	1195	1195	1195	1195	1195	1195	1195	1196	1195	1196	1195	1195	1196	1196	1195	1195	1196	1195	1195	1195	1195	1195	1196	1195	1195	1196	1196	1195	1195	1195	1195	1195	1196	1195	1195
2389	168123	1195	1195	1195	1196	1195	1195	1195	1195	1196	1196	1196	1195	1196	1196	1195	1196	1195	1196	1196	1196	1196	1195	1196	1196	1196	1196	1196	1195	1195	1196	1196	1195	1195	1195	1196	1195	1195	1195	1195	1195	1195	1195	1195	1195	1196	1196	1195	1195	1195	1195	1195	1196	1195	1196	1195	1195	1195	1195	1195	1196	1195	1196	1195	1195	1195	1195	1196	1195	1196	1195	1196	1196	1196	1196	1196	1196	1195	1196	1195	1196	1195	1196	1195	1196	1196	1195	1195	1196	1196	1195	1196	1196	1196	1196	1196	1196	1195	1196	1196	1195	1196	1196	1196	1195	1195	1195	1196	1195	1195	1195	1195	1195	1196	1196	1195	1196	1196	1196	1195	1195	1195	1195	1196	1196	1195	1195	1195	1195
2390	168615	1196	1196	1196	1195	1196	1195	1195	1196	1196	1196	1196	1196	1196	1196	1196	1196	1196	1196	1195	1196	1196	1196	1196	1196	1196	1196	1196	1195	1196	1196	1196	1196	1196	1196	1196	1196	1196	1196	1196	1196	1196	1197	1196	1196	1196	1196	1196	1196	1196	1195	1196	1196	1196	1196	1196	1196	1196	1196	1196	1196	1196	1196	1196	1196	1195	1196	1196	1195	1195	1197	1197	1196	1196	1196	1196	1196	1196	1196	1195	1195	1196	1196	1196	1196	1197	1197	1196	1196	1197	1197	1196	1197	1195	1197	1197	1197	1196	1197	1196	1196	1196	1196	1197	1197	1196	1196	1197	1196	1196	1196	1197	1195	1196	1197	1196	1196	1196	1196	1196	1196	1196	1196	1196	1196	1196	1196	1196	1196
2391	169107	1196	1197	1197	1196	1197	1197	1196	1197	1196	1197	1196	1197	1197	1196	1197	1196	1197	1197	1197	1197	1197	1197	1197	1196	1197	1197	1197	1197	1197	1196	1196	1196	1196	1196	1196	1197	1196	1196	1197	1196	1196	1196	1196	1197	1196	1196	1196	1196	1196	1196	1196	1196	1196	1196	1196	1196	1197	1196	1196	1196	1196	1196	1196	1196	1196	1196	1196	1196	1196	1197	1196	1196	1196	1196	1196	1196	1196	1196	1196	1196	1196	1197	1197	1196	1196	1197	1197	1196	1197	1197	1197	1196	1196	1197	1196	1196	1196	1196	1197	1196	1197	1196	1196	1196	1196	1196	1196	1196	1196	1196	1196	1196	1196	1196	1196	1196	1196	1196	1196	1196	1196	1196	1197	1195	1196	1196	1196	1196
2392	169600	1197	1197	1197	1197	1197	1197	1197	1197	1197	1197	1197	1197	1196	1197	1197	1196	1197	1196	1197	1197	1197	1197	1197	1197	1197	1197	1197	1197	1197	1197	1197	1197	1197	1197	1197	1197	1197	1198	1197	1197	1197	1196	1197	1198	1197	1198	1197	1197	1197	1197	1197	1197	1197	1197	1197	1197	1197	1197	1197	1197	1196	1197	1197	1197	1197	1196	1196	1197	1197	1197	1197	1197	1197	1196	1196	1197	1197	1197	1196	1197	1197	1197	1197	1197	1198	1196	1197	1197	1197	1197	1197	1197	1197	1197	1197	1197	1197	1197	1197	1197	1196	1197	1197	1197	1197	1196	1197	1197	1197	1197	1196	1197	1196	1197	1196	1196	1197	1196	1196	1196	1197	1197	1196	1197	1197	1197	1197	1197
2393	170092	1197	1196	1197	1197	1197	1197	1197	1197	1197	1196	1197	1196	1197	1198	1197	1197	1197	1197	1198	1198	1198	1197	1197	1197	1198	1197	1197	1198	1197	1198	1198	1198	1196	1198	1198	1197	1198	1198	1197	1198	1197	1198	1198	1198	1198	1198	1199	1198	1198	1198	1197	1200	1198	1197	1197	1197	1198	1198	1198	1198	1197	1198	1197	1198	1197	1198	1197	1198	1197	1198	1197	1197	1197	1198	1197	1197	1197	1197	1197	1197	1197	1197	1197	1197	1197	1198	1197	1197	1198	1198	1197	1197	1198	1197	1197	1197	1198	1197	1197	1198	1197	1197	1197	1197	1197	1197	1197	1198	1198	1197	1197	1197	1197	1197	1197	1198	1198	1197	1197	1197	1197	1197	1198	1197	1198	1198	1197	1197
2394	170584	1198	1198	1198	1198	1197	1198	1198	1198	1198	1198	1198	1198	1198	1198	1198	1198	1198	1197	1198	1198	1198	1198	1198	1198	1198	1198	1198	1198	1198	1198	1198	1198	1198	1198	1198	1198	1199	1198	1199	1197	1198	1198	1197	1198	1198	1198	1198	1198	1198	1198	1197	1198	1198	1198	1198	1198	1198	1199	1199	1198	1197	1198	1198	1198	1198	1198	1198	1198	1198	1198	1198	1198	1197	1197	1198	1197	1198	1197	1198	1198	1198	1198	1198	1198	1199	1198	1198	1198	1198	1199	1197	1198	1197	1197	1198	1197	1197	1198	1197	1198	1198	1198	1197	1198	1198	1198	1198	1198	1198	1198	1198	1198	1198	1198	1198	1198	1198	1198	1198	1197	1198	1198	1198	1198	1198	1197	1198	1198
2395	171076	1199	1199	1199	1199	1199	1199	1199	1199	1199	1199	1199	1198	1198	1199	1198	1199	1198	1199	1198	1198	1198	1198	1198	1199	1199	1198	1198	1198	1199	1199	1199	1198	1198	1198	1198	1199	1198	1198	1198	1198	1198	1199	1198	1198	1198	1198	1198	1198	1199	1198	1198	1198	1198	1198	1198	1198	1199	1199	1198	1198	1198	1198	1198	1199	1199	1199	1199	1198	1199	1198	1199	1199	1200	1198	1198	1199	1198	1199	1198	1198	1198	1199	1198	1198	1199	1199	1198	1199	1198	1198	1199	1199	1199	1198	1198	1198	1198	1198	1198	1198	1198	1198	1199	1198	1198	1198	1198	1198	1198	1199	1199	1198	1198	1198	1198	1198	1199	1199	1198	1199	1198	1199	1198	1198	1198	1198	1199	1198
2396	171569	1199	1199	1199	1199	1199	1199	1199	1199	1199	1199	1199	1199	1199	1199	1199	1198	1199	1199	1199	1199	1199	1199	1199	1199	1199	1199	1199	1199	1199	1199	1198	1199	1199	1198	1199	1199	1199	1199	1199	1198	1199	1199	1198	1199	1199	1199	1199	1199	1199	1199	1199	1199	1199	1199	1199	1199	1199	1199	1199	1199	1199	1198	1199	1199	1199	1198	1199	1199	1199	1198	1198	1198	1199	1199	1199	1198	1199	1199	1199	1199	1199	1199	1199	1199	1199	1198	1198	1199	1199	1199	1199	1199	1199	1199	1199	1199	1199	1199	1199	1198	1199	1199	1198	1199	1198	1198	1199	1199	1199	1199	1199	1200	1198	1199	1199	1198	1199	1198	1199	1199	1198	1198	1198	1199	1199	1198	1198	1198
2397	172061	1198	1199	1199	1199	1199	1199	1199	1199	1199	1199	1199	1199	1199	1199	1199	1198	1198	1199	1199	1200	1199	1200	1199	1199	1199	1199	1199	1199	1199	1199	1199	1199	1200	1199	1200	1199	1199	1200	1200	1200	1200	1200	1200	1200	1200	1200	1199	1199	1200	1200	1199	1200	1200	1199	1200	1199	1200	1199	1200	1200	1200	1200	1199	1200	1200	1200	1199	1200	1200	1200	1199	1199	1198	1199	1199	1199	1199	1199	1199	1199	1199	1199	1199	1199	1199	1199	1199	1199	1199	1199	1200	1199	1199	1199	1199	1199	1199	1199	1199	1199	1199	1199	1199	1199	1199	1199	1200	1199	1200	1199	1199	1199	1199	1200	1200	1200	1200	1200	1199	1199	1200	1199	1199	1199	1199	1199	1199	1200
2398	172553	1200	1200	1201	1200	1200	1200	1200	1200	1199	1200	1200	1200	1200	1199	1199	1200	1200	1200	1200	1200	1200	1200	1200	1200	1200	1200	1200	1200	1200	1200	1200	1200	1200	1200	1200	1199	1200	1200	1200	1200	1200	1200	1200	1200	1200	1200	1200	1200	1200	1200	1200	1200	1200	1200	1200	1200	1200	1200	1200	1200	1200	1199	1200	1199	1200	1199	1200	1200	1200	1200	1200	1200	1200	1200	1200	1200	1200	1200	1200	1199	1200	1199	1199	1200	1199	1199	1199	1200	1199	1199	1199	1200	1200	1200	1199	1200	1199	1199	1199	1199	1199	1200	1199	1199	1199	1200	1200	1200	1200	1200	1199	1200	1200	1200	1200	1200	1200	1200	1200	1200	1200	1199	1200	1200	1200	1200	1200	1200
2399	173046	1201	1200	1201	1200	1200	1201	1201	1200	1201	1200	1200	1201	1200	1200	1201	1201	1200	1201	1201	1200	1200	1200	1201	1200	1201	1201	1198	1200	1200	1199	1200	1200	1200	1200	1200	1200	1200	1200	1200	1200	1200	1200	1200	1200	1200	1202	1200	1200	1199	1200	1200	1198	1200	1199	1200	1200	1200	1200	1200	1200	1200	1200	1200	1200	1199	1200	1200	1200	1200	1200	1200	1200	1200	1200	1200	1200	1201	1200	1200	1200	1200	1200	1200	1200	1200	1200	1200	1200	1200	1200	1200	1200	1200	1200	1201	1200	1200	1200	1201	1201	1200	1200	1201	1200	1200	1200	1200	1201	1200	1201	1200	1200	1200	1201	1200	1200	1200	1200	1201	1200	1200	1200	1200	1200	1200	1200	1200	1200
2400	173538	1201	1201	1201	1201	1200	1201	1201	1202	1201	1201	1200	1201	1201	1201	1201	1201	1201	1201	1201	1200	1201	1201	1201	1201	1201	1201	1200	1201	1201	1200	1201	1200	1200	1201	1200	1201	1200	1200	1200	1201	1201	1201	1200	1200	1201	1201	1200	1201	1201	1201	1201	1201	1201	1201	1201	1201	1201	1201	1200	1201	1201	1201	1201	1200	1201	1201	1200	1201	1200	1200	1201	1200	1200	1201	1201	1201	1200	1201	1201	1201	1200	1200	1201	1201	1201	1201	1201	1201	1200	1201	1200	1200	1200	1200	1201	1200	1201	1200	1200	1200	1201	1201	1200	1201	1200	1201	1201	1201	1201	1201	1200	1201	1201	1201	1201	1201	1200	1201	1201	1201	1201	1201	1201	1201	1201	1201	1201	1201
2401	174030	1201	1201	1201	1201	1201	1201	1201	1201	1201	1201	1201	1201	1201	1201	1201	1201	1201	1201	1201	1202	1201	1200	1201	1201	1201	1201	1201	1201	1202	1201	1201	1201	1202	1202	1201	1202	1202	1202	1202	1202	1202	1202	1201	1201	1201	1202	1201	1201	1201	1201	1201	1202	1201	1201	1201	1202	1202	1201	1201	1201	1202	1201	1201	1201	1202	1201	1201	1201	1201	1201	1201	1200	1201	1201	1201	1201	1201	1201	1201	1201	1201	1201	1201	1202	1201	1201	1201	1201	1201	1201	1202	1201	1201	1201	1201	1201	1201	1201	1201	1201	1202	1201	1201	1201	1201	1201	1201	1202	1201	1201	1201	1201	1201	1201	1201	1201	1201	1202	1201	1201	1201	1201	1201	1201	1201	1201	1201	1201
2402	174523	1202	1202	1201	1202	1201	1202	1201	1202	1202	1202	1203	1202	1203	1202	1203	1203	1202	1203	1203	1202	1202	1202	1203	1202	1201	1203	1203	1202	1202	1202	1202	1202	1202	1201	1202	1202	1201	1201	1202	1202	1202	1202	1202	1202	1202	1202	1202	1201	1201	1202	1201	1201	1201	1202	1201	1201	1201	1201	1201	1201	1201	1202	1202	1201	1201	1202	1202	1201	1202	1202	1202	1202	1202	1202	1202	1202	1202	1202	1202	1202	1202	1200	1201	1202	1202	1201	1201	1202	1202	1202	1202	1202	1202	1203	1202	1202	1202	1202	1202	1202	1203	1202	1202	1202	1202	1202	1202	1202	1202	1202	1202	1202	1201	1202	1201	1202	1202	1202	1202	1201	1201	1202	1201	1202	1201	1202	1202	1201
2403	175015	1202	1202	1202	1202	1202	1202	1202	1202	1202	1202	1202	1202	1202	1202	1202	1203	1202	1203	1202	1202	1203	1202	1202	1202	1203	1202	1202	1202	1202	1202	1202	1203	1202	1202	1202	1201	1202	1203	1202	1203	1202	1202	1201	1203	1202	1202	1203	1202	1201	1202	1202	1202	1202	1202	1202	1202	1202	1202	1202	1202	1202	1202	1202	1203	1202	1202	1202	1202	1202	1201	1202	1201	1202	1201	1202	1201	1201	1202	1201	1202	1202	1202	1202	1203	1202	1202	1202	1202	1202	1202	1202	1203	1202	1203	1202	1202	1203	1202	1203	1202	1202	1202	1202	1202	1202	1201	1202	1202	1203	1202	1203	1202	1202	1204	1202	1203	1202	1202	1202	1202	1202	1202	1202	1202	1202	1202	1202	1202
2404	175507	1202	1203	1202	1202	1203	1202	1203	1202	1202	1203	1203	1202	1203	1203	1203	1203	1203	1203	1204	1202	1202	1203	1203	1203	1203	1203	1202	1202	1202	1203	1203	1203	1203	1202	1202	1203	1203	1202	1203	1202	1203	1202	1203	1203	1202	1202	1202	1203	1203	1203	1202	1203	1202	1203	1203	1203	1203	1203	1203	1203	1203	1203	1203	1203	1203	1202	1201	1203	1202	1203	1202	1202	1201	1202	1202	1202	1202	1202	1202	1202	1202	1202	1202	1202	1202	1202	1202	1202	1202	1202	1202	1202	1202	1203	1202	1203	1203	1202	1202	1203	1203	1202	1203	1202	1203	1202	1203	1202	1203	1203	1203	1203	1203	1202	1203	1203	1203	1203	1203	1203	1203	1203	1203	1202	1203	1203	1204	1203
2405	176000	1203	1204	1204	1203	1203	1203	1204	1204	1204	1204	1203	1203	1203	1203	1203	1203	1203	1203	1204	1203	1203	1203	1203	1204	1204	1203	1203	1203	1203	1203	1203	1203	1203	1203	1203	1203	1203	1203	1203	1203	1203	1203	1203	1203	1203	1203	1203	1203	1203	1203	1204	1203	1202	1203	1203	1204	1203	1203	1203	1203	1203	1203	1203	1202	1203	1203	1203	1203	1203	1203	1203	1203	1203	1203	1203	1203	1203	1203	1203	1203	1204	1203	1204	1202	1203	1203	1203	1203	1203	1203	1203	1203	1203	1203	1203	1203	1203	1203	1203	1203	1203	1203	1203	1203	1203	1203	1203	1203	1203	1203	1203	1203	1204	1203	1203	1203	1203	1203	1203	1203	1203	1203	1203	1203	1202	1203	1203	1203
2406	176492	1204	1204	1204	1204	1204	1204	1204	1203	1204	1204	1204	1204	1204	1203	1203	1204	1203	1203	1204	1203	1203	1203	1204	1204	1204	1204	1204	1204	1204	1204	1204	1204	1204	1204	1204	1204	1203	1205	1203	1203	1203	1203	1204	1204	1204	1204	1204	1204	1204	1204	1204	1204	1204	1204	1204	1204	1204	1204	1204	1204	1204	1204	1204	1204	1204	1204	1204	1203	1204	1204	1204	1204	1203	1204	1204	1204	1204	1204	1203	1203	1204	1204	1204	1204	1204	1204	1203	1204	1203	1204	1203	1204	1204	1204	1203	1204	1204	1203	1204	1203	1203	1204	1203	1203	1204	1204	1204	1204	1204	1204	1203	1204	1204	1203	1204	1204	1204	1203	1204	1204	1204	1204	1204	1204	1203	1204	1203	1203
2407	176984	1205	1205	1205	1205	1205	1205	1205	1204	1204	1204	1204	1203	1203	1204	1203	1204	1203	1204	1204	1204	1204	1204	1204	1205	1204	1204	1204	1204	1204	1203	1204	1205	1204	1204	1205	1204	1204	1204	1204	1204	1204	1204	1205	1203	1204	1204	1204	1204	1204	1205	1204	1205	1205	1205	1204	1204	1204	1204	1205	1204	1205	1205	1206	1205	1205	1205	1205	1205	1204	1204	1205	1204	1205	1205	1205	1204	1204	1205	1205	1205	1204	1204	1205	1205	1205	1204	1204	1205	1204	1205	1204	1204	1205	1205	1204	1204	1204	1205	1205	1204	1205	1204	1205	1204	1205	1204	1205	1204	1204	1204	1204	1204	1204	1204	1204	1204	1204	1204	1204	1205	1204	1204	1204	1205	1205	1204	1205	1205
2408	177476	1205	1205	1205	1205	1204	1204	1204	1204	1204	1204	1205	1204	1205	1205	1205	1205	1204	1204	1205	1204	1205	1204	1204	1204	1204	1204	1204	1204	1204	1204	1204	1204	1205	1204	1205	1204	1204	1205	1205	1205	1205	1205	1205	1205	1205	1205	1205	1205	1205	1205	1205	1205	1205	1205	1205	1204	1205	1204	1204	1204	1205	1205	1205	1205	1205	1205	1205	1205	1205	1204	1205	1204	1205	1205	1205	1205	1204	1205	1205	1205	1205	1204	1205	1204	1205	1205	1204	1204	1204	1204	1204	1205	1205	1205	1205	1205	1205	1204	1204	1205	1204	1204	1204	1204	1204	1204	1205	1204	1204	1204	1205	1205	1204	1204	1204	1204	1205	1204	1204	1204	1205	1205	1204	1204	1204	1205	1205	1204
2409	177969	1205	1205	1205	1205	1206	1206	1206	1206	1206	1206	1205	1206	1205	1206	1206	1206	1205	1205	1206	1205	1206	1206	1205	1206	1205	1205	1206	1205	1205	1206	1206	1205	1206	1204	1205	1206	1205	1205	1205	1205	1205	1205	1205	1205	1205	1204	1205	1205	1206	1206	1206	1205	1205	1205	1206	1205	1205	1205	1205	1206	1205	1205	1206	1206	1205	1206	1205	1205	1206	1206	1205	1206	1205	1205	1205	1206	1206	1206	1206	1205	1205	1206	1206	1206	1205	1205	1205	1205	1206	1205	1205	1205	1205	1205	1205	1205	1205	1205	1205	1205	1205	1205	1205	1205	1205	1205	1205	1204	1205	1205	1205	1205	1205	1205	1206	1205	1206	1204	1205	1205	1205	1205	1205	1205	1205	1205	1205	1205
2410	178461	1206	1206	1206	1206	1206	1206	1205	1206	1206	1207	1206	1206	1206	1206	1206	1206	1206	1206	1206	1206	1206	1206	1205	1206	1206	1205	1205	1206	1206	1206	1206	1205	1206	1206	1206	1205	1206	1206	1206	1206	1205	1206	1206	1206	1206	1206	1205	1207	1206	1205	1206	1206	1206	1206	1206	1206	1206	1206	1206	1205	1206	1205	1207	1206	1206	1206	1206	1206	1206	1206	1206	1206	1206	1206	1206	1206	1206	1205	1206	1207	1205	1206	1206	1206	1206	1205	1206	1206	1206	1206	1206	1207	1206	1206	1206	1205	1205	1206	1205	1205	1205	1205	1205	1205	1206	1205	1205	1206	1205	1206	1205	1206	1205	1204	1205	1206	1205	1205	1205	1205	1205	1205	1206	1205	1205	1205	1205	1206
2411	178953	1206	1206	1206	1206	1205	1206	1206	1206	1206	1206	1206	1206	1206	1206	1206	1206	1206	1206	1206	1206	1206	1206	1206	1206	1207	1206	1206	1206	1206	1207	1206	1206	1206	1206	1206	1206	1206	1206	1207	1206	1206	1206	1206	1206	1207	1206	1207	1206	1206	1207	1207	1206	1206	1206	1206	1206	1206	1206	1206	1206	1206	1206	1206	1206	1206	1205	1206	1205	1206	1206	1205	1206	1206	1206	1206	1206	1206	1207	1206	1206	1206	1206	1206	1206	1206	1205	1206	1206	1206	1206	1206	1206	1206	1206	1206	1206	1206	1206	1206	1206	1206	1206	1206	1206	1206	1206	1206	1206	1206	1206	1206	1206	1206	1206	1206	1206	1206	1207	1206	1206	1206	1206	1206	1206	1205	1206	1206	1207
2412	179446	1207	1207	1207	1207	1207	1207	1207	1207	1207	1207	1207	1206	1207	1207	1206	1206	1206	1207	1207	1206	1206	1206	1206	1207	1206	1207	1206	1206	1207	1206	1207	1207	1207	1207	1207	1207	1206	1207	1207	1206	1206	1206	1207	1207	1207	1206	1206	1207	1207	1207	1206	1207	1207	1207	1207	1207	1207	1208	1207	1207	1207	1207	1207	1208	1208	1207	1207	1207	1207	1207	1207	1207	1207	1207	1207	1207	1207	1207	1207	1207	1207	1207	1207	1207	1207	1207	1207	1207	1207	1207	1207	1207	1207	1207	1207	1207	1207	1207	1207	1207	1206	1207	1207	1207	1207	1207	1207	1207	1207	1207	1207	1207	1207	1207	1207	1206	1207	1206	1207	1207	1206	1207	1206	1207	1207	1207	1206	1206
2413	179938	1207	1207	1207	1207	1207	1206	1207	1207	1207	1207	1207	1207	1207	1207	1207	1207	1207	1207	1207	1207	1206	1207	1208	1208	1207	1207	1207	1207	1208	1208	1208	1207	1208	1208	1207	1208	1207	1207	1208	1208	1208	1208	1207	1207	1207	1207	1207	1207	1207	1208	1208	1207	1207	1207	1207	1208	1208	1208	1208	1207	1208	1207	1207	1208	1207	1207	1207	1207	1208	1208	1207	1207	1207	1207	1207	1207	1207	1206	1207	1207	1207	1206	1207	1207	1207	1207	1207	1207	1206	1206	1207	1207	1207	1207	1207	1207	1207	1207	1207	1207	1207	1207	1207	1208	1207	1207	1208	1207	1207	1206	1207	1207	1207	1207	1206	1208	1208	1207	1208	1207	1207	1207	1207	1208	1208	1208	1207	1207
2414	180430	1208	1208	1208	1208	1208	1208	1208	1208	1207	1207	1208	1207	1208	1208	1207	1208	1208	1208	1208	1208	1208	1207	1208	1208	1208	1207	1207	1208	1207	1207	1207	1207	1208	1207	1207	1208	1207	1208	1207	1207	1207	1207	1207	1207	1207	1207	1208	1208	1207	1207	1207	1208	1207	1207	1207	1207	1207	1207	1207	1207	1207	1208	1208	1208	1208	1208	1209	1207	1208	1208	1208	1208	1207	1208	1208	1208	1208	1208	1208	1208	1208	1208	1208	1208	1207	1208	1208	1208	1208	1208	1208	1208	1208	1208	1207	1208	1208	1207	1208	1208	1208	1208	1208	1208	1208	1208	1208	1208	1208	1207	1207	1208	1208	1208	1207	1208	1207	1207	1207	1208	1208	1207	1207	1208	1207	1207	1207	1207
2415	180923	1208	1208	1208	1208	1208	1208	1209	1208	1208	1208	1208	1208	1208	1208	1208	1207	1208	1208	1209	1208	1208	1208	1207	1208	1208	1208	1208	1208	1208	1208	1208	1208	1208	1208	1208	1209	1209	1209	1209	1208	1208	1209	1208	1208	1208	1209	1208	1208	1208	1209	1209	1208	1208	1208	1208	1208	1208	1209	1208	1208	1208	1209	1209	1209	1208	1208	1208	1208	1208	1208	1208	1208	1208	1208	1208	1208	1208	1208	1207	1208	1208	1208	1208	1208	1208	1208	1208	1209	1208	1208	1209	1208	1208	1208	1208	1208	1207	1208	1208	1208	1208	1208	1208	1207	1207	1208	1208	1208	1208	1208	1208	1209	1209	1208	1209	1208	1208	1208	1208	1208	1208	1208	1208	1208	1208	1208	1209	1208
2416	181415	1209	1209	1209	1209	1208	1208	1208	1209	1208	1209	1208	1208	1208	1209	1209	1209	1209	1208	1209	1209	1209	1209	1209	1209	1209	1209	1209	1208	1209	1209	1209	1209	1208	1209	1208	1209	1209	1209	1209	1209	1209	1209	1208	1209	1209	1210	1209	1209	1209	1209	1209	1209	1209	1209	1208	1209	1208	1208	1209	1208	1209	1208	1209	1209	1209	1209	1209	1209	1209	1210	1209	1209	1209	1209	1209	1209	1209	1209	1208	1209	1209	1208	1209	1208	1209	1209	1209	1209	1209	1209	1209	1209	1209	1209	1209	1209	1209	1209	1209	1209	1208	1209	1208	1208	1209	1209	1209	1208	1208	1208	1208	1208	1208	1208	1208	1209	1209	1208	1209	1209	1209	1208	1208	1209	1208	1208	1209	1208
2417	181907	1210	1210	1209	1210	1209	1210	1209	1209	1209	1210	1209	1209	1209	1209	1209	1209	1209	1209	1209	1209	1209	1209	1209	1210	1209	1209	1209	1209	1209	1209	1209	1209	1209	1209	1209	1209	1210	1208	1209	1209	1208	1208	1209	1209	1209	1209	1209	1209	1209	1210	1209	1209	1210	1209	1209	1210	1209	1209	1209	1209	1209	1209	1209	1209	1208	1209	1209	1209	1209	1209	1209	1209	1209	1209	1209	1209	1209	1210	1210	1209	1209	1209	1209	1209	1209	1209	1209	1208	1209	1209	1209	1208	1208	1209	1209	1209	1209	1209	1208	1209	1209	1208	1209	1209	1209	1209	1209	1209	1209	1209	1208	1209	1208	1208	1209	1208	1208	1207	1208	1209	1209	1209	1208	1209	1209	1209	1209	1209
2418	182400	1210	1210	1209	1210	1209	1209	1209	1209	1209	1210	1209	1209	1210	1209	1209	1209	1209	1209	1210	1210	1209	1209	1209	1209	1209	1209	1209	1209	1209	1209	1210	1209	1209	1209	1209	1209	1209	1209	1209	1210	1209	1209	1209	1210	1210	1209	1210	1209	1210	1209	1210	1208	1209	1209	1209	1210	1209	1210	1209	1209	1210	1209	1209	1210	1209	1210	1209	1209	1209	1209	1210	1209	1209	1209	1209	1210	1209	1209	1209	1209	1209	1210	1210	1210	1210	1209	1210	1210	1209	1210	1210	1209	1210	1210	1210	1209	1210	1209	1209	1210	1209	1210	1210	1209	1210	1209	1210	1210	1209	1211	1209	1210	1210	1210	1210	1209	1210	1210	1210	1209	1209	1210	1210	1210	1210	1209	1210	1210
2419	182892	1210	1210	1211	1210	1209	1210	1210	1210	1210	1210	1209	1209	1210	1210	1210	1210	1209	1210	1210	1210	1209	1210	1210	1210	1210	1210	1210	1210	1210	1210	1210	1210	1210	1210	1210	1210	1210	1210	1210	1211	1210	1210	1210	1210	1210	1211	1210	1211	1210	1211	1210	1210	1210	1211	1211	1210	1210	1210	1210	1210	1211	1209	1210	1210	1210	1210	1210	1210	1210	1210	1210	1210	1210	1211	1210	1210	1211	1210	1210	1210	1210	1211	1210	1210	1210	1210	1211	1210	1210	1210	1210	1210	1210	1210	1210	1210	1211	1210	1210	1210	1211	1210	1210	1211	1210	1211	1210	1210	1210	1210	1210	1210	1211	1210	1211	1211	1210	1211	1210	1209	1210	1211	1211	1210	1210	1210	1210	1210
2420	183384	1211	1211	1210	1211	1210	1211	1211	1211	1211	1211	1211	1211	1211	1210	1211	1211	1211	1210	1210	1210	1210	1210	1211	1210	1210	1210	1211	1211	1210	1211	1211	1211	1211	1210	1211	1209	1210	1210	1211	1211	1210	1211	1211	1210	1211	1210	1211	1210	1210	1210	1210	1210	1210	1210	1209	1210	1210	1210	1210	1210	1211	1211	1210	1210	1210	1210	1210	1210	1211	1210	1210	1210	1210	1211	1210	1210	1210	1210	1210	1210	1211	1211	1210	1210	1210	1210	1211	1210	1211	1210	1210	1211	1211	1211	1210	1211	1211	1210	1211	1211	1210	1211	1210	1210	1211	1211	1210	1211	1211	1210	1211	1209	1211	1211	1211	1211	1211	1211	1210	1211	1211	1210	1211	1210	1210	1210	1211	1212
2421	183876	1211	1212	1211	1212	1212	1211	1211	1211	1211	1211	1211	1211	1210	1211	1211	1211	1211	1211	1211	1210	1211	1211	1210	1210	1211	1211	1211	1211	1211	1211	1212	1211	1211	1211	1210	1212	1211	1211	1211	1210	1212	1211	1211	1211	1212	1211	1211	1211	1211	1211	1211	1211	1212	1211	1211	1212	1211	1211	1211	1211	1211	1212	1212	1211	1211	1210	1211	1211	1211	1212	1211	1211	1211	1211	1211	1211	1211	1211	1211	1211	1210	1211	1211	1211	1211	1211	1211	1211	1211	1211	1211	1211	1210	1211	1211	1211	1211	1210	1210	1211	1211	1210	1211	1211	1211	1211	1211	1211	1211	1212	1211	1211	1211	1211	1211	1210	1211	1211	1211	1211	1211	1211	1211	1211	1212	1212	1211	1212
2422	184369	1211	1211	1211	1211	1211	1211	1211	1212	1211	1211	1211	1211	1211	1211	1211	1211	1211	1211	1212	1212	1212	1211	1212	1212	1212	1212	1211	1212	1212	1212	1211	1212	1211	1211	1211	1211	1212	1212	1212	1211	1213	1212	1212	1211	1212	1212	1212	1212	1212	1212	1211	1212	1211	1211	1211	1210	1211	1211	1211	1210	1210	1211	1210	1211	1211	1211	1212	1211	1211	1211	1212	1212	1211	1211	1211	1211	1212	1211	1210	1212	1211	1212	1212	1212	1211	1212	1212	1211	1212	1211	1212	1212	1211	1212	1211	1212	1212	1213	1211	1211	1212	1212	1211	1211	1212	1212	1211	1212	1212	1212	1212	1211	1212	1212	1212	1212	1211	1211	1211	1212	1212	1211	1212	1212	1212	1211	1212	1211
2423	184861	1212	1212	1212	1212	1212	1212	1212	1212	1212	1211	1211	1212	1211	1212	1212	1212	1211	1212	1212	1212	1212	1212	1212	1212	1212	1212	1212	1212	1212	1212	1212	1212	1212	1212	1212	1212	1212	1212	1212	1212	1212	1212	1212	1211	1212	1212	1212	1211	1212	1212	1211	1211	1212	1212	1212	1212	1212	1212	1212	1211	1212	1212	1212	1212	1211	1211	1212	1212	1212	1211	1211	1211	1212	1212	1211	1211	1212	1212	1210	1212	1212	1212	1212	1212	1212	1212	1212	1211	1212	1211	1211	1212	1212	1212	1212	1212	1212	1212	1211	1212	1212	1212	1212	1212	1212	1212	1212	1212	1212	1211	1212	1212	1212	1211	1212	1212	1212	1212	1212	1212	1212	1212	1212	1212	1212	1212	1212	1212
2424	185353	1213	1213	1212	1212	1212	1213	1212	1212	1212	1213	1213	1212	1213	1212	1212	1212	1212	1212	1213	1212	1212	1212	1212	1212	1212	1213	1213	1212	1212	1212	1212	1212	1212	1212	1211	1212	1212	1212	1212	1212	1212	1212	1212	1212	1213	1212	1212	1212	1212	1212	1212	1212	1212	1212	1212	1212	1212	1212	1212	1213	1211	1211	1212	1212	1212	1213	1212	1213	1213	1213	1213	1213	1213	1212	1212	1213	1212	1213	1213	1212	1213	1213	1213	1213	1212	1213	1213	1212	1212	1213	1212	1213	1213	1213	1213	1213	1213	1213	1213	1213	1213	1213	1213	1213	1212	1212	1212	1212	1213	1213	1212	1212	1212	1213	1213	1212	1212	1213	1212	1213	1212	1212	1213	1213	1213	1212	1212	1213
2425	185846	1213	1213	1213	1213	1213	1213	1213	1213	1213	1213	1213	1213	1213	1213	1213	1213	1213	1212	1212	1213	1213	1213	1213	1213	1213	1213	1212	1213	1213	1212	1213	1213	1213	1213	1213	1213	1213	1213	1213	1213	1213	1214	1213	1213	1213	1213	1213	1212	1213	1213	1212	1213	1213	1213	1213	1213	1213	1212	1213	1212	1212	1212	1212	1212	1213	1213	1213	1212	1213	1213	1212	1213	1213	1213	1212	1213	1213	1213	1214	1212	1213	1213	1212	1212	1213	1212	1214	1212	1213	1213	1213	1213	1213	1213	1212	1213	1213	1213	1213	1213	1213	1213	1215	1213	1212	1213	1213	1213	1214	1213	1213	1213	1213	1213	1213	1213	1213	1214	1213	1213	1213	1212	1213	1213	1213	1213	1213	1213
2426	186338	1213	1214	1214	1213	1213	1213	1213	1213	1213	1213	1213	1213	1213	1214	1213	1213	1214	1213	1213	1213	1213	1214	1214	1213	1213	1214	1214	1214	1214	1214	1213	1214	1213	1214	1214	1213	1214	1214	1214	1213	1214	1214	1213	1213	1213	1214	1213	1214	1213	1214	1213	1213	1214	1213	1214	1213	1214	1213	1213	1214	1214	1213	1213	1214	1214	1214	1214	1214	1213	1213	1213	1213	1214	1214	1213	1213	1213	1213	1213	1213	1213	1213	1213	1213	1213	1213	1213	1213	1213	1213	1213	1214	1213	1213	1213	1213	1214	1214	1213	1214	1213	1213	1213	1214	1213	1213	1214	1213	1213	1213	1214	1214	1214	1213	1213	1214	1213	1213	1213	1214	1213	1214	1213	1214	1214	1213	1213	1213
2427	186830	1213	1214	1213	1214	1214	1214	1213	1214	1214	1214	1214	1214	1214	1213	1213	1213	1213	1213	1214	1214	1214	1215	1214	1214	1214	1214	1214	1213	1214	1214	1214	1213	1214	1213	1214	1214	1214	1214	1213	1214	1213	1215	1214	1214	1214	1213	1214	1214	1214	1214	1214	1214	1214	1214	1215	1214	1215	1214	1213	1214	1214	1214	1214	1213	1214	1214	1214	1214	1214	1214	1214	1213	1213	1214	1214	1213	1214	1214	1214	1214	1214	1214	1214	1215	1214	1214	1214	1214	1215	1214	1215	1214	1215	1214	1214	1215	1215	1214	1215	1215	1214	1214	1214	1214	1215	1215	1214	1215	1214	1215	1216	1215	1214	1215	1214	1215	1214	1214	1215	1214	1215	1214	1213	1214	1214	1215	1214	1214
2428	187323	1216	1215	1215	1215	1215	1215	1215	1215	1215	1214	1215	1214	1215	1214	1214	1215	1215	1215	1215	1215	1215	1215	1214	1215	1214	1215	1215	1214	1214	1214	1214	1214	1214	1214	1214	1214	1214	1215	1214	1215	1214	1215	1214	1214	1215	1214	1214	1214	1214	1214	1214	1214	1214	1214	1215	1214	1214	1214	1214	1214	1214	1214	1215	1215	1214	1214	1215	1215	1214	1215	1214	1214	1214	1214	1214	1214	1214	1214	1214	1214	1214	1214	1214	1215	1214	1214	1214	1214	1214	1214	1214	1214	1214	1214	1214	1214	1214	1214	1214	1214	1214	1214	1213	1214	1215	1214	1214	1214	1214	1215	1215	1214	1214	1215	1214	1214	1214	1214	1215	1215	1214	1214	1214	1215	1215	1215	1215	1215
2429	187815	1215	1215	1215	1215	1214	1215	1214	1214	1215	1215	1215	1215	1215	1215	1214	1215	1215	1215	1215	1214	1215	1214	1215	1215	1215	1215	1215	1215	1215	1215	1215	1215	1215	1215	1215	1214	1214	1215	1215	1214	1215	1215	1215	1215	1215	1215	1215	1216	1215	1215	1214	1214	1215	1215	1215	1214	1215	1215	1214	1215	1214	1214	1214	1215	1214	1214	1215	1214	1215	1215	1215	1214	1214	1215	1215	1214	1214	1214	1214	1214	1214	1214	1214	1216	1214	1215	1215	1216	1215	1215	1215	1215	1215	1215	1215	1215	1215	1216	1215	1214	1215	1215	1216	1215	1215	1215	1214	1216	1215	1215	1215	1215	1215	1216	1215	1216	1215	1216	1215	1216	1215	1215	1216	1215	1215	1215	1215	1215
2430	188307	1216	1216	1216	1216	1216	1215	1216	1216	1215	1216	1216	1216	1216	1216	1216	1216	1216	1216	1216	1216	1216	1216	1216	1216	1217	1216	1217	1216	1216	1216	1216	1216	1216	1216	1216	1216	1216	1216	1216	1216	1216	1216	1216	1216	1216	1216	1216	1216	1216	1215	1216	1216	1215	1216	1215	1216	1215	1215	1216	1216	1216	1215	1216	1216	1215	1216	1216	1215	1216	1216	1215	1215	1216	1216	1216	1216	1216	1215	1216	1215	1216	1215	1216	1216	1216	1216	1215	1215	1216	1215	1216	1216	1215	1216	1216	1216	1216	1216	1216	1216	1215	1216	1216	1216	1215	1215	1216	1215	1216	1216	1216	1215	1216	1215	1216	1215	1216	1215	1216	1215	1216	1216	1216	1216	1215	1216	1216	1216
2431	188800	1216	1216	1216	1216	1216	1216	1216	1216	1216	1216	1216	1216	1216	1216	1216	1216	1216	1216	1216	1216	1216	1216	1216	1216	1216	1216	1216	1216	1216	1216	1216	1216	1216	1216	1216	1216	1216	1216	1215	1216	1216	1216	1216	1216	1216	1216	1216	1215	1216	1216	1215	1216	1216	1216	1215	1215	1216	1215	1216	1216	1216	1215	1216	1215	1216	1216	1216	1216	1216	1217	1216	1216	1215	1216	1216	1216	1216	1216	1216	1216	1216	1216	1217	1216	1217	1216	1216	1216	1217	1216	1216	1216	1216	1217	1216	1216	1216	1216	1216	1216	1215	1216	1216	1216	1216	1216	1216	1216	1216	1216	1215	1216	1216	1216	1216	1216	1216	1216	1216	1216	1216	1216	1216	1216	1215	1216	1216	1216
2432	189292	1216	1216	1216	1216	1216	1216	1216	1216	1216	1216	1216	1216	1216	1217	1216	1216	1217	1216	1216	1216	1216	1216	1216	1216	1216	1216	1216	1216	1216	1216	1216	1216	1216	1216	1216	1216	1216	1216	1216	1216	1216	1216	1216	1216	1216	1217	1216	1216	1217	1216	1216	1216	1215	1216	1216	1216	1216	1216	1216	1216	1216	1216	1216	1216	1217	1216	1217	1216	1217	1217	1217	1216	1216	1217	1217	1217	1216	1217	1217	1217	1217	1216	1216	1216	1216	1216	1216	1217	1217	1217	1216	1216	1216	1217	1217	1217	1216	1217	1216	1217	1217	1216	1216	1217	1217	1217	1217	1216	1216	1216	1217	1216	1216	1216	1216	1217	1216	1216	1217	1217	1216	1216	1216	1217	1216	1216	1216	1217
2433	189784	1217	1217	1217	1217	1217	1217	1218	1217	1218	1217	1217	1217	1218	1217	1217	1217	1217	1218	1218	1217	1218	1217	1218	1217	1218	1217	1217	1217	1217	1217	1216	1217	1217	1217	1217	1217	1217	1218	1216	1218	1217	1217	1217	1216	1218	1217	1217	1217	1216	1217	1217	1217	1217	1216	1217	1217	1217	1216	1217	1217	1218	1217	1217	1217	1217	1217	1217	1217	1218	1217	1217	1216	1217	1217	1217	1217	1217	1217	1217	1217	1217	1217	1217	1217	1216	1217	1217	1217	1216	1217	1217	1217	1217	1217	1217	1217	1217	1217	1217	1218	1217	1217	1217	1217	1217	1217	1217	1217	1218	1217	1217	1217	1217	1217	1217	1217	1217	1217	1217	1217	1217	1217	1217	1217	1218	1218	1217	1217
2434	190276	1217	1217	1218	1217	1218	1217	1217	1217	1217	1217	1217	1217	1217	1217	1217	1216	1217	1216	1217	1217	1217	1217	1217	1215	1217	1217	1217	1217	1217	1217	1217	1216	1217	1217	1217	1217	1217	1217	1217	1217	1217	1217	1218	1217	1217	1217	1217	1217	1218	1218	1217	1217	1217	1218	1218	1217	1217	1217	1218	1218	1217	1217	1217	1217	1217	1217	1217	1218	1218	1217	1217	1217	1217	1217	1217	1217	1217	1217	1217	1217	1217	1216	1217	1217	1217	1217	1217	1217	1217	1217	1217	1217	1218	1217	1217	1217	1217	1217	1217	1218	1217	1217	1217	1217	1217	1218	1218	1218	1218	1217	1218	1218	1218	1218	1218	1218	1218	1218	1217	1218	1217	1218	1218	1217	1218	1218	1218	1217
2435	190769	1218	1218	1219	1217	1218	1218	1218	1218	1218	1217	1218	1217	1218	1217	1218	1218	1219	1218	1218	1218	1218	1218	1218	1219	1218	1218	1218	1217	1218	1218	1218	1218	1218	1217	1219	1218	1218	1218	1218	1218	1219	1218	1218	1219	1218	1218	1218	1218	1218	1218	1218	1218	1218	1218	1218	1218	1217	1217	1218	1218	1218	1218	1218	1218	1218	1218	1218	1218	1218	1218	1218	1218	1218	1218	1218	1218	1218	1217	1217	1218	1218	1218	1218	1218	1218	1218	1218	1218	1217	1217	1218	1218	1218	1218	1217	1217	1218	1218	1218	1218	1217	1218	1218	1218	1217	1218	1218	1218	1218	1218	1218	1218	1218	1217	1218	1217	1218	1218	1218	1218	1218	1218	1218	1218	1218	1218	1219	1217
2436	191261	1219	1218	1219	1218	1218	1218	1218	1218	1219	1219	1218	1218	1218	1219	1218	1218	1218	1219	1218	1217	1218	1217	1217	1218	1218	1219	1218	1218	1218	1218	1218	1218	1218	1218	1219	1218	1218	1218	1218	1218	1219	1218	1218	1218	1219	1218	1219	1219	1218	1218	1219	1218	1218	1219	1218	1218	1219	1219	1218	1219	1218	1218	1219	1218	1218	1218	1219	1219	1218	1218	1219	1218	1219	1218	1218	1218	1219	1219	1217	1219	1218	1218	1218	1218	1219	1218	1218	1218	1218	1218	1218	1218	1219	1218	1219	1218	1218	1218	1218	1218	1218	1218	1219	1219	1218	1218	1218	1218	1218	1218	1218	1219	1218	1218	1219	1218	1219	1219	1219	1218	1219	1219	1218	1218	1218	1219	1219	1218
2437	191753	1220	1219	1218	1219	1219	1219	1219	1219	1219	1219	1219	1219	1219	1218	1218	1219	1218	1218	1219	1219	1219	1219	1219	1219	1219	1219	1219	1219	1219	1219	1219	1220	1219	1219	1218	1219	1219	1220	1219	1219	1219	1219	1219	1219	1219	1219	1219	1219	1220	1219	1219	1219	1220	1219	1219	1220	1219	1220	1219	1219	1219	1220	1219	1220	1219	1219	1219	1219	1219	1219	1219	1219	1219	1219	1219	1219	1219	1219	1219	1219	1219	1219	1219	1219	1219	1219	1219	1219	1219	1219	1219	1219	1218	1218	1218	1219	1218	1219	1218	1219	1219	1219	1219	1219	1219	1219	1219	1218	1218	1219	1219	1219	1219	1219	1219	1218	1218	1219	1218	1219	1219	1219	1219	1219	1219	1219	1218	1219
2438	192246	1219	1219	1219	1219	1219	1219	1219	1220	1220	1220	1220	1220	1220	1220	1220	1220	1219	1220	1220	1219	1220	1219	1219	1219	1219	1219	1219	1219	1220	1219	1220	1219	1220	1220	1219	1219	1219	1220	1219	1219	1219	1220	1219	1220	1220	1219	1220	1220	1220	1220	1219	1219	1219	1219	1219	1219	1220	1220	1220	1220	1219	1220	1220	1220	1220	1219	1220	1220	1220	1219	1219	1220	1220	1220	1219	1220	1219	1220	1219	1219	1219	1219	1219	1220	1219	1220	1219	1219	1220	1219	1219	1220	1219	1220	1219	1218	1219	1219	1219	1219	1220	1219	1219	1220	1220	1220	1219	1219	1219	1219	1220	1220	1219	1220	1219	1219	1219	1219	1220	1220	1220	1220	1218	1220	1219	1219	1219	1220
2439	192738	1220	1220	1219	1220	1220	1220	1220	1220	1220	1220	1220	1220	1220	1220	1219	1220	1220	1220	1219	1220	1220	1220	1219	1219	1220	1220	1220	1220	1220	1219	1220	1220	1220	1220	1220	1219	1221	1219	1220	1220	1220	1220	1220	1219	1220	1220	1220	1220	1219	1220	1220	1220	1220	1220	1220	1220	1220	1221	1220	1220	1220	1220	1220	1221	1220	1221	1221	1220	1220	1220	1220	1220	1220	1220	1220	1220	1220	1220	1220	1219	1220	1219	1219	1219	1219	1220	1219	1219	1220	1220	1220	1220	1220	1220	1219	1220	1220	1220	1220	1219	1221	1219	1219	1220	1219	1220	1219	1219	1220	1220	1220	1220	1220	1220	1220	1220	1220	1220	1220	1220	1220	1220	1219	1219	1220	1220	1219	1220
2440	193230	1221	1220	1221	1221	1220	1221	1221	1220	1220	1221	1220	1220	1221	1221	1220	1220	1221	1221	1220	1221	1221	1221	1221	1221	1221	1221	1220	1221	1221	1220	1221	1221	1221	1220	1221	1220	1221	1221	1221	1221	1220	1220	1220	1220	1221	1220	1220	1221	1220	1221	1221	1220	1221	1220	1220	1220	1220	1220	1220	1220	1220	1220	1221	1221	1220	1219	1220	1221	1220	1221	1220	1221	1220	1220	1220	1220	1220	1220	1219	1220	1220	1220	1220	1220	1220	1220	1220	1220	1220	1219	1220	1220	1220	1220	1220	1220	1221	1220	1220	1220	1220	1220	1220	1220	1220	1221	1220	1221	1221	1220	1221	1221	1221	1220	1221	1221	1221	1220	1220	1220	1221	1220	1220	1220	1220	1221	1220	1220
2441	193723	1221	1221	1221	1220	1221	1221	1221	1220	1221	1221	1221	1221	1221	1221	1221	1221	1221	1221	1221	1221	1221	1221	1220	1221	1222	1221	1221	1221	1221	1221	1221	1221	1221	1221	1221	1220	1221	1220	1220	1220	1221	1221	1220	1221	1220	1221	1221	1220	1221	1221	1221	1221	1220	1221	1220	1221	1221	1220	1220	1221	1221	1221	1220	1221	1221	1220	1221	1221	1221	1220	1221	1220	1221	1221	1221	1220	1220	1220	1221	1220	1220	1220	1220	1220	1220	1220	1221	1220	1221	1221	1221	1221	1221	1220	1221	1221	1221	1221	1221	1221	1221	1220	1221	1221	1221	1221	1220	1221	1221	1221	1221	1220	1221	1221	1221	1221	1221	1221	1221	1221	1221	1221	1220	1221	1221	1221	1221	1221
2442	194215	1222	1222	1221	1221	1221	1221	1221	1221	1221	1221	1221	1221	1221	1220	1221	1221	1221	1221	1222	1221	1221	1222	1221	1221	1221	1221	1221	1221	1222	1221	1221	1221	1221	1221	1221	1221	1221	1221	1221	1222	1221	1222	1222	1222	1221	1222	1222	1221	1222	1222	1221	1221	1221	1222	1222	1221	1221	1222	1222	1223	1222	1222	1221	1222	1222	1222	1221	1222	1222	1222	1222	1222	1222	1222	1221	1221	1222	1222	1222	1221	1221	1222	1221	1222	1221	1222	1221	1221	1222	1222	1222	1221	1222	1222	1221	1222	1222	1222	1222	1221	1221	1222	1222	1222	1222	1222	1221	1223	1222	1222	1222	1222	1222	1222	1222	1221	1222	1221	1222	1222	1221	1222	1222	1222	1222	1222	1221	1222
2443	194707	1222	1222	1222	1223	1222	1222	1222	1222	1222	1222	1222	1222	1222	1222	1222	1222	1222	1222	1223	1222	1222	1223	1222	1222	1222	1222	1222	1222	1222	1222	1222	1222	1222	1222	1221	1222	1221	1222	1222	1222	1222	1222	1222	1222	1222	1222	1222	1222	1222	1222	1222	1222	1222	1222	1222	1222	1222	1222	1221	1222	1222	1222	1222	1222	1218	1222	1222	1222	1222	1221	1221	1222	1222	1222	1222	1221	1222	1222	1221	1222	1222	1222	1221	1222	1221	1221	1222	1222	1222	1221	1221	1222	1221	1222	1221	1222	1222	1221	1222	1222	1222	1222	1222	1222	1222	1222	1222	1222	1222	1222	1222	1222	1222	1221	1221	1222	1222	1222	1222	1222	1222	1221	1223	1222	1222	1222	1222	1222
2444	195200	1222	1222	1222	1222	1223	1222	1223	1222	1222	1222	1222	1222	1222	1222	1222	1223	1222	1222	1222	1222	1221	1223	1222	1223	1222	1222	1223	1222	1223	1223	1223	1223	1223	1222	1222	1222	1223	1223	1222	1222	1223	1223	1222	1223	1222	1223	1222	1223	1223	1223	1223	1223	1223	1223	1223	1223	1223	1223	1223	1222	1222	1223	1223	1223	1222	1223	1222	1222	1223	1223	1222	1222	1223	1222	1223	1222	1223	1222	1222	1222	1222	1222	1222	1222	1222	1222	1222	1223	1223	1222	1222	1222	1222	1223	1222	1223	1222	1222	1223	1222	1223	1222	1223	1222	1223	1223	1223	1223	1222	1223	1223	1223	1223	1223	1223	1222	1223	1222	1223	1224	1223	1223	1223	1223	1223	1223	1223	1223
2445	195692	1222	1222	1223	1223	1222	1223	1223	1223	1223	1223	1223	1222	1223	1223	1223	1223	1223	1223	1223	1223	1223	1223	1223	1223	1223	1223	1222	1223	1222	1223	1223	1223	1223	1223	1223	1223	1223	1224	1223	1223	1223	1224	1224	1224	1224	1223	1223	1224	1223	1223	1223	1224	1223	1223	1223	1223	1223	1223	1224	1223	1223	1223	1223	1224	1224	1223	1223	1224	1223	1223	1223	1223	1223	1223	1223	1223	1222	1223	1223	1223	1222	1222	1222	1223	1222	1223	1222	1223	1223	1223	1223	1223	1223	1223	1223	1222	1223	1223	1223	1223	1223	1223	1223	1223	1223	1223	1223	1223	1223	1223	1223	1223	1223	1223	1223	1223	1223	1223	1223	1223	1223	1223	1223	1223	1223	1223	1223	1223
2446	196184	1223	1224	1223	1223	1223	1223	1223	1223	1224	1224	1223	1223	1224	1224	1223	1223	1223	1223	1223	1224	1223	1223	1223	1223	1223	1223	1223	1223	1223	1223	1223	1224	1223	1224	1224	1223	1223	1223	1224	1224	1223	1224	1224	1224	1223	1223	1224	1223	1223	1224	1223	1224	1223	1224	1224	1224	1224	1223	1224	1224	1224	1224	1224	1224	1224	1224	1223	1224	1223	1223	1223	1223	1224	1224	1223	1223	1223	1224	1224	1224	1223	1224	1224	1224	1224	1223	1224	1224	1224	1223	1224	1224	1223	1224	1223	1223	1223	1223	1223	1223	1223	1223	1223	1223	1224	1223	1223	1223	1223	1223	1223	1223	1223	1223	1223	1223	1223	1224	1223	1223	1223	1223	1223	1222	1223	1223	1223	1223
2447	196676	1224	1223	1224	1224	1224	1224	1224	1224	1223	1224	1224	1223	1224	1223	1223	1224	1223	1224	1224	1224	1224	1223	1224	1223	1223	1224	1224	1223	1223	1223	1223	1223	1223	1224	1224	1224	1223	1223	1224	1223	1223	1224	1224	1224	1223	1223	1224	1224	1224	1224	1223	1224	1225	1225	1224	1224	1224	1224	1224	1224	1224	1224	1224	1224	1224	1224	1225	1225	1224	1224	1224	1224	1225	1224	1224	1224	1224	1225	1224	1225	1224	1224	1224	1224	1224	1224	1224	1224	1224	1224	1223	1224	1224	1224	1224	1224	1224	1224	1224	1224	1223	1223	1224	1223	1223	1224	1224	1224	1225	1224	1224	1224	1224	1224	1224	1224	1224	1224	1224	1224	1224	1224	1223	1224	1224	1224	1224	1225
2448	197169	1224	1224	1224	1224	1224	1224	1225	1224	1224	1225	1223	1224	1224	1225	1224	1224	1223	1224	1225	1224	1224	1224	1224	1224	1225	1224	1225	1225	1225	1224	1224	1225	1224	1224	1225	1225	1223	1224	1224	1224	1224	1224	1224	1224	1224	1224	1224	1224	1224	1224	1224	1224	1223	1225	1224	1224	1224	1224	1224	1223	1224	1224	1223	1224	1224	1224	1224	1224	1224	1225	1224	1225	1225	1224	1224	1226	1225	1225	1225	1225	1225	1224	1224	1224	1224	1224	1224	1224	1225	1224	1224	1224	1227	1224	1224	1224	1224	1225	1224	1224	1225	1224	1225	1224	1224	1224	1224	1225	1224	1224	1224	1224	1224	1224	1224	1224	1224	1224	1224	1224	1224	1224	1225	1224	1224	1224	1224	1224
2449	197661	1225	1225	1225	1225	1224	1225	1225	1225	1225	1225	1225	1225	1225	1225	1224	1225	1225	1225	1225	1225	1225	1225	1225	1226	1225	1225	1224	1225	1225	1224	1224	1225	1225	1224	1225	1225	1225	1225	1225	1225	1225	1225	1225	1225	1225	1225	1225	1224	1225	1225	1225	1225	1224	1224	1224	1225	1224	1224	1225	1224	1225	1225	1225	1225	1225	1225	1225	1224	1225	1225	1225	1225	1224	1224	1225	1225	1224	1225	1225	1225	1225	1224	1225	1225	1225	1225	1225	1225	1225	1226	1225	1225	1225	1224	1225	1225	1225	1224	1224	1225	1226	1225	1225	1225	1225	1225	1226	1226	1225	1226	1225	1225	1225	1226	1225	1225	1225	1225	1225	1225	1225	1225	1225	1225	1225	1225	1225	1225
2450	198153	1225	1226	1225	1225	1225	1225	1225	1225	1225	1225	1226	1225	1225	1225	1225	1225	1225	1225	1224	1224	1225	1225	1225	1226	1225	1225	1226	1226	1226	1225	1225	1225	1226	1226	1226	1226	1226	1226	1226	1226	1225	1225	1225	1225	1225	1226	1226	1225	1226	1225	1225	1226	1226	1226	1225	1226	1226	1226	1226	1225	1226	1226	1225	1225	1225	1225	1226	1225	1225	1225	1225	1225	1224	1225	1225	1225	1225	1226	1225	1225	1225	1225	1225	1226	1226	1225	1225	1225	1226	1226	1225	1225	1226	1225	1225	1225	1224	1225	1225	1225	1226	1225	1225	1225	1225	1225	1225	1225	1225	1225	1225	1225	1225	1226	1226	1226	1225	1226	1225	1225	1225	1225	1225	1225	1225	1225	1225	1225
2451	198646	1226	1226	1226	1226	1226	1225	1226	1226	1226	1225	1225	1226	1226	1226	1226	1226	1226	1226	1227	1227	1227	1226	1226	1226	1226	1226	1226	1226	1226	1226	1226	1226	1226	1226	1226	1225	1225	1226	1226	1226	1226	1226	1227	1226	1226	1227	1226	1226	1226	1226	1226	1225	1226	1226	1226	1225	1225	1226	1225	1226	1226	1225	1226	1226	1226	1226	1225	1226	1226	1226	1226	1226	1226	1227	1226	1225	1226	1227	1227	1226	1226	1226	1226	1226	1226	1226	1226	1226	1226	1227	1226	1226	1227	1226	1226	1226	1226	1226	1226	1226	1226	1226	1226	1226	1227	1226	1226	1226	1227	1226	1226	1226	1225	1226	1227	1226	1226	1226	1226	1226	1226	1226	1226	1227	1226	1226	1225	1225
2452	199138	1226	1226	1226	1226	1226	1226	1226	1227	1226	1225	1226	1226	1227	1226	1226	1227	1226	1226	1226	1226	1226	1226	1226	1226	1226	1225	1226	1226	1226	1226	1225	1226	1226	1226	1226	1226	1226	1226	1226	1226	1226	1226	1226	1227	1227	1225	1227	1226	1226	1226	1226	1226	1226	1226	1226	1225	1226	1226	1227	1226	1227	1227	1227	1227	1227	1227	1227	1227	1227	1227	1227	1227	1227	1226	1227	1227	1227	1226	1227	1227	1226	1226	1227	1227	1227	1227	1226	1227	1227	1227	1227	1227	1227	1227	1227	1226	1226	1226	1227	1226	1226	1227	1225	1226	1226	1226	1226	1226	1226	1227	1226	1226	1226	1226	1226	1226	1226	1226	1226	1227	1226	1227	1227	1227	1226	1227	1226	1227
2453	199630	1228	1228	1227	1227	1227	1227	1227	1227	1227	1227	1227	1227	1227	1228	1227	1227	1227	1227	1228	1227	1227	1227	1227	1227	1228	1228	1227	1227	1227	1228	1227	1228	1226	1227	1227	1226	1227	1227	1227	1227	1226	1226	1226	1227	1227	1227	1227	1226	1227	1227	1227	1227	1227	1227	1227	1227	1227	1227	1227	1227	1227	1227	1227	1227	1227	1227	1226	1227	1227	1227	1227	1227	1227	1227	1227	1227	1227	1227	1227	1227	1226	1227	1227	1226	1227	1226	1227	1227	1227	1227	1226	1227	1226	1226	1226	1227	1227	1227	1227	1227	1227	1227	1227	1227	1227	1227	1227	1227	1226	1226	1226	1227	1226	1226	1226	1227	1227	1226	1226	1226	1227	1227	1227	1227	1227	1227	1227	1227
2454	200123	1228	1227	1227	1227	1227	1227	1227	1227	1228	1227	1228	1227	1228	1227	1228	1228	1227	1227	1227	1227	1227	1227	1227	1227	1227	1227	1227	1228	1227	1227	1227	1226	1227	1227	1227	1227	1226	1227	1227	1227	1228	1228	1227	1227	1228	1227	1227	1227	1227	1227	1226	1228	1228	1227	1227	1227	1227	1227	1227	1228	1227	1227	1227	1228	1227	1227	1227	1227	1227	1227	1228	1228	1228	1228	1227	1228	1227	1227	1228	1227	1228	1227	1227	1228	1227	1228	1228	1228	1228	1227	1227	1227	1228	1227	1227	1227	1227	1228	1227	1227	1228	1228	1228	1228	1228	1228	1227	1227	1227	1228	1228	1227	1227	1227	1228	1227	1227	1227	1227	1227	1228	1227	1228	1228	1228	1228	1227	1227
2455	200615	1228	1227	1227	1227	1227	1227	1228	1228	1228	1228	1227	1228	1228	1228	1228	1228	1227	1227	1227	1228	1227	1226	1227	1228	1228	1227	1228	1227	1228	1228	1228	1228	1227	1227	1228	1228	1228	1228	1228	1228	1227	1227	1227	1227	1228	1227	1227	1227	1227	1228	1227	1227	1227	1228	1228	1228	1228	1228	1228	1228	1228	1227	1228	1228	1228	1227	1227	1228	1228	1228	1228	1227	1228	1228	1227	1227	1228	1228	1228	1228	1228	1228	1228	1228	1228	1228	1228	1228	1228	1228	1228	1228	1228	1228	1228	1228	1228	1228	1228	1226	1228	1228	1228	1228	1228	1227	1228	1228	1228	1227	1228	1228	1228	1228	1226	1228	1228	1228	1229	1228	1228	1228	1228	1228	1228	1228	1228	1228
2456	201107	1228	1228	1228	1228	1228	1228	1228	1228	1228	1228	1228	1228	1228	1228	1229	1229	1228	1228	1228	1228	1230	1228	1228	1228	1228	1229	1228	1228	1229	1229	1229	1228	1229	1228	1228	1229	1228	1228	1228	1228	1228	1228	1228	1228	1228	1228	1228	1228	1228	1228	1228	1228	1228	1228	1228	1228	1228	1228	1228	1228	1229	1229	1228	1229	1229	1228	1229	1229	1228	1228	1229	1228	1228	1228	1229	1229	1229	1229	1229	1229	1228	1229	1229	1228	1229	1229	1229	1229	1229	1230	1229	1230	1230	1229	1229	1229	1229	1229	1229	1229	1228	1229	1228	1228	1228	1228	1229	1228	1228	1229	1228	1229	1227	1228	1228	1228	1228	1228	1229	1227	1228	1228	1228	1229	1228	1228	1228	1228
2457	201600	1228	1229	1228	1228	1228	1229	1229	1228	1229	1229	1229	1229	1229	1228	1229	1229	1229	1229	1229	1228	1229	1229	1229	1229	1229	1229	1229	1229	1229	1228	1229	1229	1229	1229	1228	1228	1229	1229	1229	1228	1229	1228	1229	1229	1229	1230	1229	1229	1229	1228	1229	1229	1229	1229	1228	1229	1228	1229	1228	1229	1229	1229	1229	1229	1229	1229	1229	1229	1228	1229	1229	1229	1229	1229	1229	1229	1230	1230	1230	1229	1229	1230	1229	1229	1229	1229	1230	1229	1229	1229	1229	1229	1228	1229	1228	1229	1229	1229	1229	1229	1228	1229	1229	1229	1230	1229	1229	1229	1229	1229	1229	1229	1228	1228	1229	1229	1229	1229	1229	1229	1228	1229	1229	1228	1229	1229	1229	1229
2458	202092	1230	1230	1229	1230	1229	1230	1230	1230	1229	1230	1230	1230	1230	1230	1229	1230	1230	1230	1230	1229	1230	1230	1229	1230	1230	1230	1229	1229	1229	1229	1228	1229	1229	1229	1229	1228	1229	1229	1229	1229	1229	1229	1229	1229	1229	1229	1229	1228	1229	1228	1229	1229	1229	1229	1229	1229	1229	1228	1229	1229	1229	1229	1229	1230	1230	1230	1229	1229	1230	1229	1230	1230	1229	1230	1230	1230	1230	1230	1230	1230	1229	1229	1229	1229	1230	1230	1230	1230	1229	1230	1229	1229	1230	1229	1230	1229	1230	1230	1229	1229	1229	1229	1229	1229	1229	1229	1228	1228	1229	1228	1229	1229	1228	1229	1229	1229	1228	1229	1229	1229	1229	1228	1228	1229	1229	1229	1229	1229
2459	202584	1230	1229	1229	1229	1230	1230	1230	1230	1229	1230	1230	1231	1230	1230	1230	1230	1230	1230	1229	1230	1230	1230	1230	1229	1230	1230	1230	1229	1229	1229	1230	1230	1229	1229	1230	1230	1230	1230	1230	1230	1230	1230	1229	1230	1229	1229	1229	1230	1230	1230	1230	1230	1230	1230	1230	1230	1230	1230	1230	1230	1230	1230	1231	1230	1230	1230	1230	1230	1230	1230	1230	1229	1230	1230	1230	1230	1229	1230	1230	1230	1230	1229	1230	1230	1230	1230	1230	1230	1230	1229	1229	1230	1230	1229	1230	1229	1230	1230	1229	1230	1230	1230	1229	1229	1230	1230	1230	1230	1230	1230	1231	1230	1230	1230	1229	1229	1230	1230	1229	1230	1230	1230	1230	1230	1230	1231	1229	1230
2460	203076	1231	1231	1231	1231	1230	1231	1230	1231	1230	1230	1230	1230	1231	1230	1231	1231	1230	1231	1230	1230	1230	1230	1231	1230	1230	1230	1230	1231	1230	1231	1230	1231	1230	1230	1231	1230	1231	1230	1230	1230	1230	1230	1230	1231	1231	1230	1231	1231	1230	1231	1231	1231	1231	1231	1231	1230	1231	1231	1231	1231	1231	1231	1230	1231	1230	1230	1230	1230	1230	1230	1231	1230	1230	1230	1230	1231	1231	1230	1231	1231	1231	1230	1230	1231	1231	1230	1230	1230	1231	1231	1231	1230	1231	1231	1231	1231	1230	1230	1231	1230	1230	1230	1230	1231	1231	1230	1230	1230	1230	1231	1230	1230	1230	1231	1230	1231	1230	1230	1230	1230	1230	1230	1229	1230	1230	1230	1230	1230
2461	203569	1231	1231	1231	1231	1231	1231	1231	1231	1230	1231	1231	1231	1231	1231	1231	1231	1231	1231	1231	1231	1231	1231	1231	1230	1231	1231	1231	1231	1230	1231	1231	1231	1231	1231	1231	1231	1231	1231	1231	1231	1231	1231	1230	1231	1231	1231	1231	1231	1231	1231	1231	1232	1231	1231	1229	1230	1231	1231	1231	1230	1231	1230	1230	1231	1230	1231	1231	1230	1231	1231	1231	1230	1231	1230	1231	1231	1231	1232	1231	1229	1231	1231	1232	1231	1231	1230	1230	1231	1231	1231	1231	1231	1232	1231	1231	1231	1232	1231	1231	1231	1231	1231	1231	1231	1231	1231	1231	1231	1231	1231	1232	1231	1231	1231	1231	1231	1232	1231	1231	1231	1230	1231	1231	1232	1231	1230	1231	1230
2462	204061	1231	1232	1231	1231	1232	1231	1232	1231	1231	1231	1231	1232	1232	1232	1232	1231	1231	1231	1232	1231	1231	1231	1232	1231	1232	1231	1231	1232	1231	1232	1232	1231	1232	1231	1232	1231	1231	1231	1231	1231	1231	1231	1231	1232	1231	1231	1231	1232	1231	1231	1231	1231	1232	1232	1231	1231	1232	1231	1231	1232	1231	1232	1232	1231	1232	1232	1231	1231	1231	1232	1231	1232	1232	1231	1231	1232	1232	1232	1232	1231	1231	1231	1231	1232	1231	1231	1231	1231	1231	1231	1231	1231	1231	1231	1231	1231	1231	1232	1232	1231	1231	1232	1231	1232	1232	1232	1231	1232	1231	1231	1232	1232	1232	1231	1231	1231	1231	1232	1231	1231	1232	1232	1232	1231	1232	1232	1231	1232
2463	204553	1232	1232	1231	1232	1231	1232	1231	1232	1231	1232	1232	1232	1232	1231	1232	1232	1232	1232	1232	1232	1232	1232	1232	1232	1232	1232	1232	1231	1231	1232	1231	1231	1231	1231	1231	1231	1231	1232	1232	1232	1232	1232	1232	1232	1232	1232	1232	1232	1232	1231	1232	1232	1231	1232	1232	1231	1231	1231	1231	1231	1231	1231	1231	1231	1231	1231	1231	1232	1232	1232	1232	1232	1232	1232	1232	1232	1232	1232	1231	1232	1232	1232	1231	1232	1232	1232	1232	1232	1232	1232	1232	1233	1232	1232	1233	1232	1233	1233	1232	1232	1232	1232	1232	1232	1231	1232	1231	1232	1232	1232	1232	1232	1232	1232	1232	1232	1232	1232	1232	1232	1232	1231	1231	1232	1232	1232	1232	1232
2464	205046	1232	1232	1232	1232	1232	1233	1232	1232	1233	1232	1232	1232	1232	1232	1232	1232	1232	1232	1233	1232	1233	1232	1232	1232	1232	1232	1232	1232	1232	1232	1232	1233	1232	1232	1232	1232	1232	1232	1232	1232	1232	1232	1232	1232	1232	1232	1232	1232	1232	1232	1232	1232	1232	1232	1232	1232	1232	1233	1232	1233	1232	1232	1232	1233	1232	1232	1232	1232	1232	1232	1232	1232	1232	1233	1232	1232	1232	1232	1232	1233	1233	1233	1233	1233	1233	1232	1232	1233	1233	1233	1232	1232	1232	1232	1233	1232	1233	1232	1232	1232	1232	1232	1232	1233	1232	1233	1232	1232	1233	1233	1233	1231	1232	1232	1232	1231	1232	1232	1232	1232	1232	1232	1232	1232	1232	1232	1232	1232
2465	205538	1233	1233	1233	1233	1233	1233	1233	1233	1233	1233	1233	1233	1232	1232	1233	1233	1233	1232	1232	1232	1232	1232	1232	1232	1233	1232	1233	1233	1232	1232	1233	1232	1232	1233	1232	1233	1232	1232	1233	1232	1233	1233	1233	1233	1233	1233	1233	1232	1233	1233	1233	1232	1232	1233	1233	1234	1233	1234	1233	1233	1234	1233	1233	1233	1233	1233	1233	1233	1233	1233	1233	1233	1233	1234	1234	1233	1233	1233	1233	1234	1233	1233	1233	1233	1233	1233	1233	1234	1233	1233	1233	1233	1233	1233	1233	1233	1233	1233	1233	1233	1233	1233	1233	1233	1233	1233	1233	1232	1232	1232	1232	1233	1233	1233	1233	1233	1233	1233	1233	1233	1232	1233	1232	1232	1233	1232	1233	1232
2466	206030	1234	1233	1234	1233	1233	1233	1233	1233	1233	1233	1233	1234	1234	1233	1233	1233	1234	1233	1233	1233	1233	1233	1233	1233	1232	1233	1233	1232	1232	1232	1232	1233	1233	1233	1233	1233	1233	1232	1233	1233	1232	1233	1232	1234	1233	1232	1234	1233	1233	1233	1233	1234	1233	1233	1232	1232	1233	1233	1233	1233	1233	1233	1233	1233	1234	1233	1233	1233	1233	1234	1234	1233	1234	1233	1234	1234	1234	1234	1233	1233	1233	1233	1233	1233	1233	1233	1233	1233	1233	1233	1233	1233	1233	1233	1233	1234	1234	1233	1234	1234	1233	1233	1234	1234	1234	1233	1233	1233	1233	1234	1234	1233	1233	1233	1233	1234	1233	1233	1233	1234	1233	1233	1233	1233	1233	1232	1233	1233
2467	206523	1234	1234	1234	1235	1234	1234	1234	1233	1234	1234	1234	1234	1234	1234	1233	1233	1234	1234	1233	1234	1234	1234	1233	1234	1233	1233	1233	1234	1233	1233	1233	1234	1233	1234	1233	1234	1234	1234	1234	1234	1235	1233	1234	1234	1234	1234	1234	1234	1233	1234	1234	1234	1234	1233	1234	1234	1234	1234	1234	1234	1234	1234	1234	1233	1234	1234	1234	1233	1233	1233	1233	1233	1233	1234	1233	1234	1234	1233	1233	1234	1233	1233	1233	1233	1233	1234	1233	1233	1233	1234	1233	1233	1233	1232	1233	1233	1234	1233	1233	1233	1232	1233	1233	1234	1234	1233	1233	1233	1233	1233	1233	1234	1234	1234	1233	1233	1234	1234	1233	1234	1233	1234	1234	1234	1234	1234	1234	1234
2468	207015	1234	1234	1234	1234	1234	1234	1234	1234	1234	1234	1234	1235	1235	1234	1234	1234	1235	1234	1234	1234	1233	1234	1234	1234	1233	1234	1234	1233	1234	1234	1234	1234	1234	1235	1234	1234	1234	1234	1234	1234	1234	1234	1234	1234	1234	1234	1234	1234	1235	1234	1235	1234	1235	1234	1234	1235	1234	1234	1234	1234	1234	1234	1234	1234	1234	1234	1234	1235	1235	1235	1235	1235	1235	1235	1234	1235	1234	1234	1234	1235	1235	1235	1235	1235	1234	1234	1235	1235	1235	1235	1235	1234	1235	1234	1235	1235	1234	1235	1234	1235	1234	1234	1234	1234	1235	1234	1235	1235	1234	1234	1234	1234	1235	1234	1234	1234	1235	1234	1235	1234	1234	1233	1234	1234	1234	1234	1234	1234
2469	207507	1235	1235	1234	1235	1235	1235	1235	1235	1235	1235	1235	1235	1236	1236	1235	1234	1235	1235	1235	1235	1235	1235	1235	1235	1235	1235	1235	1235	1234	1235	1235	1235	1235	1235	1235	1235	1235	1235	1235	1235	1235	1235	1235	1235	1235	1235	1235	1235	1236	1236	1235	1235	1234	1235	1235	1235	1235	1235	1235	1235	1235	1234	1234	1235	1234	1235	1234	1234	1234	1234	1235	1235	1234	1235	1235	1234	1235	1234	1234	1234	1236	1235	1234	1235	1235	1235	1234	1235	1235	1234	1235	1234	1235	1235	1235	1235	1235	1236	1235	1236	1235	1235	1235	1234	1235	1235	1235	1235	1235	1235	1235	1235	1235	1235	1236	1235	1235	1235	1234	1235	1235	1235	1235	1235	1235	1235	1235	1235
2470	208000	1236	1235	1236	1235	1236	1235	1237	1235	1236	1236	1235	1236	1235	1235	1235	1236	1235	1235	1236	1235	1235	1235	1235	1236	1235	1235	1236	1235	1235	1235	1235	1235	1236	1235	1235	1235	1235	1235	1235	1235	1235	1235	1235	1236	1235	1235	1235	1236	1235	1235	1235	1235	1235	1235	1235	1235	1235	1234	1235	1235	1235	1235	1235	1235	1235	1235	1236	1235	1235	1235	1235	1236	1235	1236	1235	1235	1235	1235	1235	1235	1235	1236	1235	1235	1236	1235	1235	1235	1236	1236	1236	1236	1235	1236	1235	1236	1235	1235	1235	1235	1236	1236	1235	1235	1236	1236	1236	1236	1236	1236	1236	1236	1235	1235	1235	1235	1235	1235	1235	1235	1235	1235	1235	1236	1235	1235	1236	1235
2471	208492	1236	1236	1236	1236	1236	1236	1236	1235	1235	1235	1235	1236	1236	1236	1236	1236	1236	1236	1236	1236	1236	1236	1236	1236	1235	1236	1236	1235	1236	1236	1236	1236	1235	1235	1235	1236	1236	1236	1235	1235	1236	1235	1235	1236	1236	1235	1235	1235	1236	1236	1236	1235	1236	1235	1235	1236	1236	1236	1235	1235	1236	1235	1236	1235	1235	1236	1236	1236	1235	1235	1235	1235	1235	1235	1235	1236	1235	1235	1235	1235	1236	1236	1235	1236	1235	1235	1235	1235	1236	1236	1235	1235	1236	1236	1236	1236	1235	1236	1235	1235	1235	1235	1235	1235	1235	1235	1236	1236	1236	1236	1236	1235	1235	1235	1236	1236	1236	1236	1236	1236	1236	1236	1235	1235	1235	1235	1236	1235
2472	208984	1236	1235	1236	1236	1236	1236	1237	1236	1236	1236	1236	1236	1236	1236	1236	1235	1235	1236	1235	1236	1235	1235	1236	1235	1236	1235	1236	1236	1236	1236	1236	1236	1237	1237	1236	1236	1236	1237	1237	1237	1236	1237	1236	1236	1236	1236	1236	1236	1236	1236	1236	1236	1237	1237	1237	1236	1236	1237	1237	1237	1237	1237	1236	1237	1236	1236	1236	1235	1236	1236	1236	1236	1236	1237	1236	1236	1236	1237	1236	1236	1237	1236	1237	1236	1236	1236	1236	1236	1236	1236	1236	1236	1236	1236	1235	1236	1236	1236	1236	1236	1236	1236	1237	1236	1237	1236	1236	1236	1236	1237	1237	1236	1236	1236	1237	1236	1236	1236	1236	1236	1236	1237	1237	1236	1237	1237	1236	1237
2473	209476	1236	1237	1237	1237	1236	1236	1238	1236	1236	1236	1237	1237	1236	1236	1236	1236	1237	1236	1237	1236	1237	1237	1237	1237	1236	1236	1237	1237	1237	1237	1237	1237	1237	1236	1236	1237	1237	1237	1237	1236	1237	1237	1237	1237	1236	1236	1237	1237	1236	1236	1237	1236	1237	1236	1237	1236	1236	1236	1236	1236	1236	1236	1237	1236	1236	1237	1237	1237	1237	1237	1237	1237	1237	1237	1237	1237	1236	1237	1236	1236	1237	1236	1235	1236	1236	1236	1236	1236	1236	1237	1237	1237	1237	1237	1237	1237	1238	1237	1237	1237	1237	1238	1237	1237	1237	1237	1237	1237	1236	1237	1237	1237	1236	1237	1238	1236	1237	1237	1236	1237	1236	1237	1236	1237	1236	1237	1238	1237
2474	209969	1237	1238	1238	1237	1237	1238	1237	1237	1237	1237	1237	1237	1237	1237	1237	1237	1238	1237	1237	1237	1237	1237	1237	1238	1237	1237	1237	1237	1237	1236	1237	1237	1237	1237	1237	1237	1236	1236	1236	1236	1237	1237	1236	1237	1237	1237	1238	1238	1238	1238	1238	1236	1238	1238	1238	1238	1237	1238	1237	1238	1238	1237	1238	1238	1238	1239	1238	1239	1238	1238	1238	1238	1238	1238	1238	1238	1238	1238	1237	1238	1237	1237	1238	1237	1237	1237	1237	1237	1237	1237	1237	1237	1237	1237	1237	1237	1237	1237	1237	1238	1237	1237	1236	1237	1237	1237	1237	1237	1238	1237	1237	1236	1236	1237	1237	1236	1237	1236	1237	1237	1237	1237	1237	1237	1237	1237	1237	1237
2475	210461	1238	1238	1238	1238	1238	1238	1238	1238	1238	1238	1238	1238	1238	1237	1237	1238	1238	1238	1238	1238	1238	1238	1238	1238	1238	1238	1238	1238	1238	1238	1237	1238	1238	1238	1238	1238	1238	1238	1238	1238	1238	1238	1239	1238	1238	1238	1238	1238	1238	1238	1237	1238	1238	1237	1237	1238	1238	1238	1237	1238	1238	1238	1238	1238	1238	1238	1238	1238	1237	1238	1238	1238	1238	1238	1238	1238	1237	1238	1238	1237	1238	1238	1238	1238	1238	1238	1238	1237	1238	1238	1238	1238	1238	1238	1238	1237	1238	1237	1237	1238	1238	1238	1238	1237	1239	1238	1238	1238	1238	1238	1238	1238	1238	1238	1238	1238	1237	1237	1238	1238	1238	1238	1237	1238	1237	1238	1238	1238
2476	210953	1238	1238	1238	1239	1238	1238	1238	1238	1238	1239	1238	1238	1239	1238	1238	1238	1239	1239	1239	1239	1239	1239	1239	1238	1239	1239	1238	1239	1238	1238	1238	1238	1238	1238	1239	1238	1238	1238	1238	1239	1238	1238	1238	1238	1238	1238	1238	1238	1238	1238	1237	1238	1238	1238	1238	1237	1237	1238	1238	1238	1238	1238	1238	1238	1238	1238	1238	1238	1239	1238	1238	1238	1238	1239	1238	1237	1238	1238	1238	1238	1238	1237	1238	1238	1238	1238	1239	1238	1238	1237	1238	1238	1238	1238	1238	1238	1238	1238	1238	1238	1238	1238	1239	1238	1238	1238	1238	1237	1238	1238	1238	1238	1238	1238	1238	1238	1238	1238	1238	1238	1239	1238	1238	1238	1238	1238	1238	1239
2477	211446	1239	1239	1239	1239	1239	1239	1239	1239	1239	1239	1239	1239	1240	1238	1239	1239	1239	1239	1239	1238	1239	1239	1238	1239	1239	1238	1238	1238	1239	1238	1239	1238	1238	1238	1239	1238	1239	1238	1238	1238	1238	1239	1239	1239	1238	1238	1239	1238	1239	1238	1239	1238	1238	1239	1238	1239	1239	1239	1238	1239	1239	1239	1239	1239	1239	1239	1238	1239	1238	1239	1239	1238	1239	1239	1239	1239	1238	1239	1239	1239	1238	1239	1238	1238	1239	1238	1238	1238	1239	1239	1239	1238	1238	1239	1239	1238	1238	1238	1238	1238	1239	1239	1239	1238	1239	1238	1238	1238	1238	1239	1238	1239	1238	1239	1239	1239	1239	1238	1239	1240	1239	1239	1239	1239	1239	1238	1238	1239
2478	211938	1240	1240	1239	1239	1240	1239	1240	1239	1239	1239	1239	1238	1239	1240	1239	1239	1239	1239	1240	1240	1240	1239	1239	1240	1239	1240	1240	1240	1239	1239	1240	1239	1239	1240	1239	1239	1239	1240	1240	1239	1239	1239	1239	1239	1240	1239	1239	1239	1239	1240	1239	1239	1239	1239	1239	1239	1239	1239	1239	1239	1239	1239	1239	1239	1239	1239	1239	1238	1238	1239	1238	1239	1239	1239	1238	1239	1239	1239	1239	1239	1239	1239	1239	1239	1239	1239	1239	1240	1239	1239	1239	1239	1239	1239	1239	1239	1239	1239	1239	1238	1239	1239	1239	1239	1239	1239	1238	1239	1238	1239	1239	1239	1240	1239	1239	1239	1239	1239	1239	1239	1239	1239	1239	1239	1239	1238	1239	1239
2479	212430	1239	1239	1239	1239	1239	1240	1239	1240	1239	1239	1240	1239	1240	1239	1239	1239	1239	1240	1239	1239	1239	1240	1240	1239	1239	1239	1240	1240	1240	1240	1240	1241	1240	1240	1240	1240	1241	1240	1240	1240	1240	1240	1239	1239	1240	1240	1240	1239	1240	1240	1239	1239	1240	1240	1240	1240	1240	1239	1239	1239	1239	1239	1239	1239	1239	1239	1239	1239	1240	1241	1239	1239	1239	1240	1239	1240	1239	1240	1239	1240	1240	1239	1240	1240	1240	1240	1239	1240	1239	1239	1240	1239	1240	1239	1239	1240	1239	1239	1239	1239	1240	1239	1239	1239	1239	1239	1239	1238	1240	1240	1239	1239	1240	1239	1240	1239	1239	1239	1238	1239	1239	1239	1239	1239	1239	1240	1241	1239
2480	212923	1240	1240	1240	1241	1240	1240	1240	1241	1240	1240	1240	1241	1241	1240	1240	1240	1240	1240	1240	1240	1240	1239	1240	1240	1240	1240	1240	1240	1240	1241	1240	1240	1240	1240	1240	1240	1240	1240	1240	1240	1240	1240	1240	1240	1240	1240	1240	1240	1240	1241	1240	1241	1240	1241	1241	1240	1240	1240	1241	1240	1240	1241	1240	1240	1240	1239	1240	1241	1240	1240	1240	1240	1240	1240	1240	1240	1240	1240	1241	1240	1240	1241	1240	1240	1240	1240	1240	1240	1240	1240	1240	1240	1239	1240	1240	1240	1240	1241	1240	1239	1240	1240	1240	1240	1240	1240	1240	1240	1240	1240	1240	1240	1240	1240	1240	1240	1239	1240	1240	1240	1240	1240	1240	1240	1240	1240	1240	1240
2481	213415	1240	1241	1240	1241	1241	1239	1241	1240	1240	1240	1240	1240	1240	1240	1241	1241	1241	1241	1241	1240	1241	1241	1241	1241	1241	1242	1241	1241	1242	1241	1241	1241	1241	1240	1240	1241	1240	1241	1240	1240	1240	1241	1241	1241	1240	1241	1241	1240	1241	1241	1241	1241	1240	1241	1241	1241	1240	1241	1241	1241	1240	1240	1241	1240	1240	1241	1240	1241	1241	1241	1241	1241	1241	1240	1241	1241	1241	1240	1241	1241	1241	1240	1241	1241	1241	1241	1240	1241	1240	1241	1241	1241	1240	1241	1241	1241	1241	1241	1241	1241	1241	1241	1241	1241	1242	1241	1241	1240	1240	1240	1240	1241	1241	1240	1240	1240	1241	1240	1240	1241	1240	1240	1240	1240	1240	1241	1240	1240
2482	213907	1242	1242	1242	1241	1242	1242	1241	1241	1241	1241	1241	1241	1242	1241	1241	1242	1241	1241	1241	1241	1241	1241	1242	1241	1241	1241	1241	1242	1240	1241	1241	1241	1241	1241	1241	1241	1240	1241	1241	1242	1240	1240	1241	1240	1241	1241	1241	1241	1240	1240	1241	1241	1241	1241	1240	1241	1241	1241	1241	1241	1241	1241	1241	1241	1241	1241	1242	1241	1241	1241	1241	1242	1241	1240	1241	1241	1241	1241	1241	1240	1241	1241	1241	1240	1241	1241	1241	1240	1241	1241	1241	1241	1241	1241	1241	1241	1241	1241	1242	1240	1241	1241	1241	1241	1240	1241	1241	1241	1241	1240	1241	1241	1241	1241	1241	1241	1240	1240	1240	1241	1242	1241	1241	1241	1241	1240	1240	1241
2483	214400	1242	1242	1242	1242	1242	1242	1242	1241	1242	1241	1242	1241	1241	1242	1242	1242	1242	1242	1241	1241	1241	1242	1241	1241	1242	1242	1242	1241	1242	1241	1242	1241	1242	1241	1241	1241	1241	1241	1241	1242	1241	1241	1242	1242	1242	1241	1242	1242	1241	1242	1241	1241	1242	1241	1242	1241	1242	1241	1241	1241	1241	1241	1241	1242	1241	1241	1242	1241	1242	1242	1242	1242	1242	1242	1242	1242	1242	1242	1242	1242	1242	1242	1242	1242	1242	1242	1242	1242	1242	1242	1242	1242	1241	1242	1241	1241	1242	1242	1241	1242	1242	1241	1242	1241	1242	1241	1242	1242	1242	1242	1241	1242	1241	1242	1242	1241	1241	1241	1241	1241	1241	1242	1241	1241	1242	1242	1241	1241
2484	214892	1241	1242	1242	1242	1242	1242	1242	1243	1242	1243	1242	1242	1242	1241	1242	1241	1242	1242	1241	1242	1243	1242	1241	1242	1242	1242	1242	1242	1242	1242	1242	1242	1242	1242	1242	1242	1242	1242	1242	1242	1241	1241	1242	1242	1241	1241	1241	1242	1242	1242	1242	1242	1242	1242	1242	1241	1242	1242	1242	1242	1242	1242	1242	1242	1242	1242	1242	1241	1242	1242	1242	1241	1242	1242	1242	1241	1242	1241	1242	1241	1242	1241	1242	1242	1241	1242	1241	1242	1241	1242	1242	1241	1242	1242	1242	1242	1241	1242	1242	1241	1242	1241	1242	1242	1242	1242	1242	1242	1242	1243	1242	1242	1243	1242	1242	1242	1242	1242	1242	1242	1242	1242	1242	1242	1243	1242	1243	1243
2485	215384	1243	1243	1243	1243	1244	1243	1243	1243	1243	1243	1243	1243	1243	1244	1242	1242	1242	1243	1243	1243	1243	1243	1243	1243	1243	1243	1243	1242	1242	1242	1243	1243	1243	1243	1243	1242	1242	1243	1242	1243	1243	1243	1243	1243	1243	1243	1243	1243	1242	1243	1243	1244	1242	1243	1243	1243	1243	1243	1242	1243	1243	1242	1243	1243	1243	1243	1243	1243	1243	1243	1243	1243	1243	1243	1243	1243	1243	1243	1242	1243	1243	1243	1243	1243	1244	1243	1244	1243	1242	1243	1242	1242	1242	1242	1242	1243	1243	1242	1243	1243	1243	1243	1243	1243	1242	1242	1243	1243	1243	1242	1243	1243	1242	1243	1243	1243	1243	1243	1243	1242	1243	1242	1243	1243	1243	1243	1244	1243
2486	215876	1244	1243	1243	1243	1244	1243	1243	1243	1242	1243	1244	1243	1244	1243	1243	1243	1243	1243	1243	1243	1243	1243	1243	1242	1243	1243	1243	1243	1242	1243	1242	1243	1242	1242	1243	1242	1243	1242	1243	1243	1243	1244	1242	1242	1243	1243	1243	1243	1242	1243	1242	1243	1242	1242	1243	1243	1244	1243	1243	1244	1243	1244	1243	1243	1243	1242	1243	1243	1243	1243	1243	1243	1243	1243	1243	1244	1243	1243	1243	1243	1244	1244	1243	1243	1243	1244	1243	1243	1243	1243	1243	1243	1243	1243	1243	1244	1243	1243	1243	1242	1243	1243	1243	1244	1243	1244	1244	1243	1243	1243	1243	1243	1243	1243	1243	1243	1243	1243	1243	1243	1243	1243	1243	1243	1243	1243	1243	1243
2487	216369	1243	1244	1243	1243	1243	1243	1243	1244	1243	1243	1243	1243	1243	1243	1243	1243	1243	1243	1242	1243	1244	1243	1243	1243	1244	1243	1244	1243	1243	1243	1243	1243	1243	1243	1243	1243	1243	1242	1243	1243	1243	1243	1243	1243	1243	1243	1243	1243	1243	1243	1243	1244	1243	1244	1243	1243	1244	1243	1243	1243	1243	1243	1243	1244	1244	1244	1244	1244	1244	1244	1244	1244	1243	1244	1244	1243	1244	1244	1243	1244	1244	1243	1244	1244	1244	1244	1243	1244	1244	1244	1244	1244	1244	1244	1244	1244	1244	1244	1243	1244	1244	1244	1243	1244	1244	1244	1244	1244	1244	1244	1244	1244	1244	1243	1244	1244	1245	1243	1244	1244	1244	1244	1243	1243	1244	1243	1243	1244
2488	216861	1244	1244	1244	1244	1244	1245	1245	1244	1245	1244	1244	1245	1244	1244	1245	1244	1245	1244	1244	1244	1243	1244	1244	1244	1244	1244	1244	1244	1244	1244	1244	1243	1244	1244	1244	1244	1244	1244	1244	1243	1243	1244	1244	1243	1243	1243	1243	1243	1244	1243	1243	1243	1244	1244	1243	1244	1245	1244	1243	1244	1244	1244	1244	1244	1244	1244	1244	1244	1244	1244	1244	1243	1244	1244	1243	1243	1243	1245	1244	1244	1244	1244	1244	1244	1244	1244	1244	1244	1244	1243	1244	1243	1244	1244	1244	1243	1244	1244	1244	1245	1244	1244	1244	1244	1244	1244	1244	1245	1244	1244	1244	1244	1244	1244	1245	1244	1244	1243	1244	1244	1243	1243	1243	1244	1243	1243	1244	1244
2489	217353	1245	1245	1245	1245	1245	1245	1245	1244	1245	1244	1244	1244	1245	1245	1244	1245	1244	1245	1245	1244	1245	1245	1245	1245	1245	1244	1245	1245	1245	1245	1245	1244	1245	1244	1244	1245	1244	1245	1245	1244	1245	1244	1244	1245	1245	1245	1245	1245	1245	1245	1245	1245	1244	1245	1244	1244	1245	1244	1245	1245	1245	1244	1245	1245	1244	1244	1243	1244	1244	1244	1244	1244	1244	1244	1244	1244	1244	1244	1244	1245	1244	1244	1244	1244	1244	1244	1244	1244	1244	1244	1244	1244	1244	1244	1244	1244	1244	1245	1244	1244	1244	1244	1244	1245	1246	1245	1244	1244	1245	1245	1244	1244	1244	1244	1245	1244	1245	1244	1245	1244	1245	1245	1244	1245	1245	1244	1245	1245
2490	217846	1246	1246	1246	1246	1245	1245	1246	1246	1245	1245	1246	1245	1245	1246	1245	1246	1245	1245	1244	1244	1245	1245	1245	1245	1245	1245	1245	1245	1245	1244	1246	1244	1246	1245	1244	1246	1245	1245	1245	1245	1245	1245	1245	1245	1244	1245	1245	1245	1245	1245	1245	1245	1245	1245	1245	1244	1245	1245	1245	1245	1245	1245	1245	1245	1245	1245	1245	1245	1245	1245	1245	1246	1246	1246	1245	1245	1246	1246	1245	1245	1245	1246	1245	1246	1245	1245	1246	1245	1245	1245	1245	1245	1244	1245	1245	1245	1245	1245	1245	1244	1245	1245	1245	1245	1245	1244	1244	1245	1245	1244	1244	1244	1245	1244	1245	1245	1244	1245	1246	1244	1244	1244	1244	1245	1244	1245	1244	1244
2491	218338	1246	1246	1245	1246	1246	1245	1246	1245	1245	1245	1245	1245	1245	1245	1245	1246	1245	1245	1246	1245	1245	1245	1245	1245	1244	1245	1245	1245	1244	1246	1245	1244	1244	1245	1245	1246	1245	1245	1245	1246	1245	1245	1245	1245	1246	1245	1245	1245	1245	1245	1245	1246	1246	1246	1246	1245	1245	1245	1245	1246	1246	1245	1245	1246	1246	1246	1245	1246	1246	1246	1246	1246	1246	1246	1246	1245	1246	1246	1246	1246	1246	1245	1246	1246	1246	1246	1246	1246	1245	1246	1246	1246	1246	1246	1245	1246	1245	1245	1246	1246	1246	1246	1246	1246	1246	1245	1246	1245	1246	1245	1246	1246	1245	1246	1246	1246	1245	1245	1245	1245	1246	1246	1245	1246	1245	1245	1245	1245
2492	218830	1246	1247	1246	1246	1246	1246	1247	1246	1246	1246	1246	1246	1246	1246	1246	1246	1246	1246	1246	1246	1246	1246	1247	1246	1246	1246	1246	1247	1247	1246	1246	1246	1246	1247	1246	1246	1246	1246	1245	1246	1246	1246	1246	1246	1246	1246	1246	1246	1246	1246	1247	1245	1245	1246	1247	1246	1246	1246	1246	1246	1247	1247	1247	1246	1247	1246	1247	1247	1246	1245	1246	1247	1246	1247	1247	1246	1247	1247	1247	1247	1247	1247	1247	1247	1247	1246	1247	1247	1247	1247	1247	1247	1246	1247	1246	1246	1246	1246	1246	1246	1246	1246	1247	1246	1247	1247	1247	1248	1246	1246	1246	1246	1246	1246	1246	1245	1246	1246	1245	1246	1246	1246	1246	1246	1246	1245	1245	1246
2493	219323	1247	1247	1247	1246	1247	1246	1247	1247	1247	1246	1247	1246	1247	1246	1247	1247	1246	1247	1246	1247	1246	1247	1247	1246	1246	1247	1247	1247	1247	1246	1246	1247	1247	1247	1247	1246	1247	1246	1246	1246	1246	1247	1247	1247	1247	1247	1247	1247	1247	1247	1246	1247	1247	1248	1247	1247	1247	1247	1248	1247	1247	1247	1247	1247	1247	1248	1247	1247	1248	1247	1247	1247	1246	1247	1247	1247	1246	1247	1246	1246	1246	1247	1247	1246	1246	1246	1246	1246	1247	1247	1247	1247	1247	1248	1248	1247	1246	1247	1247	1246	1247	1246	1246	1246	1246	1247	1246	1246	1247	1246	1246	1246	1247	1247	1247	1246	1247	1247	1247	1246	1247	1247	1246	1246	1246	1246	1246	1246
2494	219815	1247	1247	1248	1247	1247	1247	1247	1248	1247	1247	1247	1248	1247	1246	1248	1247	1247	1248	1247	1248	1247	1247	1248	1247	1248	1247	1248	1248	1248	1247	1247	1248	1247	1247	1247	1247	1248	1248	1247	1248	1247	1247	1247	1247	1247	1246	1247	1247	1247	1247	1246	1247	1246	1246	1247	1245	1247	1246	1247	1247	1247	1247	1247	1247	1247	1246	1247	1246	1246	1247	1246	1247	1246	1247	1249	1246	1247	1246	1247	1247	1247	1247	1247	1247	1246	1247	1247	1247	1247	1248	1247	1247	1247	1246	1247	1247	1246	1247	1247	1247	1247	1247	1247	1247	1247	1248	1247	1247	1247	1247	1247	1247	1247	1248	1247	1247	1247	1247	1247	1247	1247	1247	1247	1247	1247	1248	1247	1246
2495	220307	1247	1248	1247	1247	1248	1247	1248	1247	1248	1248	1248	1248	1248	1248	1248	1248	1248	1248	1249	1247	1248	1248	1248	1248	1248	1248	1248	1247	1247	1248	1248	1248	1248	1248	1248	1248	1248	1248	1248	1248	1248	1248	1248	1248	1248	1248	1247	1248	1247	1248	1248	1248	1248	1247	1248	1248	1248	1247	1248	1248	1247	1248	1248	1248	1247	1247	1247	1247	1247	1248	1248	1247	1247	1247	1248	1247	1248	1247	1247	1247	1247	1247	1248	1247	1247	1247	1248	1247	1248	1248	1248	1249	1248	1248	1248	1248	1248	1248	1248	1247	1247	1248	1248	1248	1248	1248	1248	1248	1248	1248	1248	1248	1247	1247	1247	1247	1248	1247	1247	1247	1248	1248	1247	1248	1247	1248	1248	1247
2496	220800	1247	1248	1248	1248	1248	1247	1248	1248	1248	1248	1248	1248	1248	1248	1248	1248	1248	1248	1248	1248	1248	1248	1248	1248	1247	1248	1248	1248	1248	1248	1248	1248	1248	1248	1248	1248	1248	1248	1248	1249	1248	1248	1248	1248	1248	1248	1249	1248	1248	1248	1248	1248	1248	1248	1248	1248	1248	1248	1248	1248	1247	1248	1247	1248	1248	1248	1248	1248	1248	1248	1248	1248	1247	1248	1248	1248	1248	1248	1248	1248	1248	1248	1247	1248	1248	1248	1248	1248	1248	1248	1248	1248	1248	1248	1248	1248	1248	1248	1248	1248	1248	1247	1248	1248	1248	1248	1248	1248	1248	1248	1248	1249	1248	1248	1248	1248	1248	1248	1248	1248	1248	1248	1248	1248	1248	1248	1248	1248
2497	221292	1248	1248	1248	1248	1249	1248	1248	1248	1248	1248	1248	1248	1248	1247	1248	1248	1248	1248	1248	1248	1248	1248	1249	1248	1248	1248	1248	1249	1247	1248	1248	1249	1248	1248	1248	1248	1249	1249	1248	1249	1249	1249	1249	1249	1249	1248	1249	1248	1249	1248	1248	1246	1248	1249	1249	1249	1249	1249	1249	1249	1249	1249	1249	1248	1249	1248	1248	1249	1248	1249	1248	1248	1248	1248	1248	1248	1248	1248	1248	1248	1248	1249	1248	1248	1248	1248	1248	1248	1249	1247	1248	1248	1248	1248	1248	1248	1248	1248	1248	1249	1248	1248	1248	1248	1249	1249	1249	1249	1248	1249	1248	1249	1249	1248	1249	1248	1249	1248	1248	1248	1249	1249	1249	1249	1249	1250	1249	1250
2498	221784	1249	1249	1248	1249	1248	1249	1248	1249	1248	1249	1248	1248	1248	1248	1248	1249	1248	1249	1249	1249	1249	1249	1249	1249	1249	1249	1249	1249	1248	1249	1249	1249	1249	1249	1249	1249	1248	1248	1249	1249	1249	1249	1249	1249	1249	1249	1249	1249	1249	1249	1249	1249	1249	1249	1249	1249	1249	1249	1249	1249	1249	1249	1249	1249	1249	1249	1249	1249	1249	1249	1249	1249	1249	1249	1249	1249	1249	1249	1249	1249	1249	1249	1249	1249	1249	1249	1249	1249	1249	1249	1249	1250	1250	1249	1249	1249	1250	1249	1249	1249	1249	1249	1249	1249	1249	1249	1249	1249	1249	1249	1249	1249	1249	1249	1249	1249	1249	1249	1250	1249	1249	1249	1249	1250	1249	1249	1249	1249
2499	222276	1249	1248	1249	1249	1249	1249	1249	1250	1249	1250	1250	1249	1250	1250	1249	1249	1249	1250	1249	1250	1250	1249	1249	1249	1250	1249	1249	1250	1249	1250	1249	1250	1249	1249	1249	1250	1249	1249	1249	1250	1249	1249	1249	1249	1249	1249	1249	1249	1249	1250	1249	1249	1250	1249	1249	1250	1250	1249	1250	1249	1250	1250	1250	1249	1249	1249	1249	1249	1249	1249	1249	1249	1249	1249	1249	1249	1250	1249	1249	1249	1250	1250	1250	1250	1250	1250	1250	1250	1250	1250	1249	1250	1250	1250	1250	1249	1250	1250	1250	1250	1250	1250	1250	1250	1250	1250	1250	1250	1249	1251	1249	1249	1250	1249	1249	1250	1250	1250	1249	1249	1249	1250	1249	1249	1248	1249	1249	1249
2500	222769	1250	1250	1250	1250	1250	1250	1249	1250	1249	1249	1250	1250	1250	1250	1250	1250	1250	1250	1249	1250	1250	1250	1250	1250	1250	1251	1251	1250	1250	1250	1251	1251	1251	1250	1250	1251	1250	1251	1250	1250	1250	1250	1250	1250	1250	1250	1250	1250	1250	1250	1250	1250	1250	1250	1250	1250	1250	1250	1251	1250	1250	1251	1250	1250	1251	1249	1250	1250	1250	1250	1250	1250	1250	1250	1251	1250	1250	1250	1250	1250	1250	1251	1250	1250	1250	1250	1250	1250	1250	1249	1250	1250	1250	1250	1250	1250	1250	1250	1250	1250	1250	1251	1250	1250	1250	1250	1250	1251	1250	1250	1251	1250	1250	1250	1251	1250	1250	1251	1250	1250	1251	1250	1250	1250	1250	1250	1250	1250
2501	223261	1251	1250	1251	1251	1250	1251	1251	1250	1250	1250	1251	1250	1251	1250	1250	1251	1250	1250	1250	1251	1250	1251	1250	1250	1250	1250	1250	1250	1250	1250	1250	1250	1250	1250	1250	1249	1250	1250	1250	1250	1250	1250	1250	1250	1250	1251	1250	1249	1249	1250	1250	1250	1250	1250	1249	1250	1249	1249	1249	1251	1250	1250	1250	1250	1250	1250	1250	1250	1250	1251	1250	1250	1250	1249	1250	1250	1249	1250	1250	1249	1250	1249	1250	1249	1250	1250	1249	1250	1250	1251	1249	1250	1250	1250	1250	1250	1251	1250	1250	1250	1251	1250	1251	1250	1251	1250	1250	1251	1250	1250	1250	1250	1251	1251	1250	1251	1251	1250	1250	1250	1250	1251	1251	1250	1250	1250	1250	1251
2502	223753	1251	1251	1250	1250	1251	1251	1250	1251	1251	1251	1251	1251	1252	1252	1251	1251	1252	1252	1252	1252	1252	1251	1252	1252	1251	1252	1252	1251	1251	1251	1251	1251	1251	1252	1252	1251	1251	1251	1251	1252	1251	1251	1252	1252	1252	1251	1251	1250	1251	1251	1250	1251	1250	1250	1250	1251	1250	1251	1251	1251	1251	1251	1250	1251	1251	1251	1251	1250	1251	1251	1251	1251	1251	1251	1251	1251	1251	1251	1251	1251	1251	1251	1251	1251	1251	1251	1252	1252	1251	1251	1251	1252	1251	1251	1251	1251	1251	1251	1251	1251	1251	1252	1251	1251	1251	1251	1251	1251	1251	1251	1251	1252	1251	1251	1251	1251	1251	1251	1251	1251	1251	1251	1250	1250	1250	1250	1251	1250
2503	224246	1251	1251	1251	1251	1251	1251	1251	1251	1251	1252	1252	1252	1251	1252	1252	1252	1252	1251	1252	1252	1252	1251	1252	1251	1252	1252	1252	1251	1251	1252	1251	1251	1251	1251	1251	1252	1251	1252	1252	1252	1252	1251	1252	1252	1251	1251	1252	1251	1250	1250	1251	1251	1251	1251	1251	1251	1251	1251	1251	1251	1251	1251	1251	1251	1252	1252	1251	1251	1252	1251	1251	1252	1251	1252	1251	1252	1252	1252	1252	1251	1251	1252	1252	1252	1252	1252	1252	1252	1252	1252	1252	1252	1252	1251	1251	1251	1251	1252	1252	1252	1251	1252	1252	1252	1252	1251	1251	1252	1252	1251	1251	1251	1251	1251	1252	1251	1251	1252	1251	1252	1251	1251	1252	1251	1252	1252	1251	1252
2504	224738	1252	1252	1252	1253	1252	1252	1252	1253	1252	1252	1251	1252	1252	1252	1252	1252	1252	1252	1252	1252	1252	1252	1252	1252	1252	1251	1252	1252	1251	1252	1251	1252	1251	1251	1252	1251	1252	1252	1252	1252	1251	1252	1252	1252	1252	1252	1252	1252	1252	1253	1252	1252	1253	1252	1252	1252	1252	1252	1252	1252	1252	1252	1252	1252	1252	1252	1253	1252	1253	1252	1253	1253	1252	1252	1254	1252	1252	1252	1252	1252	1253	1253	1252	1252	1252	1252	1252	1252	1252	1252	1252	1253	1252	1252	1252	1252	1252	1251	1251	1252	1251	1252	1251	1251	1251	1251	1252	1252	1251	1251	1252	1251	1251	1252	1251	1252	1251	1251	1251	1251	1252	1251	1252	1251	1251	1251	1252	1252
2505	225230	1252	1253	1253	1253	1253	1253	1253	1252	1252	1252	1253	1253	1252	1252	1252	1253	1253	1252	1253	1252	1252	1253	1252	1253	1252	1253	1252	1252	1252	1251	1252	1252	1252	1253	1251	1253	1253	1252	1252	1252	1252	1253	1252	1253	1252	1252	1252	1253	1253	1252	1252	1252	1252	1253	1252	1252	1252	1252	1253	1252	1252	1253	1253	1253	1253	1252	1252	1252	1253	1252	1253	1252	1253	1252	1253	1253	1252	1252	1251	1252	1253	1253	1253	1252	1252	1252	1252	1253	1252	1252	1253	1252	1253	1252	1252	1252	1252	1252	1252	1252	1252	1252	1252	1252	1252	1252	1252	1253	1253	1253	1252	1253	1253	1252	1252	1253	1252	1252	1252	1253	1252	1253	1253	1253	1253	1253	1253	1253
2506	225723	1252	1253	1253	1253	1253	1253	1253	1253	1253	1254	1253	1253	1253	1254	1253	1253	1253	1253	1253	1253	1253	1253	1253	1253	1253	1253	1253	1253	1253	1254	1253	1253	1253	1253	1253	1253	1253	1253	1253	1253	1252	1252	1253	1253	1252	1253	1253	1253	1253	1253	1253	1253	1253	1253	1253	1253	1253	1253	1253	1253	1253	1253	1253	1252	1253	1252	1253	1253	1252	1253	1253	1253	1253	1253	1253	1253	1253	1253	1253	1252	1253	1253	1253	1252	1252	1253	1253	1253	1253	1253	1253	1253	1252	1253	1253	1252	1252	1253	1253	1253	1253	1253	1253	1253	1253	1253	1252	1253	1253	1253	1253	1253	1253	1253	1253	1253	1253	1253	1253	1253	1252	1252	1253	1252	1253	1252	1252	1252
2507	226215	1253	1254	1254	1253	1254	1254	1253	1254	1253	1253	1253	1254	1253	1253	1253	1253	1253	1254	1253	1253	1253	1254	1254	1253	1254	1253	1254	1254	1253	1254	1253	1254	1254	1254	1254	1254	1254	1254	1254	1253	1253	1252	1254	1253	1254	1254	1254	1254	1255	1254	1254	1254	1254	1253	1253	1253	1254	1253	1253	1253	1253	1254	1254	1253	1253	1253	1254	1253	1254	1254	1253	1254	1253	1254	1253	1253	1254	1254	1253	1253	1253	1254	1253	1254	1254	1253	1253	1253	1253	1254	1253	1253	1253	1253	1253	1253	1253	1253	1253	1252	1253	1252	1253	1253	1253	1253	1253	1252	1253	1254	1254	1253	1255	1253	1254	1254	1254	1254	1254	1254	1254	1254	1254	1253	1253	1253	1255	1253
2508	226707	1254	1254	1254	1255	1254	1255	1254	1254	1253	1254	1254	1254	1254	1254	1254	1254	1254	1255	1254	1254	1254	1254	1254	1254	1254	1254	1254	1254	1254	1254	1254	1253	1254	1254	1254	1254	1254	1254	1254	1254	1254	1254	1254	1254	1255	1254	1254	1253	1254	1254	1254	1254	1254	1254	1254	1254	1254	1254	1254	1253	1255	1253	1254	1253	1254	1254	1254	1254	1253	1254	1253	1254	1254	1253	1254	1253	1254	1254	1254	1254	1253	1254	1254	1253	1254	1254	1254	1253	1253	1253	1253	1253	1254	1254	1254	1253	1254	1253	1254	1254	1254	1254	1253	1254	1254	1254	1254	1254	1253	1253	1254	1253	1254	1254	1253	1254	1254	1253	1254	1254	1254	1254	1254	1254	1254	1254	1254	1254
2509	227200	1254	1254	1255	1255	1254	1254	1255	1254	1255	1255	1255	1254	1255	1255	1254	1254	1255	1255	1255	1255	1255	1255	1255	1255	1255	1254	1254	1255	1255	1254	1254	1255	1255	1255	1254	1254	1254	1255	1255	1255	1255	1254	1254	1255	1255	1255	1254	1255	1255	1254	1255	1254	1254	1254	1255	1254	1254	1254	1255	1255	1254	1254	1254	1255	1254	1254	1254	1255	1254	1255	1254	1255	1255	1255	1255	1255	1255	1255	1255	1254	1255	1254	1255	1255	1255	1255	1255	1255	1255	1255	1256	1255	1255	1255	1255	1255	1255	1255	1254	1255	1255	1255	1255	1255	1255	1255	1254	1255	1255	1254	1255	1255	1254	1255	1255	1255	1255	1255	1255	1255	1254	1255	1255	1255	1254	1254	1254	1254
2510	227692	1255	1255	1255	1255	1255	1255	1255	1254	1255	1255	1255	1256	1256	1255	1255	1255	1255	1255	1255	1254	1254	1255	1255	1255	1255	1255	1255	1255	1256	1255	1255	1255	1255	1255	1255	1255	1255	1255	1255	1255	1255	1255	1255	1256	1255	1255	1255	1255	1256	1255	1255	1255	1255	1255	1256	1255	1255	1255	1256	1255	1255	1255	1255	1255	1255	1256	1255	1255	1255	1255	1255	1255	1255	1255	1255	1256	1255	1255	1255	1255	1256	1255	1255	1255	1254	1256	1255	1255	1255	1255	1255	1254	1254	1255	1254	1255	1255	1255	1255	1255	1255	1255	1255	1255	1255	1255	1255	1255	1255	1255	1255	1254	1254	1254	1254	1255	1255	1255	1255	1256	1255	1255	1255	1255	1256	1255	1255	1255
2511	228184	1255	1255	1254	1255	1255	1255	1255	1255	1255	1256	1255	1255	1255	1255	1255	1255	1255	1256	1256	1255	1255	1255	1255	1256	1255	1256	1255	1256	1256	1256	1256	1255	1256	1256	1256	1256	1255	1256	1255	1255	1255	1255	1255	1255	1255	1255	1255	1254	1255	1255	1256	1255	1255	1255	1255	1255	1255	1255	1255	1255	1255	1255	1256	1255	1256	1255	1255	1255	1256	1256	1255	1256	1256	1255	1255	1255	1255	1255	1255	1255	1256	1255	1255	1256	1256	1255	1255	1255	1255	1255	1256	1255	1256	1255	1256	1256	1255	1255	1256	1255	1256	1255	1256	1255	1255	1255	1254	1255	1256	1255	1256	1255	1255	1255	1255	1255	1256	1255	1255	1255	1255	1255	1256	1256	1255	1256	1255	1255
2512	228676	1255	1256	1256	1255	1255	1255	1256	1255	1256	1255	1255	1255	1256	1256	1256	1255	1256	1256	1256	1256	1256	1255	1255	1256	1256	1256	1256	1256	1256	1256	1255	1256	1256	1256	1256	1256	1256	1256	1256	1256	1256	1256	1256	1256	1256	1256	1256	1256	1255	1255	1256	1255	1255	1256	1256	1256	1256	1256	1256	1256	1256	1256	1256	1256	1256	1256	1256	1256	1256	1256	1255	1255	1256	1256	1255	1255	1255	1256	1255	1255	1255	1255	1256	1255	1256	1256	1255	1256	1256	1256	1256	1256	1256	1255	1256	1256	1256	1256	1255	1256	1255	1256	1256	1256	1256	1256	1256	1256	1256	1256	1256	1255	1256	1256	1257	1256	1256	1256	1255	1256	1256	1256	1256	1256	1256	1256	1256	1255
2513	229169	1257	1257	1256	1257	1257	1258	1256	1256	1257	1257	1257	1257	1256	1257	1256	1257	1257	1257	1257	1256	1256	1256	1256	1257	1256	1256	1256	1257	1256	1256	1256	1256	1256	1256	1256	1256	1256	1256	1256	1256	1256	1256	1256	1255	1257	1257	1256	1257	1257	1256	1256	1257	1258	1257	1257	1257	1256	1256	1256	1257	1256	1256	1257	1256	1256	1256	1256	1256	1256	1256	1256	1256	1256	1257	1257	1256	1256	1256	1256	1256	1256	1255	1256	1256	1255	1255	1256	1256	1256	1256	1255	1256	1256	1256	1257	1256	1256	1256	1256	1256	1256	1256	1256	1255	1256	1256	1256	1256	1256	1256	1256	1256	1255	1256	1256	1256	1256	1256	1256	1256	1256	1257	1256	1256	1256	1257	1257	1256
2514	229661	1257	1257	1257	1257	1256	1257	1256	1257	1257	1257	1257	1257	1257	1256	1257	1257	1257	1257	1257	1257	1257	1257	1257	1256	1257	1256	1256	1256	1256	1256	1256	1256	1256	1256	1256	1256	1256	1256	1257	1256	1256	1256	1256	1256	1256	1256	1257	1256	1256	1257	1256	1255	1257	1257	1257	1256	1257	1257	1257	1257	1256	1257	1257	1257	1257	1257	1257	1257	1257	1257	1258	1258	1257	1257	1258	1258	1258	1257	1257	1257	1257	1258	1257	1257	1257	1257	1257	1256	1257	1256	1257	1257	1257	1256	1256	1257	1257	1256	1257	1256	1256	1256	1257	1256	1257	1257	1256	1256	1256	1257	1256	1256	1257	1256	1257	1257	1256	1257	1257	1257	1257	1256	1257	1257	1257	1257	1257	1257
2515	230153	1257	1257	1256	1257	1257	1257	1257	1258	1257	1258	1257	1258	1258	1257	1258	1258	1258	1258	1258	1258	1257	1258	1258	1257	1258	1258	1257	1257	1257	1257	1258	1257	1257	1257	1257	1258	1257	1258	1258	1257	1257	1257	1258	1257	1257	1257	1257	1257	1257	1257	1257	1257	1258	1257	1257	1257	1257	1257	1257	1257	1257	1257	1257	1257	1257	1257	1257	1257	1258	1257	1257	1258	1257	1257	1257	1257	1257	1258	1257	1257	1257	1257	1257	1257	1257	1257	1258	1257	1257	1257	1256	1258	1256	1257	1257	1257	1257	1257	1257	1257	1257	1257	1257	1257	1257	1257	1256	1257	1257	1256	1257	1257	1256	1257	1257	1257	1257	1257	1257	1257	1258	1256	1257	1257	1257	1258	1257	1257
2516	230646	1258	1258	1259	1257	1258	1258	1258	1258	1257	1258	1258	1259	1258	1258	1258	1258	1258	1258	1258	1259	1258	1258	1258	1258	1258	1258	1259	1258	1258	1257	1258	1258	1258	1258	1258	1258	1258	1258	1258	1258	1258	1258	1258	1258	1258	1258	1259	1257	1257	1258	1257	1258	1258	1258	1258	1257	1257	1258	1258	1258	1258	1258	1257	1257	1258	1257	1258	1257	1257	1258	1257	1258	1257	1258	1258	1258	1258	1257	1258	1258	1258	1258	1257	1258	1258	1258	1258	1258	1258	1258	1258	1258	1258	1258	1257	1258	1258	1258	1258	1258	1257	1258	1258	1258	1258	1258	1257	1257	1257	1258	1257	1258	1258	1257	1258	1257	1258	1258	1257	1257	1257	1258	1258	1257	1258	1257	1257	1257
2517	231138	1258	1258	1258	1258	1258	1258	1257	1258	1258	1258	1258	1258	1258	1257	1257	1258	1258	1258	1258	1258	1258	1258	1259	1258	1259	1258	1258	1258	1258	1258	1259	1259	1258	1259	1258	1259	1258	1258	1258	1258	1258	1258	1258	1258	1258	1258	1258	1259	1258	1258	1259	1258	1258	1258	1258	1258	1259	1258	1258	1258	1259	1258	1258	1258	1258	1258	1258	1259	1258	1258	1258	1257	1258	1259	1259	1259	1258	1258	1259	1259	1259	1259	1258	1258	1258	1259	1259	1259	1259	1258	1259	1259	1259	1259	1259	1258	1259	1258	1259	1258	1259	1259	1258	1258	1258	1259	1258	1258	1258	1258	1258	1258	1258	1258	1258	1258	1258	1259	1258	1258	1259	1258	1258	1259	1259	1259	1258	1259
2518	231630	1258	1258	1259	1258	1258	1259	1259	1259	1259	1258	1259	1258	1259	1259	1259	1259	1259	1259	1259	1259	1258	1259	1259	1259	1259	1259	1259	1259	1259	1259	1259	1259	1260	1260	1260	1258	1260	1260	1259	1259	1260	1259	1259	1259	1259	1259	1259	1260	1259	1259	1260	1259	1260	1259	1259	1259	1260	1259	1259	1259	1259	1259	1259	1259	1259	1259	1259	1259	1259	1259	1259	1259	1259	1260	1258	1258	1259	1258	1259	1259	1259	1259	1259	1259	1258	1258	1259	1258	1259	1258	1259	1259	1257	1259	1259	1259	1259	1258	1259	1258	1259	1259	1258	1258	1259	1259	1259	1259	1259	1259	1258	1261	1257	1259	1259	1260	1259	1259	1258	1259	1260	1259	1258	1258	1259	1259	1258	1258
2519	232123	1260	1260	1260	1259	1260	1260	1259	1260	1259	1259	1259	1260	1260	1260	1259	1259	1259	1259	1259	1259	1259	1259	1259	1259	1259	1259	1259	1259	1259	1259	1259	1260	1259	1259	1259	1258	1259	1259	1259	1259	1259	1259	1259	1260	1259	1259	1260	1259	1259	1259	1257	1260	1260	1259	1259	1260	1260	1260	1260	1259	1260	1259	1260	1260	1260	1259	1260	1260	1260	1261	1260	1260	1260	1259	1259	1259	1260	1258	1260	1259	1260	1260	1259	1259	1259	1259	1259	1259	1258	1259	1259	1259	1259	1258	1259	1260	1260	1259	1259	1260	1259	1259	1260	1259	1259	1259	1259	1258	1260	1259	1259	1259	1259	1260	1259	1260	1260	1260	1260	1259	1260	1260	1260	1260	1260	1260	1260	1259
2520	232615	1260	1260	1260	1259	1260	1260	1260	1260	1260	1260	1260	1260	1260	1260	1260	1261	1259	1260	1259	1259	1260	1259	1259	1259	1259	1259	1259	1259	1259	1260	1260	1260	1260	1260	1259	1259	1260	1259	1260	1259	1259	1260	1260	1260	1260	1260	1260	1259	1260	1260	1260	1260	1260	1260	1259	1260	1260	1260	1260	1260	1260	1259	1260	1260	1259	1259	1260	1260	1260	1260	1260	1260	1260	1259	1260	1260	1259	1260	1260	1260	1260	1260	1260	1260	1260	1260	1260	1260	1260	1261	1260	1259	1259	1260	1260	1260	1259	1260	1259	1259	1259	1259	1260	1259	1259	1260	1259	1259	1260	1260	1260	1259	1259	1259	1260	1260	1260	1260	1259	1260	1260	1260	1260	1260	1259	1260	1260	1260
2521	233107	1260	1260	1260	1260	1260	1260	1260	1260	1260	1260	1260	1260	1260	1260	1261	1260	1260	1260	1260	1261	1260	1261	1260	1260	1261	1260	1260	1261	1260	1261	1260	1260	1261	1261	1261	1261	1261	1261	1261	1261	1261	1261	1260	1261	1261	1260	1261	1261	1261	1260	1261	1260	1260	1260	1260	1260	1260	1260	1260	1260	1261	1260	1260	1260	1260	1260	1260	1260	1260	1260	1259	1260	1260	1260	1260	1260	1260	1260	1261	1260	1260	1260	1260	1260	1260	1260	1260	1260	1260	1260	1260	1261	1260	1261	1260	1260	1260	1260	1260	1260	1260	1260	1260	1261	1260	1261	1261	1261	1260	1260	1261	1261	1261	1260	1261	1260	1260	1261	1261	1261	1261	1261	1261	1261	1261	1261	1260	1261
2522	233600	1261	1261	1261	1260	1260	1260	1261	1261	1261	1260	1261	1261	1261	1260	1261	1260	1261	1261	1261	1261	1261	1260	1261	1261	1260	1261	1261	1261	1260	1261	1261	1261	1261	1261	1260	1261	1260	1261	1261	1261	1261	1261	1260	1261	1261	1261	1260	1261	1260	1260	1261	1261	1261	1260	1261	1261	1262	1261	1261	1262	1261	1261	1261	1261	1261	1260	1260	1261	1261	1260	1261	1261	1261	1261	1262	1261	1262	1262	1262	1261	1262	1261	1261	1261	1261	1261	1261	1261	1261	1261	1260	1260	1260	1261	1261	1261	1261	1260	1261	1261	1261	1261	1261	1261	1261	1260	1261	1260	1261	1260	1260	1261	1261	1260	1261	1261	1260	1262	1261	1261	1261	1260	1262	1261	1261	1261	1260	1261
2523	234092	1261	1262	1261	1261	1261	1260	1262	1261	1261	1261	1261	1261	1261	1261	1261	1261	1262	1262	1261	1261	1261	1261	1261	1262	1261	1260	1261	1261	1261	1261	1261	1261	1262	1261	1262	1261	1262	1261	1261	1261	1261	1261	1262	1261	1261	1261	1260	1261	1261	1261	1261	1261	1260	1261	1260	1260	1261	1261	1261	1262	1262	1261	1261	1261	1262	1262	1261	1262	1261	1262	1262	1262	1261	1261	1262	1262	1261	1261	1262	1261	1262	1262	1261	1261	1262	1261	1262	1261	1262	1261	1261	1262	1261	1262	1262	1261	1262	1261	1261	1262	1261	1262	1261	1261	1261	1261	1262	1261	1261	1262	1261	1261	1261	1261	1261	1260	1262	1261	1261	1262	1261	1261	1261	1261	1262	1261	1261	1261
2524	234584	1262	1262	1262	1262	1262	1262	1262	1261	1262	1262	1261	1262	1263	1261	1262	1262	1262	1262	1262	1262	1261	1261	1262	1262	1262	1262	1262	1262	1262	1262	1262	1262	1261	1262	1261	1262	1261	1262	1262	1262	1261	1262	1262	1262	1261	1262	1262	1261	1262	1262	1261	1262	1261	1262	1262	1262	1262	1262	1262	1261	1262	1261	1261	1262	1261	1262	1261	1261	1262	1261	1262	1261	1261	1262	1261	1262	1262	1262	1262	1262	1262	1262	1261	1262	1262	1261	1261	1261	1262	1261	1261	1261	1262	1262	1261	1261	1262	1262	1261	1261	1262	1261	1262	1261	1262	1261	1262	1262	1261	1261	1262	1262	1263	1262	1262	1262	1262	1263	1262	1262	1263	1262	1262	1262	1261	1261	1261	1261
2525	235076	1263	1263	1262	1262	1263	1262	1263	1262	1263	1262	1262	1262	1262	1262	1262	1262	1262	1261	1262	1262	1262	1262	1262	1262	1262	1262	1262	1262	1262	1262	1262	1262	1262	1262	1262	1262	1262	1262	1262	1262	1262	1262	1263	1263	1263	1263	1263	1263	1263	1263	1263	1263	1263	1263	1263	1263	1262	1262	1263	1263	1262	1263	1263	1263	1263	1263	1263	1263	1263	1263	1262	1263	1263	1263	1263	1263	1263	1263	1262	1263	1262	1262	1263	1262	1263	1262	1262	1263	1262	1262	1262	1263	1263	1262	1263	1262	1262	1263	1262	1262	1262	1263	1262	1262	1262	1263	1263	1262	1263	1262	1262	1262	1261	1262	1262	1262	1262	1262	1263	1263	1263	1263	1262	1263	1262	1263	1263	1263
2526	235569	1263	1262	1263	1263	1262	1263	1263	1263	1263	1263	1263	1263	1263	1263	1262	1263	1263	1262	1263	1263	1262	1262	1263	1263	1263	1263	1263	1263	1263	1263	1263	1262	1263	1263	1263	1263	1264	1264	1264	1263	1263	1263	1263	1263	1263	1262	1263	1263	1263	1263	1263	1263	1263	1263	1263	1263	1263	1263	1263	1263	1263	1263	1263	1263	1263	1263	1263	1263	1263	1263	1263	1263	1263	1263	1263	1263	1263	1263	1264	1263	1263	1263	1263	1263	1263	1263	1263	1263	1263	1263	1263	1263	1263	1263	1262	1263	1262	1263	1262	1263	1263	1262	1263	1263	1262	1263	1263	1263	1262	1262	1263	1263	1263	1263	1262	1263	1263	1263	1263	1263	1263	1262	1262	1263	1263	1263	1263	1264
2527	236061	1264	1263	1264	1263	1263	1263	1263	1263	1263	1263	1263	1263	1263	1263	1263	1263	1263	1264	1264	1264	1263	1264	1263	1263	1263	1263	1263	1263	1263	1263	1262	1263	1263	1263	1262	1263	1263	1263	1263	1263	1263	1263	1262	1263	1264	1263	1264	1264	1264	1264	1264	1264	1264	1263	1263	1263	1264	1264	1264	1263	1263	1263	1264	1263	1263	1263	1264	1263	1263	1264	1263	1264	1264	1264	1264	1264	1264	1264	1264	1264	1263	1264	1263	1264	1263	1264	1263	1263	1264	1263	1263	1263	1264	1263	1263	1264	1263	1263	1263	1263	1263	1264	1264	1263	1264	1263	1264	1263	1263	1263	1264	1264	1263	1263	1263	1263	1263	1264	1263	1263	1263	1264	1264	1263	1264	1264	1264	1263
2528	236553	1264	1264	1265	1264	1265	1264	1264	1264	1264	1264	1264	1264	1264	1264	1264	1265	1264	1264	1264	1264	1265	1264	1264	1264	1264	1264	1264	1264	1264	1264	1263	1264	1264	1264	1264	1264	1264	1264	1264	1264	1264	1264	1264	1263	1264	1264	1263	1264	1263	1264	1264	1264	1264	1263	1264	1264	1263	1264	1263	1264	1263	1263	1263	1263	1263	1263	1263	1263	1263	1263	1264	1263	1263	1263	1263	1263	1263	1264	1264	1264	1264	1264	1263	1264	1264	1264	1264	1263	1264	1264	1264	1264	1264	1264	1264	1264	1264	1264	1265	1264	1264	1264	1264	1265	1264	1263	1264	1264	1264	1264	1264	1264	1263	1264	1264	1264	1263	1263	1263	1263	1263	1263	1263	1263	1263	1264	1263	1264
2529	237046	1265	1265	1265	1264	1267	1264	1265	1265	1265	1265	1264	1264	1264	1264	1264	1264	1264	1264	1264	1264	1264	1264	1264	1263	1265	1264	1264	1264	1264	1264	1264	1264	1264	1264	1264	1265	1264	1264	1264	1264	1264	1264	1264	1265	1264	1265	1264	1265	1264	1264	1265	1265	1264	1264	1265	1265	1264	1265	1264	1265	1265	1266	1264	1264	1264	1265	1264	1264	1264	1264	1264	1264	1264	1264	1264	1264	1264	1264	1263	1264	1264	1264	1264	1264	1264	1264	1264	1264	1263	1263	1264	1263	1264	1264	1264	1264	1264	1264	1264	1264	1264	1264	1263	1264	1264	1264	1264	1264	1264	1264	1264	1265	1265	1264	1264	1264	1265	1264	1264	1264	1264	1264	1264	1264	1264	1264	1264	1265
2530	237538	1265	1265	1265	1265	1265	1265	1265	1265	1266	1265	1265	1265	1265	1265	1265	1265	1265	1264	1265	1264	1264	1265	1265	1265	1265	1265	1264	1265	1265	1265	1265	1264	1266	1265	1264	1265	1264	1265	1265	1264	1265	1264	1265	1264	1264	1264	1265	1265	1264	1265	1264	1264	1264	1264	1264	1264	1264	1264	1264	1264	1264	1264	1264	1264	1264	1265	1265	1264	1264	1264	1264	1265	1264	1264	1264	1264	1265	1265	1264	1264	1264	1264	1264	1264	1264	1265	1264	1264	1265	1264	1265	1265	1264	1264	1264	1264	1265	1264	1265	1265	1265	1265	1265	1264	1265	1265	1264	1265	1265	1265	1265	1265	1265	1265	1265	1265	1265	1265	1265	1265	1265	1265	1265	1265	1265	1265	1265	1265
2531	238030	1265	1265	1265	1266	1265	1266	1265	1265	1266	1265	1265	1266	1264	1266	1266	1265	1266	1265	1265	1265	1265	1264	1265	1265	1265	1265	1264	1265	1265	1265	1265	1266	1265	1265	1265	1265	1265	1265	1265	1265	1264	1265	1265	1265	1265	1265	1266	1265	1265	1265	1265	1265	1265	1264	1265	1265	1265	1265	1264	1265	1265	1265	1265	1265	1264	1265	1265	1265	1264	1264	1265	1264	1265	1265	1265	1265	1265	1265	1265	1265	1265	1265	1265	1265	1265	1265	1265	1264	1265	1266	1265	1265	1265	1265	1265	1265	1265	1265	1265	1265	1265	1265	1265	1265	1265	1265	1267	1265	1265	1265	1265	1265	1265	1265	1265	1265	1265	1265	1265	1265	1264	1265	1265	1265	1265	1264	1265	1265
2532	238523	1266	1266	1265	1265	1265	1265	1265	1265	1265	1265	1265	1266	1265	1266	1265	1266	1266	1266	1266	1266	1266	1266	1266	1266	1266	1267	1266	1266	1266	1266	1266	1266	1266	1266	1266	1266	1266	1266	1266	1266	1266	1266	1266	1266	1266	1266	1266	1266	1265	1265	1266	1265	1265	1266	1265	1265	1265	1265	1266	1266	1266	1265	1266	1265	1265	1266	1265	1265	1266	1265	1266	1265	1266	1266	1266	1266	1265	1266	1265	1265	1266	1265	1265	1266	1265	1266	1265	1265	1266	1266	1266	1266	1266	1266	1267	1266	1267	1266	1266	1266	1266	1266	1265	1266	1266	1266	1266	1266	1266	1267	1266	1266	1266	1266	1266	1266	1266	1266	1266	1266	1266	1266	1266	1266	1266	1265	1265	1265
2533	239015	1266	1266	1267	1267	1266	1267	1267	1266	1266	1267	1267	1267	1266	1267	1266	1267	1266	1266	1266	1266	1267	1266	1266	1266	1267	1266	1266	1266	1266	1266	1266	1266	1266	1266	1266	1266	1266	1266	1266	1266	1266	1267	1266	1266	1266	1267	1265	1265	1266	1266	1267	1266	1265	1266	1267	1267	1266	1267	1267	1267	1266	1266	1266	1266	1266	1266	1266	1266	1266	1267	1266	1267	1267	1266	1267	1266	1266	1266	1266	1267	1266	1266	1267	1267	1267	1266	1266	1267	1266	1267	1266	1266	1265	1266	1265	1265	1266	1266	1266	1266	1266	1266	1266	1266	1267	1266	1266	1266	1266	1266	1265	1266	1266	1266	1266	1266	1266	1266	1266	1266	1266	1266	1267	1267	1266	1266	1267	1266
2534	239507	1267	1267	1267	1267	1267	1266	1266	1266	1266	1266	1267	1266	1266	1267	1268	1267	1267	1267	1267	1267	1267	1267	1268	1267	1267	1267	1267	1267	1267	1267	1266	1267	1267	1267	1267	1266	1267	1267	1267	1267	1266	1267	1268	1268	1267	1267	1267	1267	1267	1267	1267	1267	1266	1268	1267	1267	1267	1267	1267	1266	1267	1267	1267	1267	1266	1266	1266	1266	1266	1265	1266	1267	1267	1267	1266	1267	1267	1266	1267	1267	1267	1267	1267	1267	1267	1266	1267	1267	1267	1267	1267	1267	1267	1267	1267	1267	1267	1267	1267	1267	1268	1267	1267	1267	1267	1267	1268	1267	1267	1267	1267	1267	1268	1267	1267	1268	1267	1267	1268	1267	1267	1267	1268	1268	1267	1267	1267	1267
2535	240000	1267	1267	1267	1266	1267	1266	1267	1267	1267	1267	1267	1267	1267	1268	1267	1268	1268	1267	1267	1267	1268	1267	1267	1267	1268	1267	1268	1267	1268	1268	1268	1268	1268	1268	1268	1268	1268	1267	1268	1268	1267	1268	1268	1267	1268	1268	1267	1267	1268	1267	1268	1267	1267	1267	1267	1267	1267	1267	1267	1267	1267	1268	1267	1267	1267	1267	1267	1267	1267	1267	1267	1267	1267	1267	1267	1268	1267	1267	1267	1268	1268	1268	1268	1268	1267	1268	1267	1268	1268	1268	1268	1267	1268	1268	1268	1268	1268	1267	1267	1267	1268	1268	1267	1267	1268	1267	1267	1268	1268	1266	1267	1267	1267	1267	1268	1268	1267	1268	1268	1268	1268	1268	1267	1268	1267	1267	1267	1267
2536	240492	1267	1268	1267	1267	1267	1267	1267	1268	1267	1268	1267	1267	1268	1267	1267	1267	1267	1268	1267	1268	1268	1268	1268	1268	1267	1268	1268	1269	1268	1268	1268	1267	1268	1267	1267	1268	1267	1267	1267	1268	1268	1268	1267	1267	1268	1267	1268	1268	1268	1267	1268	1268	1267	1268	1267	1267	1268	1267	1268	1267	1267	1267	1267	1267	1267	1267	1268	1267	1268	1267	1268	1268	1268	1268	1268	1268	1268	1268	1268	1267	1268	1268	1267	1267	1268	1268	1268	1268	1268	1268	1268	1268	1269	1268	1268	1268	1268	1268	1267	1268	1268	1268	1268	1268	1268	1268	1268	1269	1268	1268	1270	1269	1268	1268	1268	1269	1269	1269	1268	1268	1268	1268	1269	1268	1268	1268	1267	1267
2537	240984	1268	1268	1268	1268	1268	1268	1268	1268	1269	1268	1268	1268	1268	1268	1268	1267	1268	1269	1268	1268	1268	1269	1269	1269	1268	1268	1268	1268	1268	1268	1268	1268	1268	1268	1268	1268	1269	1269	1268	1268	1269	1269	1269	1268	1268	1269	1269	1269	1269	1269	1268	1268	1270	1269	1268	1268	1268	1268	1269	1269	1268	1268	1269	1268	1268	1269	1268	1269	1269	1268	1268	1269	1269	1269	1269	1267	1268	1268	1268	1269	1268	1268	1268	1268	1268	1267	1268	1268	1268	1268	1268	1269	1269	1268	1268	1268	1268	1268	1268	1269	1269	1268	1268	1269	1268	1268	1269	1268	1269	1268	1269	1269	1267	1268	1269	1268	1269	1269	1269	1268	1269	1269	1268	1268	1268	1269	1268	1269
2538	241476	1268	1267	1268	1269	1268	1269	1268	1268	1268	1268	1269	1269	1269	1269	1268	1269	1269	1268	1269	1269	1269	1268	1269	1269	1269	1269	1269	1268	1269	1269	1268	1268	1268	1269	1269	1269	1270	1269	1269	1269	1269	1269	1269	1269	1269	1269	1269	1269	1269	1270	1268	1269	1269	1269	1269	1269	1269	1269	1269	1269	1269	1268	1269	1269	1269	1269	1269	1269	1268	1269	1268	1268	1269	1269	1268	1269	1268	1269	1269	1268	1269	1268	1269	1269	1268	1269	1268	1269	1269	1269	1269	1269	1269	1269	1269	1269	1269	1269	1269	1268	1270	1269	1269	1269	1268	1270	1269	1269	1270	1270	1270	1270	1270	1269	1270	1269	1269	1270	1269	1270	1269	1269	1269	1269	1270	1269	1269	1269
2539	241969	1269	1270	1269	1269	1270	1270	1270	1270	1269	1270	1269	1269	1269	1270	1269	1269	1269	1269	1269	1269	1269	1270	1269	1269	1270	1269	1270	1269	1270	1270	1270	1269	1269	1270	1269	1269	1269	1269	1269	1270	1269	1270	1270	1270	1270	1270	1269	1270	1270	1270	1270	1270	1270	1270	1270	1270	1270	1269	1270	1270	1270	1270	1270	1270	1270	1269	1269	1270	1270	1270	1270	1270	1270	1270	1270	1270	1270	1270	1270	1269	1269	1269	1269	1269	1270	1269	1269	1269	1269	1269	1269	1269	1269	1269	1269	1269	1269	1269	1269	1270	1269	1269	1269	1269	1269	1269	1269	1269	1268	1270	1269	1269	1269	1268	1269	1269	1269	1269	1270	1270	1269	1270	1270	1270	1270	1270	1270	1270
2540	242461	1270	1270	1270	1270	1270	1270	1270	1270	1271	1271	1270	1270	1270	1271	1270	1270	1270	1270	1270	1270	1270	1270	1270	1271	1270	1270	1270	1270	1270	1270	1270	1270	1269	1269	1270	1270	1270	1270	1270	1270	1270	1270	1270	1270	1269	1270	1269	1270	1269	1269	1270	1270	1270	1270	1269	1270	1269	1270	1269	1270	1269	1270	1269	1269	1270	1270	1270	1268	1270	1269	1270	1270	1269	1270	1270	1270	1269	1269	1269	1269	1269	1270	1270	1270	1270	1270	1270	1270	1270	1270	1270	1269	1270	1270	1270	1270	1270	1270	1269	1269	1270	1270	1271	1270	1270	1270	1271	1271	1271	1270	1270	1270	1271	1270	1270	1271	1270	1270	1270	1271	1270	1270	1270	1270	1270	1270	1270	1270
2541	242953	1269	1270	1270	1270	1270	1269	1270	1270	1270	1271	1270	1270	1270	1271	1271	1271	1271	1270	1271	1270	1270	1271	1270	1270	1270	1270	1270	1270	1270	1270	1271	1270	1271	1271	1271	1271	1270	1271	1270	1271	1271	1270	1270	1271	1271	1271	1271	1270	1270	1271	1270	1270	1270	1270	1270	1271	1270	1270	1271	1271	1271	1270	1271	1271	1270	1270	1270	1270	1270	1270	1270	1271	1270	1270	1271	1269	1269	1270	1269	1270	1270	1269	1270	1270	1270	1270	1270	1271	1270	1270	1269	1270	1270	1271	1270	1269	1270	1270	1270	1270	1269	1269	1270	1270	1270	1270	1270	1270	1270	1269	1270	1270	1270	1270	1270	1270	1270	1270	1270	1270	1270	1270	1270	1270	1270	1270	1269	1269
2542	243446	1270	1270	1270	1270	1270	1270	1270	1270	1270	1270	1270	1271	1270	1271	1271	1271	1271	1271	1272	1271	1271	1272	1271	1271	1271	1271	1271	1270	1271	1271	1271	1271	1271	1271	1271	1272	1271	1271	1271	1271	1272	1271	1272	1271	1271	1271	1271	1272	1271	1271	1271	1271	1271	1270	1271	1270	1271	1270	1271	1271	1271	1271	1271	1270	1270	1271	1271	1271	1271	1270	1272	1271	1271	1271	1270	1270	1271	1271	1271	1270	1271	1271	1271	1271	1271	1271	1271	1271	1271	1271	1271	1271	1271	1271	1271	1271	1271	1271	1271	1271	1272	1271	1271	1271	1271	1271	1271	1271	1271	1271	1271	1271	1271	1271	1272	1271	1270	1271	1271	1272	1270	1270	1271	1271	1271	1271	1271	1271
2543	243938	1272	1272	1272	1271	1271	1272	1271	1272	1272	1271	1271	1272	1272	1271	1272	1271	1270	1272	1271	1272	1271	1271	1271	1271	1271	1271	1271	1271	1271	1271	1271	1271	1272	1271	1271	1271	1271	1271	1271	1271	1271	1271	1271	1271	1271	1271	1271	1272	1271	1271	1271	1272	1271	1271	1271	1272	1271	1271	1271	1271	1272	1272	1271	1271	1271	1271	1272	1271	1271	1271	1272	1271	1271	1271	1271	1271	1272	1271	1271	1271	1271	1271	1270	1271	1271	1272	1272	1272	1272	1271	1272	1272	1272	1271	1271	1271	1271	1271	1270	1271	1271	1271	1270	1270	1271	1271	1270	1271	1270	1270	1271	1271	1272	1271	1271	1270	1270	1271	1271	1271	1271	1271	1271	1271	1271	1271	1270	1271
2544	244430	1272	1272	1272	1271	1272	1270	1272	1272	1272	1272	1272	1272	1272	1271	1271	1272	1272	1272	1272	1272	1272	1272	1272	1272	1272	1272	1271	1271	1272	1272	1272	1271	1272	1271	1272	1271	1271	1272	1272	1272	1272	1272	1272	1272	1272	1272	1272	1272	1272	1272	1272	1272	1272	1272	1272	1272	1272	1272	1272	1272	1271	1273	1272	1272	1272	1272	1273	1272	1272	1272	1272	1273	1272	1272	1272	1271	1272	1271	1271	1271	1272	1272	1271	1272	1272	1272	1273	1272	1272	1272	1272	1272	1272	1272	1272	1271	1271	1272	1271	1271	1272	1271	1271	1272	1272	1272	1272	1272	1272	1271	1272	1272	1272	1272	1271	1272	1272	1272	1272	1271	1272	1271	1271	1272	1271	1272	1271	1271
2545	244923	1272	1272	1272	1272	1272	1272	1272	1272	1271	1272	1272	1272	1272	1272	1272	1272	1272	1272	1272	1271	1272	1271	1272	1272	1271	1272	1272	1272	1274	1271	1272	1272	1272	1272	1272	1272	1272	1272	1272	1272	1272	1272	1272	1272	1272	1272	1271	1271	1271	1272	1272	1272	1272	1272	1272	1272	1272	1273	1272	1273	1272	1273	1273	1272	1272	1272	1272	1273	1272	1272	1272	1272	1273	1273	1273	1272	1273	1273	1272	1272	1273	1273	1273	1273	1273	1273	1273	1273	1273	1273	1272	1273	1273	1273	1272	1272	1272	1272	1272	1272	1272	1272	1272	1272	1271	1272	1272	1272	1272	1272	1272	1272	1272	1272	1271	1272	1272	1272	1272	1272	1272	1272	1272	1272	1272	1272	1273	1272
2546	245415	1273	1272	1272	1273	1273	1273	1273	1273	1273	1272	1272	1273	1273	1273	1274	1273	1272	1273	1273	1273	1273	1273	1272	1273	1273	1272	1273	1273	1273	1273	1274	1272	1272	1272	1272	1273	1272	1272	1273	1273	1272	1272	1272	1272	1272	1273	1272	1272	1272	1272	1272	1272	1272	1272	1272	1272	1272	1272	1272	1272	1272	1272	1272	1272	1272	1273	1272	1272	1272	1272	1272	1273	1273	1272	1272	1272	1272	1273	1272	1272	1272	1272	1272	1272	1272	1273	1273	1272	1273	1273	1273	1272	1272	1273	1273	1273	1273	1273	1273	1272	1273	1273	1273	1273	1273	1273	1273	1272	1272	1273	1273	1273	1273	1272	1272	1273	1273	1273	1273	1273	1273	1273	1273	1273	1273	1272	1272	1272
2547	245907	1272	1273	1273	1273	1274	1273	1273	1272	1273	1273	1273	1273	1274	1273	1273	1273	1273	1273	1273	1273	1273	1273	1273	1273	1273	1273	1273	1274	1273	1274	1274	1273	1273	1273	1273	1273	1273	1274	1273	1273	1273	1272	1274	1273	1273	1273	1274	1273	1273	1273	1273	1272	1272	1273	1273	1273	1273	1273	1272	1273	1273	1273	1273	1274	1273	1274	1273	1273	1273	1273	1273	1274	1272	1273	1273	1273	1274	1272	1273	1273	1273	1273	1272	1273	1273	1273	1273	1273	1274	1274	1274	1273	1273	1273	1273	1274	1274	1273	1273	1273	1274	1274	1274	1273	1273	1273	1274	1274	1273	1274	1274	1274	1274	1273	1273	1273	1273	1274	1274	1273	1274	1273	1274	1274	1273	1273	1273	1273
2548	246400	1274	1273	1274	1274	1273	1273	1274	1273	1274	1273	1274	1274	1274	1274	1274	1274	1274	1274	1274	1274	1274	1274	1275	1274	1273	1274	1273	1274	1275	1274	1274	1274	1274	1274	1274	1275	1274	1275	1274	1274	1274	1274	1274	1274	1274	1275	1274	1274	1274	1274	1274	1274	1273	1274	1274	1274	1273	1274	1273	1274	1273	1273	1274	1273	1274	1274	1273	1274	1273	1273	1274	1274	1274	1274	1273	1274	1274	1274	1274	1273	1274	1274	1273	1273	1273	1273	1273	1273	1273	1273	1273	1274	1273	1274	1274	1274	1274	1274	1274	1274	1274	1274	1273	1274	1274	1274	1274	1274	1273	1273	1273	1273	1273	1274	1275	1273	1274	1274	1274	1274	1274	1274	1274	1275	1274	1273	1274	1273
2549	246892	1274	1275	1275	1275	1274	1275	1274	1274	1275	1274	1274	1275	1275	1275	1274	1275	1275	1275	1275	1275	1275	1275	1275	1274	1274	1274	1274	1274	1272	1274	1274	1274	1274	1274	1274	1274	1274	1274	1274	1274	1274	1274	1274	1274	1274	1274	1274	1275	1274	1274	1274	1274	1274	1274	1274	1274	1274	1274	1274	1274	1274	1275	1274	1275	1274	1275	1273	1273	1274	1274	1275	1274	1274	1274	1274	1274	1274	1274	1274	1274	1275	1274	1275	1275	1274	1274	1274	1274	1274	1274	1274	1274	1274	1274	1275	1275	1274	1274	1274	1274	1274	1274	1274	1274	1275	1273	1273	1274	1274	1274	1274	1274	1273	1274	1273	1274	1273	1274	1273	1274	1274	1274	1274	1273	1274	1274	1274	1274
2550	247384	1275	1275	1275	1275	1275	1276	1274	1275	1275	1276	1274	1275	1275	1275	1275	1274	1275	1275	1274	1275	1274	1275	1274	1274	1275	1274	1274	1274	1274	1274	1274	1274	1274	1275	1275	1274	1275	1273	1274	1274	1274	1274	1274	1274	1273	1275	1275	1275	1275	1274	1274	1275	1275	1275	1275	1275	1275	1274	1275	1274	1275	1275	1275	1275	1275	1275	1275	1275	1275	1275	1275	1275	1275	1276	1275	1275	1275	1275	1275	1273	1275	1275	1274	1275	1275	1275	1274	1275	1275	1275	1275	1275	1275	1274	1275	1275	1275	1275	1274	1275	1274	1274	1274	1274	1274	1274	1274	1274	1274	1275	1274	1274	1275	1274	1275	1275	1275	1275	1274	1274	1275	1275	1274	1274	1275	1274	1274	1275
2551	247876	1275	1275	1275	1275	1275	1275	1275	1275	1276	1275	1275	1275	1275	1275	1275	1275	1275	1276	1275	1275	1275	1275	1275	1275	1276	1275	1274	1275	1274	1275	1275	1275	1275	1275	1275	1275	1276	1276	1276	1276	1275	1276	1275	1276	1275	1276	1275	1275	1275	1275	1275	1274	1275	1275	1275	1275	1275	1275	1275	1275	1274	1274	1275	1276	1275	1275	1275	1275	1275	1274	1275	1275	1274	1275	1274	1274	1274	1274	1275	1274	1274	1275	1274	1275	1275	1275	1275	1275	1274	1274	1275	1275	1274	1275	1275	1275	1275	1275	1275	1275	1275	1275	1274	1275	1275	1275	1275	1275	1276	1275	1275	1275	1275	1275	1276	1275	1275	1275	1276	1275	1275	1275	1275	1275	1275	1275	1275	1275
2552	248369	1276	1276	1275	1276	1275	1275	1276	1276	1276	1276	1275	1276	1275	1275	1275	1275	1275	1275	1275	1275	1275	1275	1275	1276	1275	1276	1276	1276	1275	1275	1275	1275	1275	1275	1275	1276	1275	1275	1276	1277	1276	1275	1276	1275	1275	1276	1275	1276	1275	1276	1276	1276	1276	1276	1275	1276	1276	1276	1276	1276	1276	1276	1275	1275	1276	1275	1275	1275	1275	1276	1275	1275	1275	1275	1276	1275	1275	1276	1276	1275	1276	1276	1275	1275	1276	1276	1276	1276	1275	1275	1275	1276	1276	1275	1275	1275	1276	1276	1275	1276	1275	1276	1276	1275	1276	1276	1276	1276	1276	1276	1275	1275	1276	1276	1277	1275	1276	1277	1276	1276	1276	1276	1276	1276	1276	1276	1276	1276
2553	248861	1275	1276	1276	1276	1276	1276	1276	1276	1276	1276	1276	1276	1277	1276	1276	1276	1276	1276	1276	1276	1276	1277	1276	1276	1276	1277	1276	1276	1276	1277	1276	1276	1276	1275	1275	1275	1276	1276	1276	1276	1275	1275	1276	1275	1276	1275	1276	1275	1276	1275	1275	1276	1275	1276	1276	1276	1276	1276	1276	1276	1275	1276	1276	1276	1276	1276	1277	1276	1276	1276	1276	1276	1275	1276	1276	1276	1277	1276	1276	1277	1276	1277	1276	1277	1276	1277	1276	1277	1277	1277	1276	1276	1276	1276	1276	1277	1276	1276	1277	1276	1277	1276	1276	1276	1276	1277	1276	1276	1277	1277	1276	1275	1276	1276	1275	1276	1276	1276	1276	1276	1276	1276	1276	1276	1275	1276	1276	1276
2554	249353	1277	1277	1277	1276	1276	1276	1277	1277	1277	1276	1277	1276	1276	1277	1276	1276	1276	1276	1277	1276	1277	1277	1276	1277	1277	1277	1278	1277	1277	1278	1277	1277	1277	1278	1277	1277	1277	1277	1277	1276	1276	1276	1277	1277	1277	1276	1277	1277	1276	1277	1278	1277	1276	1277	1277	1277	1277	1277	1277	1276	1276	1277	1277	1276	1277	1277	1277	1277	1277	1277	1277	1276	1277	1278	1277	1277	1277	1276	1276	1277	1276	1277	1277	1277	1277	1276	1276	1277	1276	1277	1277	1276	1276	1276	1276	1277	1275	1277	1277	1276	1276	1276	1276	1277	1276	1277	1276	1277	1277	1277	1278	1277	1277	1277	1276	1277	1276	1276	1276	1277	1276	1276	1277	1277	1277	1276	1276	1277
2555	249846	1277	1277	1277	1277	1276	1277	1277	1277	1278	1277	1278	1277	1277	1277	1278	1277	1277	1278	1278	1278	1277	1278	1277	1277	1277	1277	1277	1278	1278	1278	1277	1276	1277	1277	1277	1277	1277	1276	1277	1277	1277	1277	1277	1277	1277	1276	1276	1277	1277	1276	1276	1276	1276	1276	1277	1276	1276	1276	1277	1277	1276	1277	1276	1276	1276	1276	1276	1277	1277	1276	1277	1277	1277	1277	1277	1277	1277	1277	1277	1277	1277	1277	1277	1277	1277	1277	1277	1278	1278	1276	1277	1278	1278	1277	1277	1277	1277	1277	1277	1277	1277	1277	1278	1277	1277	1278	1278	1278	1277	1277	1277	1277	1277	1277	1276	1277	1277	1278	1277	1276	1277	1276	1277	1277	1277	1277	1277	1277
2556	250338	1278	1278	1278	1278	1278	1278	1278	1278	1278	1277	1278	1278	1277	1278	1277	1277	1278	1277	1278	1276	1277	1278	1277	1277	1278	1278	1278	1277	1277	1278	1278	1278	1277	1278	1278	1277	1278	1278	1278	1278	1278	1278	1278	1278	1278	1278	1278	1278	1278	1278	1278	1278	1278	1278	1278	1278	1278	1278	1278	1277	1278	1278	1277	1277	1278	1278	1278	1277	1278	1277	1278	1277	1278	1277	1278	1278	1278	1278	1278	1278	1278	1277	1277	1278	1277	1278	1277	1277	1278	1277	1277	1278	1277	1277	1277	1278	1278	1277	1277	1277	1278	1277	1277	1277	1278	1277	1277	1278	1277	1278	1277	1278	1277	1277	1278	1277	1277	1278	1278	1278	1278	1278	1278	1278	1278	1278	1279	1278
2557	250830	1279	1279	1278	1279	1279	1279	1278	1278	1278	1279	1279	1279	1279	1278	1279	1278	1278	1278	1278	1278	1278	1278	1278	1278	1278	1278	1278	1278	1278	1278	1278	1278	1278	1278	1278	1277	1278	1277	1277	1277	1278	1278	1277	1278	1278	1277	1278	1278	1278	1278	1277	1278	1278	1278	1278	1278	1278	1278	1279	1279	1279	1278	1278	1278	1278	1278	1278	1278	1278	1279	1278	1278	1280	1280	1279	1279	1279	1278	1279	1280	1279	1279	1279	1279	1279	1278	1278	1279	1280	1279	1279	1279	1278	1280	1278	1277	1278	1278	1278	1278	1278	1279	1278	1279	1279	1278	1279	1278	1278	1278	1278	1278	1279	1278	1278	1278	1278	1278	1279	1278	1278	1278	1277	1278	1278	1278	1278	1278
2558	251323	1279	1279	1278	1280	1279	1279	1278	1279	1280	1279	1279	1279	1279	1280	1279	1280	1279	1278	1278	1279	1280	1280	1279	1279	1279	1280	1279	1280	1280	1280	1279	1279	1279	1279	1279	1279	1279	1278	1278	1279	1279	1279	1279	1279	1279	1279	1279	1280	1278	1278	1278	1279	1278	1278	1278	1278	1280	1278	1278	1279	1278	1278	1278	1278	1278	1278	1279	1278	1280	1278	1278	1279	1278	1278	1280	1277	1278	1278	1278	1278	1278	1279	1278	1278	1279	1278	1280	1278	1278	1278	1280	1280	1279	1279	1279	1279	1279	1279	1279	1278	1279	1280	1279	1279	1279	1279	1279	1279	1279	1278	1279	1278	1279	1279	1278	1280	1279	1280	1279	1279	1280	1279	1280	1279	1278	1280	1279	1278
2559	251815	1280	1280	1279	1279	1280	1280	1279	1280	1280	1280	1280	1280	1280	1280	1280	1280	1279	1280	1280	1280	1280	1280	1280	1280	1280	1279	1280	1280	1280	1280	1279	1279	1280	1279	1280	1280	1280	1280	1280	1280	1280	1280	1280	1280	1280	1279	1280	1279	1279	1279	1278	1279	1279	1278	1279	1279	1280	1280	1280	1280	1280	1279	1279	1280	1279	1279	1279	1280	1279	1279	1278	1279	1278	1280	1279	1279	1279	1279	1279	1279	1278	1280	1279	1278	1280	1279	1279	1280	1279	1279	1279	1279	1280	1280	1279	1279	1278	1280	1280	1279	1280	1280	1280	1280	1279	1279	1279	1280	1279	1280	1279	1279	1279	1280	1280	1280	1279	1280	1280	1280	1280	1280	1280	1279	1280	1279	1280	1280
2560	252307	1279	1279	1279	1279	1280	1279	1280	1280	1280	1280	1280	1279	1280	1280	1280	1280	1280	1280	1280	1280	1279	1280	1280	1280	1280	1280	1280	1280	1280	1280	1280	1280	1280	1280	1280	1280	1280	1280	1280	1280	1280	1280	1280	1280	1280	1280	1280	1280	1280	1279	1280	1279	1279	1280	1280	1280	1279	1279	1280	1279	1280	1280	1280	1280	1280	1280	1280	1280	1280	1280	1280	1280	1280	1280	1280	1280	1280	1280	1280	1280	1280	1280	1280	1280	1279	1279	1279	1280	1279	1279	1279	1280	1280	1280	1280	1279	1279	1280	1279	1280	1280	1280	1280	1279	1280	1279	1280	1279	1279	1279	1279	1279	1279	1279	1280	1280	1280	1280	1279	1280	1279	1280	1280	1280	1280	1280	1280	1280
2561	252800	1280	1280	1280	1281	1280	1280	1281	1280	1280	1280	1280	1280	1280	1280	1280	1280	1280	1280	1280	1280	1280	1280	1280	1280	1280	1280	1280	1280	1280	1280	1280	1280	1280	1280	1282	1280	1280	1280	1280	1280	1280	1280	1280	1280	1280	1280	1280	1280	1281	1280	1281	1280	1280	1280	1280	1280	1280	1280	1281	1280	1280	1281	1280	1281	1281	1280	1280	1280	1280	1280	1280	1280	1279	1280	1280	1280	1280	1280	1280	1280	1280	1280	1280	1280	1280	1280	1280	1280	1280	1281	1280	1280	1280	1280	1280	1280	1280	1280	1279	1280	1280	1280	1280	1280	1280	1280	1280	1280	1280	1280	1280	1280	1279	1280	1280	1279	1279	1280	1280	1280	1280	1280	1280	1280	1280	1280	1280	1281
2562	253292	1281	1281	1281	1281	1281	1281	1281	1281	1281	1280	1280	1281	1281	1280	1280	1281	1281	1281	1281	1280	1280	1281	1281	1281	1281	1281	1281	1281	1281	1280	1280	1280	1280	1280	1280	1280	1280	1280	1280	1280	1281	1280	1280	1280	1280	1280	1280	1281	1281	1280	1281	1281	1279	1281	1280	1281	1280	1280	1281	1280	1280	1280	1280	1281	1280	1281	1280	1280	1281	1280	1281	1281	1281	1281	1281	1281	1280	1280	1281	1281	1281	1280	1281	1280	1281	1281	1280	1281	1281	1280	1281	1281	1281	1280	1280	1281	1281	1280	1281	1280	1281	1281	1281	1280	1280	1281	1280	1280	1280	1280	1280	1280	1280	1280	1280	1280	1280	1281	1280	1280	1280	1280	1280	1280	1280	1280	1280	1280
2563	253784	1280	1280	1280	1280	1280	1281	1280	1281	1281	1281	1282	1280	1281	1281	1281	1281	1280	1281	1281	1280	1281	1280	1281	1281	1281	1281	1281	1282	1282	1281	1282	1282	1281	1282	1282	1281	1281	1281	1281	1281	1281	1281	1281	1281	1281	1281	1281	1280	1280	1281	1280	1281	1281	1281	1280	1281	1281	1281	1280	1281	1281	1281	1280	1280	1280	1280	1280	1281	1281	1280	1280	1280	1281	1280	1281	1281	1280	1281	1280	1280	1280	1280	1280	1281	1280	1280	1280	1281	1281	1281	1281	1281	1281	1280	1281	1281	1280	1281	1280	1281	1280	1280	1280	1281	1281	1280	1280	1281	1281	1281	1281	1281	1281	1281	1283	1281	1281	1281	1281	1281	1281	1281	1281	1281	1282	1281	1280	1281
2564	254276	1282	1282	1282	1282	1282	1281	1282	1282	1282	1282	1281	1282	1281	1282	1282	1282	1282	1281	1282	1281	1282	1281	1281	1282	1281	1281	1281	1281	1281	1281	1282	1281	1281	1281	1281	1282	1282	1281	1282	1281	1282	1282	1282	1282	1282	1281	1281	1282	1282	1282	1282	1281	1281	1282	1282	1282	1281	1281	1281	1282	1282	1281	1282	1281	1282	1282	1282	1282	1281	1282	1281	1281	1282	1281	1283	1282	1282	1283	1281	1282	1282	1282	1282	1281	1282	1281	1282	1282	1281	1281	1280	1282	1281	1281	1283	1281	1282	1281	1281	1282	1281	1282	1282	1281	1282	1281	1281	1281	1281	1282	1281	1281	1281	1281	1282	1281	1282	1281	1282	1281	1282	1281	1282	1282	1282	1281	1282	1282
2565	254769	1282	1282	1282	1282	1282	1282	1282	1282	1282	1282	1283	1282	1283	1282	1282	1282	1282	1282	1282	1282	1282	1282	1282	1282	1282	1281	1282	1281	1282	1281	1281	1282	1282	1282	1282	1282	1282	1282	1282	1282	1282	1282	1282	1281	1282	1282	1282	1282	1282	1282	1282	1282	1282	1282	1282	1282	1281	1282	1283	1282	1281	1282	1282	1281	1282	1282	1282	1282	1281	1281	1282	1282	1282	1282	1281	1282	1282	1282	1281	1282	1282	1282	1282	1282	1282	1283	1282	1282	1282	1282	1282	1282	1282	1281	1282	1282	1282	1282	1282	1282	1282	1282	1282	1282	1282	1282	1282	1282	1282	1281	1282	1283	1282	1282	1282	1281	1282	1281	1281	1281	1280	1281	1282	1282	1282	1282	1282	1281
2566	255261	1282	1283	1283	1283	1282	1283	1283	1282	1283	1283	1283	1283	1284	1283	1282	1283	1283	1283	1283	1282	1283	1283	1282	1283	1282	1282	1283	1282	1283	1282	1283	1283	1283	1283	1282	1282	1282	1282	1283	1283	1282	1282	1283	1282	1282	1282	1282	1282	1282	1283	1283	1282	1282	1282	1282	1282	1283	1283	1282	1284	1283	1283	1283	1283	1283	1283	1283	1283	1283	1283	1283	1283	1283	1283	1284	1283	1283	1283	1283	1283	1282	1282	1282	1283	1283	1283	1283	1283	1283	1283	1283	1283	1283	1283	1282	1282	1282	1282	1283	1282	1282	1282	1282	1283	1283	1282	1282	1282	1283	1282	1283	1283	1283	1284	1283	1282	1283	1282	1283	1283	1283	1282	1283	1282	1282	1282	1283	1282
2567	255753	1283	1283	1283	1283	1284	1284	1284	1284	1284	1284	1284	1283	1284	1284	1283	1283	1283	1283	1284	1283	1284	1283	1284	1283	1283	1283	1283	1283	1283	1284	1283	1283	1283	1283	1283	1283	1283	1283	1283	1283	1283	1283	1283	1282	1283	1282	1283	1283	1282	1283	1283	1282	1282	1283	1283	1282	1283	1283	1282	1283	1282	1282	1282	1283	1283	1282	1282	1283	1282	1283	1283	1283	1282	1283	1283	1283	1283	1283	1283	1283	1283	1283	1283	1283	1282	1283	1283	1283	1283	1283	1283	1283	1283	1283	1283	1283	1283	1283	1283	1284	1283	1283	1282	1283	1283	1283	1283	1282	1283	1282	1283	1283	1283	1283	1283	1283	1283	1282	1283	1282	1282	1282	1282	1283	1282	1283	1282	1282
2568	256246	1283	1284	1284	1284	1284	1285	1284	1283	1284	1284	1283	1284	1284	1284	1283	1283	1284	1284	1284	1284	1284	1284	1284	1284	1283	1284	1283	1284	1284	1284	1284	1284	1284	1283	1283	1283	1284	1284	1283	1283	1284	1283	1284	1283	1283	1283	1283	1284	1284	1284	1284	1284	1284	1284	1283	1284	1283	1284	1284	1283	1283	1283	1285	1283	1283	1284	1283	1284	1284	1284	1283	1283	1284	1283	1283	1283	1283	1283	1283	1283	1283	1282	1283	1283	1283	1284	1284	1284	1284	1284	1284	1283	1283	1283	1283	1283	1283	1283	1283	1283	1281	1283	1283	1283	1283	1283	1283	1283	1283	1283	1284	1284	1283	1283	1284	1282	1283	1283	1283	1284	1283	1283	1284	1283	1283	1283	1284	1284
2569	256738	1284	1284	1285	1283	1284	1284	1284	1284	1283	1284	1284	1284	1284	1283	1284	1284	1283	1284	1284	1284	1283	1283	1284	1283	1284	1284	1284	1284	1284	1284	1284	1285	1284	1284	1284	1284	1285	1284	1284	1284	1284	1285	1284	1285	1285	1285	1285	1284	1284	1285	1285	1284	1284	1284	1284	1284	1284	1284	1284	1284	1284	1284	1284	1283	1284	1284	1283	1283	1283	1284	1284	1284	1284	1284	1283	1284	1284	1284	1284	1284	1284	1283	1283	1283	1283	1283	1283	1284	1283	1283	1284	1283	1283	1283	1283	1284	1284	1283	1283	1283	1284	1284	1284	1284	1284	1284	1284	1284	1284	1283	1284	1284	1284	1283	1284	1284	1284	1284	1285	1284	1284	1284	1284	1284	1285	1283	1284	1284
2570	257230	1284	1284	1285	1284	1284	1285	1285	1285	1284	1284	1284	1284	1284	1284	1284	1285	1284	1284	1284	1284	1285	1284	1285	1284	1284	1284	1284	1284	1284	1284	1284	1285	1284	1284	1284	1285	1284	1285	1284	1284	1285	1285	1285	1285	1285	1285	1285	1286	1285	1285	1286	1285	1285	1284	1285	1285	1285	1284	1285	1285	1285	1285	1284	1285	1285	1285	1284	1285	1284	1284	1284	1285	1285	1284	1284	1285	1285	1285	1284	1284	1285	1284	1284	1285	1285	1284	1284	1284	1284	1285	1285	1285	1284	1285	1285	1285	1284	1284	1285	1284	1285	1285	1285	1284	1284	1285	1284	1285	1284	1284	1284	1284	1284	1284	1284	1284	1285	1284	1284	1284	1285	1285	1284	1284	1285	1285	1284	1285
2571	257723	1285	1285	1285	1285	1284	1285	1285	1285	1286	1285	1285	1285	1285	1285	1285	1285	1284	1284	1284	1285	1285	1284	1285	1285	1285	1285	1284	1286	1284	1285	1284	1284	1284	1283	1285	1284	1285	1285	1284	1284	1284	1284	1284	1284	1285	1284	1284	1284	1284	1284	1284	1285	1284	1285	1286	1285	1286	1285	1285	1285	1285	1285	1285	1284	1285	1285	1285	1284	1285	1285	1285	1285	1285	1284	1285	1285	1285	1285	1286	1285	1285	1285	1285	1285	1285	1286	1286	1285	1285	1284	1285	1285	1287	1285	1285	1286	1285	1285	1285	1285	1285	1286	1285	1285	1285	1285	1285	1285	1285	1285	1285	1284	1285	1285	1285	1285	1285	1285	1285	1285	1285	1285	1284	1285	1285	1284	1285	1285
2572	258215	1285	1285	1285	1285	1285	1285	1285	1285	1285	1286	1285	1286	1286	1285	1286	1285	1285	1286	1285	1285	1286	1286	1286	1286	1285	1286	1286	1286	1286	1286	1286	1286	1285	1285	1286	1286	1286	1286	1286	1286	1286	1286	1286	1285	1285	1287	1286	1285	1286	1285	1285	1285	1285	1285	1284	1285	1286	1285	1286	1286	1285	1285	1285	1285	1285	1286	1285	1285	1286	1286	1286	1286	1286	1285	1285	1286	1286	1285	1285	1285	1285	1286	1285	1287	1286	1287	1286	1286	1286	1286	1286	1286	1286	1286	1286	1286	1285	1286	1286	1286	1285	1285	1286	1285	1285	1286	1285	1285	1285	1286	1286	1286	1286	1287	1286	1286	1285	1286	1285	1285	1285	1285	1285	1285	1285	1285	1285	1284
2573	258707	1286	1286	1286	1285	1286	1286	1286	1287	1286	1286	1286	1286	1286	1285	1286	1286	1286	1286	1286	1286	1285	1285	1285	1285	1286	1286	1286	1286	1285	1286	1286	1286	1286	1286	1286	1285	1286	1286	1286	1286	1286	1286	1286	1286	1286	1286	1286	1286	1286	1286	1286	1286	1287	1286	1286	1286	1286	1286	1286	1286	1286	1286	1286	1286	1286	1286	1286	1286	1286	1286	1286	1286	1286	1285	1285	1286	1286	1286	1285	1286	1286	1286	1286	1286	1286	1286	1286	1285	1285	1286	1285	1286	1285	1285	1285	1286	1286	1285	1285	1285	1285	1286	1285	1285	1286	1286	1286	1285	1286	1286	1286	1286	1286	1286	1286	1286	1286	1285	1286	1286	1286	1286	1286	1286	1286	1286	1287	1286
2574	259200	1287	1288	1287	1287	1287	1286	1286	1287	1286	1287	1287	1286	1287	1286	1286	1286	1287	1287	1286	1286	1286	1286	1286	1286	1286	1286	1286	1286	1286	1286	1286	1286	1287	1286	1286	1286	1287	1287	1287	1286	1287	1286	1286	1287	1287	1287	1286	1286	1287	1287	1287	1286	1287	1287	1287	1287	1286	1286	1287	1287	1287	1287	1285	1286	1287	1286	1287	1286	1287	1287	1287	1287	1287	1286	1287	1287	1287	1287	1286	1287	1286	1287	1286	1286	1287	1286	1286	1286	1287	1286	1283	1287	1287	1286	1287	1287	1287	1287	1286	1286	1287	1286	1287	1286	1286	1286	1287	1286	1286	1286	1286	1287	1287	1286	1286	1286	1286	1286	1286	1287	1286	1287	1287	1287	1286	1287	1287	1287
2575	259692	1287	1287	1287	1287	1287	1287	1287	1287	1287	1287	1287	1287	1287	1287	1287	1287	1287	1287	1287	1287	1286	1287	1287	1287	1287	1287	1287	1287	1287	1287	1287	1287	1287	1287	1287	1287	1287	1287	1287	1286	1288	1287	1287	1287	1287	1287	1287	1287	1287	1287	1287	1287	1287	1287	1287	1287	1287	1288	1288	1288	1288	1289	1288	1288	1288	1288	1287	1287	1288	1287	1288	1287	1287	1287	1287	1287	1287	1287	1287	1287	1287	1287	1287	1287	1287	1287	1288	1287	1286	1287	1287	1288	1287	1287	1287	1286	1286	1286	1287	1287	1286	1287	1286	1287	1287	1287	1287	1286	1287	1287	1287	1287	1287	1287	1287	1287	1287	1287	1287	1287	1287	1287	1287	1287	1287	1286	1287	1287
2576	260184	1288	1288	1288	1288	1287	1287	1288	1289	1288	1288	1288	1288	1288	1288	1288	1288	1288	1288	1288	1287	1288	1288	1288	1288	1287	1288	1288	1288	1287	1288	1288	1287	1288	1288	1288	1288	1288	1287	1287	1287	1286	1287	1287	1287	1287	1287	1287	1287	1287	1287	1287	1287	1287	1287	1287	1287	1287	1287	1287	1287	1287	1287	1287	1287	1287	1287	1287	1287	1287	1287	1286	1287	1287	1287	1287	1287	1287	1287	1289	1287	1288	1288	1287	1287	1288	1288	1288	1288	1288	1287	1288	1289	1287	1287	1288	1287	1287	1286	1287	1287	1288	1288	1287	1287	1287	1288	1288	1288	1288	1288	1288	1288	1288	1288	1287	1287	1288	1287	1288	1287	1287	1287	1288	1287	1287	1288	1287	1287
2577	260676	1288	1288	1287	1288	1288	1288	1288	1288	1289	1288	1289	1289	1288	1288	1288	1288	1288	1288	1288	1287	1288	1288	1288	1288	1288	1288	1288	1288	1289	1288	1288	1288	1288	1288	1288	1288	1288	1288	1288	1288	1288	1287	1288	1288	1288	1287	1287	1288	1288	1288	1287	1288	1288	1288	1288	1288	1288	1288	1288	1288	1288	1288	1288	1288	1287	1288	1288	1288	1288	1288	1288	1287	1288	1287	1288	1287	1287	1288	1288	1288	1288	1288	1288	1288	1288	1288	1288	1288	1287	1288	1288	1288	1288	1288	1288	1288	1288	1288	1288	1288	1288	1288	1288	1288	1288	1288	1288	1288	1288	1288	1288	1289	1288	1288	1289	1288	1288	1288	1287	1288	1287	1287	1287	1287	1287	1288	1287	1287
2578	261169	1288	1288	1287	1288	1288	1289	1288	1288	1288	1288	1288	1286	1288	1287	1289	1288	1288	1289	1288	1288	1288	1288	1288	1288	1288	1288	1287	1288	1288	1288	1288	1289	1288	1288	1289	1288	1289	1289	1289	1289	1288	1289	1289	1288	1288	1288	1288	1289	1287	1288	1288	1288	1288	1290	1289	1288	1288	1289	1289	1289	1289	1289	1289	1289	1289	1289	1289	1288	1289	1288	1288	1288	1288	1288	1288	1288	1289	1289	1288	1288	1288	1288	1288	1289	1288	1288	1288	1288	1288	1288	1288	1288	1288	1288	1287	1288	1288	1287	1288	1288	1288	1287	1288	1288	1288	1288	1288	1288	1288	1288	1288	1288	1289	1289	1289	1289	1288	1288	1288	1288	1288	1288	1289	1288	1288	1288	1288	1288
2579	261661	1288	1288	1289	1289	1289	1289	1289	1289	1289	1289	1289	1289	1289	1289	1289	1289	1289	1289	1289	1289	1289	1289	1289	1289	1289	1290	1289	1289	1289	1289	1289	1289	1289	1289	1289	1289	1289	1289	1289	1289	1288	1288	1288	1288	1288	1289	1288	1288	1289	1289	1288	1289	1289	1289	1289	1289	1288	1288	1288	1289	1288	1288	1289	1288	1289	1289	1288	1288	1288	1289	1289	1289	1289	1289	1289	1288	1289	1289	1288	1289	1289	1289	1289	1288	1289	1288	1289	1289	1288	1289	1288	1289	1289	1288	1289	1289	1289	1289	1289	1289	1288	1289	1290	1289	1288	1289	1289	1289	1289	1289	1289	1289	1289	1289	1289	1288	1289	1288	1289	1289	1288	1289	1289	1289	1288	1289	1289	1289
2580	262153	1289	1289	1289	1289	1290	1289	1290	1289	1289	1289	1289	1289	1290	1288	1289	1289	1289	1290	1289	1290	1289	1290	1290	1290	1290	1290	1290	1290	1290	1289	1289	1289	1291	1289	1289	1289	1289	1290	1289	1290	1290	1290	1289	1290	1289	1289	1289	1289	1289	1289	1289	1289	1289	1290	1289	1289	1289	1289	1289	1289	1289	1289	1289	1289	1288	1289	1288	1289	1289	1289	1289	1289	1289	1289	1289	1288	1289	1289	1289	1289	1289	1289	1290	1289	1289	1289	1289	1290	1289	1289	1290	1290	1290	1289	1289	1290	1289	1290	1290	1290	1289	1290	1290	1289	1290	1289	1290	1289	1289	1289	1289	1289	1290	1289	1289	1289	1289	1289	1290	1289	1289	1289	1289	1290	1289	1289	1289	1290
2581	262646	1289	1290	1290	1289	1289	1290	1289	1289	1290	1290	1290	1290	1289	1289	1290	1290	1290	1290	1290	1290	1290	1290	1290	1289	1291	1289	1290	1290	1290	1290	1290	1289	1289	1290	1290	1290	1290	1290	1289	1290	1290	1290	1290	1289	1290	1290	1289	1289	1289	1290	1290	1289	1289	1289	1289	1290	1289	1290	1289	1290	1291	1290	1290	1290	1289	1289	1289	1289	1289	1290	1289	1289	1289	1289	1290	1290	1289	1289	1289	1290	1290	1289	1290	1289	1290	1290	1290	1290	1290	1291	1289	1290	1290	1290	1291	1290	1290	1290	1290	1290	1290	1291	1291	1290	1290	1290	1290	1290	1290	1290	1289	1290	1290	1291	1290	1289	1290	1290	1290	1290	1289	1290	1290	1290	1290	1289	1289	1290
2582	263138	1291	1290	1291	1290	1290	1290	1290	1291	1290	1291	1291	1291	1291	1291	1291	1291	1291	1291	1291	1291	1290	1291	1291	1290	1291	1290	1291	1291	1291	1291	1291	1291	1291	1290	1291	1291	1291	1291	1291	1291	1291	1291	1291	1290	1291	1291	1291	1289	1290	1291	1290	1290	1290	1290	1290	1290	1290	1290	1290	1290	1290	1290	1289	1289	1289	1289	1290	1290	1289	1290	1290	1290	1290	1290	1290	1290	1290	1290	1290	1291	1290	1290	1290	1290	1290	1290	1291	1290	1290	1290	1291	1290	1290	1290	1290	1291	1291	1290	1290	1290	1290	1290	1290	1290	1291	1291	1290	1291	1290	1290	1291	1291	1291	1291	1291	1291	1291	1291	1291	1291	1291	1291	1291	1291	1290	1291	1290	1290
2583	263630	1291	1291	1290	1291	1291	1291	1290	1290	1290	1291	1291	1291	1291	1290	1291	1291	1291	1291	1290	1290	1290	1290	1290	1290	1290	1291	1290	1290	1291	1290	1291	1290	1291	1290	1290	1290	1290	1291	1290	1290	1291	1290	1291	1290	1290	1290	1290	1291	1290	1291	1290	1290	1290	1290	1290	1290	1291	1291	1290	1291	1290	1291	1291	1291	1291	1291	1291	1291	1291	1292	1291	1291	1291	1291	1291	1290	1290	1288	1292	1291	1291	1291	1291	1291	1291	1291	1291	1291	1291	1291	1291	1291	1291	1291	1291	1291	1293	1290	1291	1291	1290	1291	1290	1291	1291	1291	1292	1291	1291	1291	1291	1291	1290	1291	1291	1290	1291	1291	1291	1291	1291	1291	1291	1291	1291	1291	1291	1290
2584	264123	1291	1291	1291	1291	1290	1292	1292	1291	1291	1291	1291	1291	1291	1291	1292	1291	1291	1291	1291	1291	1292	1291	1291	1291	1291	1291	1292	1292	1292	1292	1291	1292	1291	1290	1291	1291	1291	1291	1291	1291	1291	1291	1291	1290	1291	1291	1291	1291	1291	1291	1290	1291	1292	1292	1291	1291	1291	1291	1291	1291	1291	1291	1291	1291	1291	1292	1291	1291	1291	1291	1291	1292	1291	1292	1292	1291	1292	1292	1291	1291	1292	1291	1291	1291	1291	1292	1291	1291	1292	1291	1291	1291	1291	1292	1292	1291	1291	1291	1291	1291	1291	1291	1290	1291	1291	1291	1291	1291	1291	1291	1291	1291	1292	1292	1290	1291	1291	1291	1292	1291	1292	1291	1291	1291	1291	1291	1291	1291
2585	264615	1291	1291	1291	1292	1291	1291	1291	1291	1292	1292	1290	1291	1291	1291	1291	1292	1291	1291	1292	1292	1292	1292	1292	1292	1292	1292	1293	1292	1292	1292	1292	1291	1292	1292	1293	1293	1292	1292	1292	1292	1292	1292	1293	1292	1292	1291	1292	1292	1292	1291	1291	1292	1291	1291	1292	1291	1292	1292	1292	1292	1292	1292	1292	1291	1291	1292	1292	1290	1291	1291	1291	1292	1291	1290	1291	1291	1292	1291	1291	1291	1291	1291	1291	1292	1291	1291	1292	1292	1293	1292	1292	1291	1291	1292	1292	1292	1292	1292	1292	1292	1292	1292	1292	1292	1292	1292	1292	1292	1292	1292	1292	1292	1292	1292	1292	1292	1292	1292	1292	1291	1292	1291	1291	1292	1289	1292	1291	1292
2586	265107	1292	1293	1292	1293	1293	1293	1293	1293	1293	1293	1293	1293	1293	1293	1293	1292	1292	1292	1292	1293	1292	1292	1292	1292	1293	1292	1292	1292	1292	1293	1292	1292	1292	1292	1292	1292	1292	1292	1292	1291	1292	1292	1292	1292	1292	1292	1292	1292	1291	1292	1292	1292	1292	1292	1292	1292	1292	1291	1293	1292	1292	1292	1292	1292	1292	1292	1293	1292	1293	1293	1293	1293	1292	1293	1292	1292	1295	1292	1293	1293	1292	1293	1292	1293	1292	1292	1293	1292	1292	1292	1292	1292	1292	1292	1292	1291	1292	1292	1293	1292	1292	1292	1293	1292	1292	1292	1292	1291	1292	1292	1292	1292	1293	1292	1292	1293	1292	1293	1292	1293	1292	1292	1292	1292	1292	1292	1292	1292
2587	265600	1293	1293	1292	1292	1292	1293	1293	1292	1293	1293	1292	1292	1293	1293	1293	1293	1293	1293	1293	1293	1294	1293	1293	1292	1292	1292	1293	1293	1293	1292	1293	1293	1293	1293	1292	1293	1293	1293	1293	1294	1293	1292	1293	1293	1293	1293	1293	1293	1293	1293	1293	1293	1293	1293	1293	1293	1293	1293	1293	1293	1294	1293	1294	1293	1294	1294	1292	1293	1293	1293	1293	1293	1293	1293	1293	1293	1293	1292	1293	1293	1293	1294	1293	1293	1293	1293	1293	1293	1292	1293	1292	1293	1293	1293	1293	1293	1293	1293	1293	1293	1292	1293	1292	1292	1293	1292	1293	1292	1292	1292	1292	1292	1293	1293	1293	1293	1293	1293	1293	1293	1293	1293	1293	1293	1293	1293	1294	1293
2588	266092	1293	1293	1293	1293	1293	1293	1293	1293	1292	1293	1293	1293	1293	1293	1293	1293	1293	1293	1293	1293	1293	1293	1293	1293	1294	1293	1294	1294	1293	1294	1294	1294	1294	1293	1294	1293	1294	1294	1293	1294	1293	1293	1294	1293	1294	1293	1296	1293	1294	1293	1294	1293	1294	1293	1293	1294	1293	1294	1294	1294	1294	1293	1294	1294	1293	1294	1293	1293	1294	1293	1293	1293	1293	1293	1293	1293	1293	1293	1294	1293	1294	1293	1293	1293	1294	1293	1294	1293	1294	1294	1293	1293	1294	1294	1294	1293	1293	1293	1293	1294	1293	1294	1293	1292	1294	1294	1294	1294	1294	1294	1294	1294	1294	1294	1294	1293	1293	1294	1294	1294	1294	1294	1294	1293	1294	1294	1294	1294
2589	266584	1294	1294	1293	1293	1294	1294	1294	1293	1294	1294	1294	1294	1294	1294	1294	1294	1294	1294	1294	1293	1294	1293	1294	1295	1294	1294	1294	1295	1295	1294	1295	1294	1294	1294	1294	1294	1294	1294	1294	1294	1294	1294	1294	1294	1293	1296	1294	1293	1294	1294	1294	1294	1293	1294	1294	1294	1293	1294	1293	1293	1293	1293	1293	1293	1294	1293	1293	1294	1293	1294	1293	1294	1294	1293	1295	1294	1294	1294	1293	1295	1294	1294	1294	1294	1294	1294	1294	1294	1294	1294	1294	1294	1294	1294	1294	1294	1295	1294	1294	1294	1294	1294	1294	1294	1294	1293	1294	1294	1294	1293	1292	1294	1294	1294	1293	1294	1294	1294	1295	1294	1294	1294	1294	1294	1293	1294	1294	1294
2590	267076	1294	1294	1294	1294	1294	1294	1294	1294	1295	1295	1294	1295	1294	1294	1294	1294	1294	1294	1294	1294	1294	1294	1294	1294	1294	1294	1294	1294	1294	1294	1295	1295	1294	1295	1294	1294	1294	1294	1294	1294	1294	1294	1293	1294	1294	1294	1294	1293	1294	1294	1294	1294	1294	1294	1295	1295	1295	1295	1295	1295	1295	1294	1295	1295	1294	1295	1294	1295	1294	1295	1295	1294	1294	1295	1294	1295	1294	1295	1295	1294	1295	1294	1295	1295	1295	1295	1295	1295	1294	1294	1294	1295	1294	1294	1294	1294	1295	1294	1293	1294	1294	1294	1294	1294	1294	1294	1294	1294	1293	1294	1293	1294	1293	1293	1295	1294	1295	1294	1294	1294	1294	1295	1294	1294	1295	1294	1295	1294
2591	267569	1295	1295	1294	1295	1294	1295	1294	1294	1295	1293	1295	1295	1294	1294	1294	1294	1294	1295	1294	1294	1294	1294	1295	1294	1294	1294	1294	1294	1293	1294	1294	1294	1294	1294	1294	1295	1295	1295	1295	1295	1295	1296	1296	1295	1296	1295	1295	1296	1295	1295	1295	1295	1294	1294	1295	1295	1295	1295	1294	1295	1294	1295	1295	1295	1295	1295	1295	1296	1295	1295	1295	1295	1295	1295	1294	1295	1295	1294	1295	1294	1295	1294	1294	1295	1295	1295	1295	1295	1295	1295	1295	1295	1295	1295	1295	1294	1295	1294	1295	1295	1295	1295	1295	1295	1294	1295	1295	1295	1295	1295	1295	1294	1294	1294	1295	1295	1295	1295	1294	1295	1295	1295	1295	1295	1295	1295	1295	1295
2592	268061	1295	1295	1296	1295	1296	1295	1295	1295	1295	1296	1296	1295	1295	1295	1295	1295	1295	1295	1295	1295	1295	1295	1296	1296	1295	1295	1295	1296	1295	1295	1295	1296	1297	1295	1295	1295	1296	1295	1296	1295	1296	1295	1295	1296	1295	1295	1295	1295	1296	1295	1295	1294	1295	1296	1295	1295	1294	1295	1295	1294	1294	1294	1295	1295	1295	1294	1295	1295	1295	1295	1296	1295	1295	1295	1295	1295	1295	1295	1295	1295	1294	1295	1295	1294	1295	1295	1295	1296	1295	1295	1296	1295	1295	1296	1295	1296	1295	1295	1295	1295	1295	1295	1295	1295	1295	1296	1295	1295	1295	1295	1295	1296	1296	1295	1295	1296	1296	1296	1295	1295	1295	1295	1295	1295	1295	1295	1295	1295
2593	268553	1295	1295	1295	1296	1295	1296	1296	1296	1296	1295	1296	1296	1297	1296	1295	1295	1295	1295	1295	1295	1295	1295	1295	1295	1295	1296	1295	1295	1295	1295	1295	1296	1295	1295	1295	1295	1295	1296	1296	1296	1295	1295	1296	1295	1295	1295	1295	1295	1295	1296	1294	1295	1296	1295	1296	1296	1296	1296	1295	1295	1295	1296	1296	1295	1296	1296	1295	1296	1295	1295	1295	1296	1296	1295	1295	1296	1295	1295	1295	1296	1296	1296	1296	1295	1296	1296	1295	1296	1296	1296	1296	1296	1296	1295	1296	1296	1296	1296	1296	1296	1296	1296	1295	1295	1295	1295	1296	1293	1295	1295	1296	1296	1295	1296	1295	1296	1295	1295	1296	1295	1295	1296	1296	1295	1295	1296	1296	1295
2594	269046	1296	1296	1296	1296	1296	1296	1296	1296	1296	1296	1296	1296	1296	1296	1296	1297	1297	1296	1297	1296	1296	1297	1296	1296	1296	1296	1296	1296	1296	1297	1297	1296	1297	1296	1297	1296	1297	1297	1297	1296	1297	1297	1296	1297	1297	1296	1297	1296	1297	1297	1297	1297	1297	1296	1296	1297	1296	1297	1296	1296	1297	1296	1297	1296	1296	1296	1296	1295	1296	1296	1296	1295	1295	1296	1296	1296	1296	1296	1296	1296	1296	1296	1296	1296	1296	1296	1295	1296	1296	1296	1295	1296	1296	1296	1297	1296	1296	1296	1296	1296	1296	1296	1296	1296	1296	1296	1296	1297	1297	1297	1296	1296	1297	1297	1296	1296	1296	1297	1297	1297	1297	1296	1296	1296	1296	1296	1296	1296
2595	269538	1295	1296	1296	1296	1296	1297	1296	1297	1296	1296	1296	1296	1296	1296	1297	1297	1297	1297	1297	1297	1297	1297	1297	1297	1297	1296	1297	1297	1297	1298	1298	1297	1297	1297	1297	1297	1297	1296	1298	1298	1297	1297	1297	1296	1297	1297	1297	1297	1297	1297	1296	1296	1297	1297	1297	1297	1297	1296	1296	1297	1296	1297	1296	1297	1297	1297	1297	1296	1296	1297	1296	1297	1297	1296	1297	1297	1297	1297	1297	1297	1297	1297	1297	1297	1297	1297	1297	1297	1297	1296	1297	1297	1297	1297	1297	1297	1297	1297	1297	1297	1297	1297	1297	1297	1298	1297	1298	1298	1297	1298	1297	1297	1297	1297	1297	1297	1297	1297	1297	1296	1296	1297	1297	1297	1297	1297	1297	1296
2596	270030	1297	1296	1297	1297	1297	1298	1297	1297	1297	1297	1297	1297	1297	1298	1297	1297	1297	1297	1297	1296	1297	1297	1297	1297	1297	1297	1297	1297	1298	1298	1297	1297	1299	1298	1297	1297	1298	1297	1297	1297	1297	1297	1298	1298	1297	1298	1297	1298	1297	1298	1298	1297	1298	1297	1298	1298	1297	1298	1297	1297	1297	1297	1297	1297	1297	1297	1297	1297	1297	1298	1297	1297	1297	1297	1298	1297	1298	1297	1297	1297	1297	1298	1297	1297	1297	1296	1297	1297	1297	1297	1296	1297	1297	1297	1297	1296	1296	1296	1296	1297	1297	1297	1296	1297	1296	1297	1297	1297	1297	1297	1296	1296	1296	1296	1297	1297	1297	1297	1297	1297	1297	1297	1297	1296	1297	1297	1297	1298
2597	270523	1298	1299	1297	1299	1298	1297	1298	1298	1298	1298	1298	1299	1297	1298	1298	1298	1298	1298	1298	1298	1298	1298	1298	1298	1298	1298	1298	1298	1298	1298	1298	1298	1298	1297	1298	1298	1298	1298	1298	1297	1298	1298	1298	1299	1298	1298	1298	1298	1298	1298	1298	1298	1298	1298	1298	1298	1297	1298	1297	1297	1297	1298	1298	1298	1298	1297	1298	1298	1297	1298	1298	1298	1299	1297	1298	1298	1298	1298	1297	1298	1297	1298	1297	1297	1297	1298	1298	1298	1298	1298	1298	1298	1298	1298	1297	1298	1298	1298	1297	1297	1298	1297	1297	1297	1298	1297	1297	1298	1298	1297	1297	1298	1297	1297	1297	1297	1297	1297	1297	1296	1297	1298	1297	1297	1298	1297	1298	1297
2598	271015	1298	1298	1298	1298	1298	1298	1298	1297	1297	1298	1297	1297	1297	1297	1298	1298	1298	1298	1298	1298	1298	1298	1298	1298	1298	1298	1297	1297	1298	1298	1299	1299	1298	1298	1298	1298	1298	1298	1298	1298	1298	1298	1299	1299	1298	1299	1298	1298	1298	1298	1299	1297	1298	1298	1298	1298	1298	1297	1298	1297	1299	1298	1298	1298	1298	1298	1297	1298	1297	1296	1298	1298	1298	1298	1297	1298	1298	1298	1297	1297	1298	1298	1298	1297	1298	1298	1298	1297	1299	1298	1298	1299	1299	1298	1298	1298	1298	1298	1298	1297	1298	1299	1298	1298	1298	1298	1298	1297	1298	1298	1297	1298	1298	1298	1298	1298	1298	1298	1298	1298	1297	1298	1298	1298	1298	1298	1298	1298
2599	271507	1299	1299	1298	1299	1299	1299	1299	1299	1299	1298	1299	1299	1298	1299	1298	1299	1299	1299	1299	1299	1299	1299	1299	1299	1300	1298	1298	1299	1299	1299	1299	1298	1299	1299	1299	1299	1299	1299	1298	1299	1299	1298	1299	1298	1299	1298	1298	1299	1299	1299	1298	1299	1299	1299	1299	1298	1299	1299	1299	1299	1299	1299	1299	1299	1299	1299	1299	1299	1299	1299	1299	1299	1299	1298	1299	1299	1299	1299	1299	1299	1299	1299	1299	1298	1299	1299	1299	1299	1299	1299	1298	1299	1299	1299	1299	1299	1299	1299	1299	1299	1299	1299	1299	1299	1299	1299	1299	1299	1299	1298	1299	1299	1299	1299	1299	1299	1298	1299	1299	1299	1299	1298	1298	1299	1299	1299	1299	1300
2600	272000	1300	1300	1299	1299	1300	1299	1300	1299	1300	1300	1300	1300	1300	1299	1300	1299	1300	1299	1299	1299	1299	1299	1299	1299	1299	1299	1299	1298	1299	1299	1299	1300	1298	1299	1299	1300	1299	1299	1299	1299	1298	1299	1299	1299	1299	1299	1299	1299	1299	1299	1300	1299	1298	1298	1299	1299	1299	1300	1299	1299	1299	1299	1299	1300	1300	1299	1299	1299	1299	1299	1299	1299	1299	1299	1299	1299	1299	1300	1300	1300	1299	1299	1300	1300	1300	1298	1299	1300	1300	1300	1298	1299	1299	1299	1299	1298	1298	1299	1299	1299	1299	1299	1299	1299	1299	1298	1299	1299	1299	1299	1299	1299	1298	1298	1300	1298	1298	1299	1299	1299	1299	1298	1299	1299	1299	1299	1299	1299
2601	272492	1300	1300	1299	1300	1300	1300	1300	1299	1299	1299	1299	1299	1298	1299	1299	1299	1298	1299	1299	1298	1299	1299	1299	1299	1299	1300	1299	1299	1299	1299	1300	1300	1300	1300	1300	1300	1299	1300	1300	1299	1299	1299	1300	1299	1299	1300	1299	1299	1300	1300	1301	1300	1300	1299	1300	1300	1300	1300	1299	1300	1300	1299	1299	1300	1299	1299	1300	1299	1299	1300	1299	1299	1299	1299	1300	1299	1300	1300	1300	1300	1299	1300	1299	1299	1300	1299	1299	1299	1299	1300	1299	1299	1300	1299	1300	1299	1300	1300	1299	1300	1299	1300	1301	1300	1299	1300	1299	1300	1300	1300	1299	1300	1300	1300	1300	1300	1300	1300	1300	1300	1300	1299	1301	1300	1300	1300	1300	1300
2602	272984	1300	1300	1301	1300	1300	1301	1300	1301	1300	1301	1300	1300	1300	1300	1301	1301	1301	1300	1300	1300	1300	1300	1301	1300	1300	1300	1300	1301	1300	1300	1300	1300	1299	1300	1300	1300	1300	1300	1300	1299	1300	1300	1300	1300	1300	1300	1300	1300	1300	1299	1299	1300	1300	1300	1299	1301	1299	1300	1300	1300	1300	1300	1300	1300	1299	1300	1300	1300	1299	1300	1300	1300	1300	1300	1300	1300	1300	1301	1300	1300	1300	1300	1301	1300	1298	1300	1300	1300	1300	1300	1301	1301	1300	1301	1300	1300	1300	1300	1300	1300	1300	1300	1301	1301	1301	1300	1301	1300	1301	1301	1300	1301	1301	1300	1300	1299	1300	1300	1300	1300	1300	1301	1300	1301	1301	1300	1300	1300
2603	273476	1300	1301	1301	1301	1300	1301	1300	1300	1301	1301	1301	1300	1300	1301	1300	1300	1300	1300	1300	1300	1301	1301	1300	1301	1301	1300	1301	1301	1301	1301	1300	1300	1301	1301	1301	1300	1301	1300	1300	1300	1301	1299	1301	1300	1301	1300	1301	1301	1301	1301	1301	1301	1301	1301	1301	1300	1300	1300	1301	1300	1301	1300	1300	1301	1300	1301	1300	1301	1301	1301	1301	1300	1301	1300	1301	1300	1300	1300	1301	1300	1301	1301	1301	1301	1301	1301	1300	1300	1301	1301	1301	1301	1301	1301	1301	1301	1301	1301	1301	1301	1301	1301	1301	1301	1300	1301	1301	1301	1301	1301	1301	1302	1301	1301	1301	1301	1301	1301	1301	1300	1300	1301	1300	1300	1300	1301	1301	1301
2604	273969	1302	1302	1302	1302	1301	1302	1302	1302	1302	1302	1301	1301	1302	1302	1302	1301	1302	1301	1301	1301	1301	1302	1301	1301	1302	1301	1301	1301	1302	1302	1301	1301	1301	1301	1302	1301	1301	1301	1301	1301	1302	1301	1302	1301	1302	1302	1301	1301	1301	1301	1300	1301	1301	1302	1301	1301	1302	1301	1301	1301	1301	1301	1301	1301	1301	1301	1301	1301	1301	1302	1301	1302	1301	1300	1302	1301	1302	1301	1300	1300	1300	1301	1301	1300	1301	1300	1301	1301	1301	1301	1301	1301	1301	1301	1301	1301	1302	1301	1300	1301	1301	1301	1300	1301	1300	1301	1301	1300	1300	1300	1301	1301	1301	1301	1301	1301	1301	1301	1301	1302	1301	1301	1301	1301	1301	1302	1301	1301
2605	274461	1302	1302	1301	1302	1302	1302	1301	1301	1302	1301	1302	1302	1302	1302	1302	1302	1301	1301	1302	1301	1302	1301	1301	1302	1302	1302	1302	1302	1302	1301	1302	1302	1301	1301	1301	1301	1301	1302	1301	1302	1302	1302	1302	1301	1302	1302	1301	1302	1302	1301	1302	1302	1302	1301	1301	1301	1302	1302	1302	1301	1302	1301	1302	1301	1302	1302	1301	1302	1302	1302	1302	1302	1302	1301	1302	1302	1302	1303	1301	1302	1301	1302	1302	1302	1302	1301	1302	1302	1302	1302	1302	1301	1301	1301	1301	1302	1302	1301	1301	1302	1301	1302	1302	1302	1302	1301	1302	1302	1301	1301	1300	1301	1301	1301	1301	1301	1301	1301	1302	1301	1301	1302	1301	1300	1301	1301	1301	1301
2606	274953	1302	1302	1302	1302	1302	1302	1302	1302	1302	1302	1302	1302	1302	1302	1302	1302	1302	1302	1303	1302	1303	1302	1302	1303	1302	1302	1303	1302	1303	1302	1302	1302	1302	1302	1303	1303	1302	1303	1302	1302	1303	1303	1303	1303	1303	1303	1302	1303	1303	1303	1302	1301	1302	1302	1302	1302	1302	1302	1301	1302	1302	1302	1302	1302	1302	1302	1302	1302	1302	1302	1301	1302	1301	1302	1301	1302	1302	1302	1302	1302	1302	1303	1302	1302	1302	1302	1302	1302	1302	1302	1302	1302	1302	1302	1302	1303	1302	1302	1303	1302	1302	1302	1302	1302	1301	1303	1302	1302	1302	1302	1302	1302	1302	1302	1301	1302	1302	1302	1302	1302	1303	1302	1302	1302	1302	1302	1302	1302
2607	275446	1303	1302	1301	1302	1303	1303	1303	1303	1303	1303	1302	1303	1303	1303	1303	1303	1303	1303	1302	1303	1303	1302	1302	1303	1303	1303	1303	1303	1302	1303	1303	1303	1302	1303	1303	1302	1303	1303	1303	1303	1302	1303	1301	1302	1302	1302	1303	1302	1302	1303	1302	1303	1303	1302	1303	1303	1303	1303	1303	1303	1303	1303	1302	1303	1303	1303	1303	1303	1303	1303	1303	1303	1303	1303	1303	1302	1303	1303	1303	1303	1303	1303	1303	1303	1303	1304	1303	1303	1303	1303	1304	1303	1303	1303	1303	1304	1303	1304	1303	1304	1303	1303	1303	1303	1303	1303	1303	1303	1303	1303	1303	1303	1303	1304	1303	1303	1303	1303	1303	1303	1302	1302	1302	1303	1303	1302	1302	1302
2608	275938	1304	1303	1303	1304	1303	1303	1303	1304	1303	1303	1303	1303	1304	1303	1303	1303	1303	1303	1303	1303	1304	1303	1303	1303	1303	1303	1303	1303	1303	1302	1303	1303	1303	1303	1304	1303	1303	1303	1303	1303	1303	1303	1303	1303	1303	1303	1303	1303	1303	1303	1303	1303	1303	1303	1303	1303	1304	1304	1303	1303	1304	1304	1303	1303	1303	1304	1303	1303	1303	1303	1303	1303	1303	1303	1303	1304	1304	1303	1303	1303	1303	1303	1303	1303	1303	1303	1303	1303	1302	1303	1304	1302	1303	1302	1303	1303	1304	1303	1303	1303	1303	1303	1303	1303	1303	1303	1303	1304	1303	1304	1303	1303	1303	1303	1304	1304	1303	1303	1303	1303	1303	1303	1303	1304	1303	1303	1303	1303
2609	276430	1303	1304	1304	1304	1304	1304	1304	1304	1304	1303	1303	1304	1303	1304	1304	1303	1304	1303	1304	1304	1304	1304	1303	1304	1304	1304	1304	1303	1304	1303	1304	1304	1304	1304	1304	1303	1304	1303	1304	1304	1303	1303	1303	1304	1304	1304	1303	1304	1303	1303	1304	1303	1303	1303	1303	1303	1303	1304	1303	1303	1304	1303	1303	1304	1304	1304	1304	1303	1304	1304	1304	1305	1303	1304	1304	1304	1304	1303	1304	1304	1304	1304	1303	1304	1304	1304	1304	1305	1304	1304	1304	1304	1304	1304	1304	1304	1304	1304	1303	1304	1303	1303	1304	1303	1303	1304	1302	1304	1303	1303	1304	1303	1304	1303	1303	1304	1303	1304	1303	1303	1304	1303	1303	1303	1304	1303	1303	1304
2610	276923	1304	1304	1304	1304	1303	1304	1303	1304	1304	1304	1304	1304	1304	1304	1304	1304	1303	1304	1304	1304	1304	1304	1304	1304	1304	1304	1304	1303	1305	1304	1304	1304	1304	1304	1304	1305	1304	1304	1305	1305	1304	1304	1304	1305	1305	1304	1304	1304	1304	1304	1304	1304	1304	1304	1304	1304	1304	1304	1303	1304	1303	1304	1304	1304	1305	1304	1303	1304	1304	1304	1304	1303	1304	1304	1304	1304	1303	1304	1303	1304	1304	1303	1303	1304	1302	1304	1304	1303	1304	1304	1303	1304	1303	1304	1304	1304	1304	1304	1305	1304	1304	1304	1304	1306	1304	1304	1304	1304	1305	1304	1304	1304	1304	1304	1304	1305	1304	1304	1305	1304	1305	1305	1304	1304	1304	1304	1304	1305
2611	277415	1304	1304	1304	1305	1305	1304	1304	1304	1305	1304	1305	1305	1305	1305	1305	1305	1305	1305	1306	1306	1305	1305	1304	1304	1305	1305	1305	1305	1304	1304	1305	1305	1305	1305	1305	1305	1305	1305	1305	1305	1305	1304	1305	1305	1305	1305	1304	1303	1304	1304	1305	1305	1304	1304	1304	1304	1304	1304	1304	1304	1304	1304	1304	1304	1304	1304	1306	1304	1304	1304	1304	1304	1305	1304	1304	1304	1304	1304	1305	1305	1305	1304	1305	1304	1305	1304	1304	1305	1305	1305	1305	1304	1304	1305	1306	1305	1304	1305	1305	1305	1304	1305	1305	1305	1305	1304	1305	1305	1305	1306	1304	1305	1305	1305	1305	1305	1305	1305	1305	1305	1305	1305	1305	1306	1305	1305	1305	1305
2612	277907	1305	1305	1305	1305	1305	1305	1305	1305	1305	1305	1305	1305	1305	1305	1307	1305	1305	1305	1305	1305	1305	1305	1305	1305	1305	1306	1305	1305	1305	1305	1306	1304	1305	1304	1305	1305	1305	1305	1305	1306	1306	1304	1305	1306	1305	1305	1306	1306	1305	1305	1306	1305	1305	1305	1305	1306	1305	1305	1305	1305	1305	1306	1305	1305	1305	1305	1305	1305	1305	1305	1305	1306	1306	1306	1305	1305	1305	1306	1305	1305	1305	1305	1305	1306	1305	1305	1305	1305	1305	1305	1305	1305	1305	1305	1305	1305	1305	1305	1305	1305	1306	1305	1305	1305	1305	1306	1305	1304	1305	1305	1305	1305	1305	1305	1304	1305	1305	1304	1304	1305	1305	1305	1305	1305	1305	1305	1304	1305
2613	278400	1305	1305	1305	1305	1305	1305	1305	1305	1305	1306	1305	1305	1306	1305	1306	1305	1305	1305	1307	1306	1306	1306	1306	1306	1307	1305	1306	1306	1306	1306	1305	1305	1305	1305	1306	1305	1305	1306	1306	1306	1305	1305	1306	1305	1305	1305	1305	1305	1305	1305	1305	1304	1304	1305	1305	1305	1305	1306	1305	1305	1305	1306	1305	1306	1305	1306	1306	1306	1306	1305	1306	1305	1305	1306	1305	1306	1305	1305	1306	1305	1305	1306	1305	1306	1305	1306	1306	1306	1307	1305	1306	1306	1306	1306	1305	1306	1306	1306	1306	1305	1305	1306	1306	1305	1305	1305	1305	1306	1305	1306	1305	1306	1306	1306	1306	1306	1305	1306	1305	1306	1305	1305	1305	1306	1305	1305	1305	1305
2614	278892	1306	1305	1306	1306	1306	1306	1307	1306	1306	1306	1306	1306	1306	1305	1305	1305	1306	1305	1306	1306	1306	1306	1306	1306	1306	1306	1306	1306	1306	1306	1306	1305	1306	1306	1305	1306	1306	1305	1306	1306	1306	1306	1306	1306	1305	1306	1306	1305	1306	1307	1306	1306	1305	1306	1306	1306	1305	1306	1307	1305	1305	1306	1305	1307	1306	1307	1306	1306	1306	1306	1306	1305	1306	1306	1306	1306	1306	1306	1305	1306	1306	1306	1307	1306	1306	1306	1306	1306	1306	1306	1306	1306	1306	1306	1306	1306	1306	1306	1306	1306	1306	1305	1307	1306	1307	1306	1306	1306	1306	1307	1306	1306	1306	1307	1307	1307	1307	1306	1306	1307	1308	1307	1307	1307	1306	1306	1306	1307
2615	279384	1307	1307	1306	1306	1307	1306	1306	1306	1307	1307	1307	1307	1307	1307	1306	1306	1307	1307	1307	1305	1306	1306	1306	1306	1306	1306	1306	1306	1306	1305	1306	1306	1305	1306	1305	1306	1305	1305	1306	1305	1306	1306	1306	1306	1305	1306	1306	1306	1306	1306	1306	1305	1306	1306	1306	1306	1306	1306	1306	1306	1306	1306	1307	1306	1306	1307	1307	1307	1306	1306	1306	1306	1307	1307	1307	1307	1306	1306	1306	1306	1306	1306	1306	1306	1307	1306	1306	1306	1306	1306	1306	1306	1306	1306	1306	1306	1305	1306	1306	1306	1306	1307	1306	1306	1307	1306	1307	1306	1306	1306	1305	1306	1306	1307	1307	1304	1307	1307	1307	1308	1306	1307	1306	1307	1306	1306	1306	1306
2616	279876	1307	1306	1307	1307	1307	1307	1307	1307	1307	1308	1307	1307	1307	1307	1307	1307	1307	1307	1307	1305	1307	1306	1307	1307	1307	1306	1306	1307	1307	1307	1306	1306	1306	1307	1306	1307	1307	1307	1307	1306	1308	1307	1307	1308	1307	1308	1307	1307	1308	1308	1307	1307	1307	1307	1308	1308	1307	1307	1308	1307	1307	1307	1308	1307	1308	1307	1307	1308	1308	1307	1308	1308	1308	1308	1308	1308	1308	1307	1307	1307	1306	1307	1307	1307	1307	1307	1307	1307	1307	1307	1307	1307	1307	1307	1308	1307	1306	1307	1307	1307	1307	1307	1307	1306	1307	1306	1308	1306	1307	1308	1306	1307	1308	1307	1308	1309	1307	1308	1308	1308	1308	1307	1308	1308	1307	1307	1307	1307
2617	280369	1308	1308	1307	1308	1307	1308	1308	1308	1308	1307	1307	1308	1307	1308	1308	1307	1308	1308	1308	1308	1308	1308	1308	1308	1308	1308	1307	1308	1308	1307	1308	1307	1308	1307	1308	1307	1307	1308	1308	1308	1307	1307	1308	1307	1307	1307	1307	1308	1307	1307	1307	1308	1308	1307	1307	1307	1307	1308	1307	1307	1307	1307	1307	1307	1307	1307	1307	1307	1307	1308	1307	1307	1307	1308	1308	1307	1307	1306	1307	1307	1307	1308	1307	1308	1308	1308	1308	1307	1308	1308	1308	1308	1307	1309	1307	1308	1308	1308	1308	1308	1308	1308	1308	1308	1308	1308	1308	1308	1308	1307	1308	1307	1307	1308	1307	1308	1307	1308	1307	1308	1308	1308	1308	1307	1307	1307	1307	1308
2618	280861	1307	1308	1308	1308	1307	1308	1308	1308	1308	1307	1307	1308	1308	1306	1308	1308	1308	1308	1307	1308	1308	1308	1307	1308	1308	1308	1308	1308	1308	1308	1308	1308	1307	1308	1308	1308	1308	1308	1308	1308	1308	1307	1308	1308	1308	1308	1308	1308	1309	1308	1309	1311	1309	1309	1308	1309	1308	1309	1309	1308	1309	1308	1308	1308	1308	1307	1307	1308	1308	1308	1308	1308	1308	1308	1308	1308	1309	1308	1308	1308	1307	1307	1308	1308	1308	1307	1309	1308	1308	1307	1307	1308	1308	1308	1308	1307	1308	1307	1308	1308	1308	1308	1309	1309	1308	1309	1308	1308	1311	1308	1307	1308	1308	1308	1308	1308	1308	1308	1308	1308	1308	1307	1308	1308	1308	1309	1308	1308
2619	281353	1308	1309	1308	1308	1309	1308	1309	1309	1309	1308	1309	1308	1309	1309	1309	1308	1308	1308	1309	1308	1308	1309	1308	1308	1308	1309	1308	1308	1308	1308	1309	1308	1308	1309	1308	1309	1308	1308	1308	1307	1309	1308	1308	1309	1308	1308	1308	1309	1309	1308	1308	1309	1308	1309	1308	1309	1309	1308	1310	1308	1308	1309	1308	1308	1309	1308	1309	1308	1308	1309	1309	1309	1308	1308	1309	1308	1308	1308	1309	1309	1308	1308	1309	1308	1308	1308	1309	1310	1308	1309	1308	1309	1309	1308	1309	1309	1307	1309	1308	1308	1308	1309	1309	1308	1308	1308	1308	1309	1308	1308	1309	1309	1309	1309	1309	1311	1308	1309	1309	1308	1308	1309	1308	1309	1308	1309	1309	1308
2620	281846	1310	1310	1309	1309	1308	1309	1309	1309	1309	1309	1309	1309	1309	1308	1309	1309	1309	1309	1309	1309	1309	1309	1309	1309	1309	1309	1309	1308	1309	1309	1309	1308	1309	1309	1309	1308	1309	1309	1308	1309	1309	1309	1310	1309	1310	1309	1311	1309	1309	1310	1309	1309	1309	1309	1310	1310	1310	1310	1309	1310	1310	1310	1310	1310	1309	1308	1310	1309	1309	1309	1309	1310	1309	1309	1309	1309	1310	1308	1309	1308	1310	1309	1308	1309	1307	1309	1309	1309	1309	1309	1308	1309	1308	1309	1309	1308	1309	1309	1309	1309	1309	1310	1309	1311	1309	1309	1309	1309	1309	1309	1308	1308	1308	1309	1309	1309	1309	1309	1310	1310	1310	1310	1308	1310	1309	1310	1309	1309
2621	282338	1309	1309	1310	1310	1310	1309	1310	1310	1310	1310	1309	1309	1309	1309	1309	1309	1309	1310	1307	1310	1309	1309	1308	1309	1309	1309	1310	1309	1310	1309	1310	1309	1309	1309	1309	1309	1309	1309	1309	1309	1309	1309	1309	1310	1310	1310	1309	1309	1309	1310	1310	1310	1309	1308	1310	1309	1307	1309	1309	1309	1309	1309	1309	1309	1310	1310	1309	1310	1309	1310	1310	1309	1309	1309	1309	1311	1309	1310	1309	1310	1309	1309	1309	1309	1309	1309	1309	1310	1309	1309	1309	1310	1310	1310	1309	1309	1309	1310	1310	1309	1310	1310	1309	1310	1310	1310	1309	1310	1309	1310	1309	1309	1309	1309	1309	1308	1309	1309	1309	1309	1310	1309	1309	1310	1311	1309	1310	1309
2622	282830	1310	1310	1311	1310	1310	1311	1311	1310	1310	1310	1310	1310	1311	1310	1310	1310	1311	1311	1310	1311	1311	1311	1311	1311	1311	1310	1311	1311	1310	1311	1310	1311	1310	1310	1310	1309	1310	1310	1310	1309	1310	1310	1310	1310	1310	1310	1310	1310	1310	1310	1309	1310	1310	1310	1309	1309	1310	1310	1309	1310	1310	1310	1310	1310	1310	1309	1310	1310	1309	1310	1309	1310	1309	1309	1310	1310	1310	1310	1310	1310	1310	1310	1310	1310	1309	1310	1310	1310	1310	1310	1310	1310	1310	1310	1310	1310	1310	1310	1309	1309	1310	1310	1310	1310	1310	1310	1310	1310	1310	1310	1310	1310	1310	1310	1309	1310	1310	1310	1310	1310	1310	1310	1310	1310	1309	1310	1309	1310
2623	283323	1311	1311	1311	1311	1310	1311	1310	1311	1311	1310	1311	1311	1311	1310	1311	1312	1311	1311	1311	1311	1311	1311	1311	1311	1311	1312	1311	1311	1310	1310	1310	1310	1310	1310	1310	1310	1309	1311	1310	1310	1311	1311	1311	1311	1309	1310	1310	1311	1310	1310	1310	1310	1310	1311	1311	1311	1310	1311	1311	1310	1311	1310	1310	1309	1311	1311	1311	1312	1311	1311	1311	1311	1312	1311	1311	1311	1312	1311	1312	1311	1312	1311	1313	1311	1312	1311	1312	1312	1311	1311	1311	1311	1311	1311	1311	1311	1310	1311	1311	1311	1311	1310	1311	1311	1311	1310	1311	1311	1310	1310	1310	1310	1311	1311	1310	1310	1311	1310	1311	1311	1311	1309	1311	1310	1311	1311	1310	1311
2624	283815	1311	1310	1310	1311	1311	1311	1310	1310	1310	1310	1311	1310	1310	1311	1310	1311	1311	1311	1311	1311	1311	1311	1310	1311	1311	1311	1311	1311	1311	1311	1311	1311	1312	1311	1311	1311	1310	1311	1311	1311	1311	1311	1311	1311	1311	1312	1311	1311	1311	1311	1311	1310	1310	1310	1311	1310	1310	1311	1310	1310	1311	1311	1311	1311	1311	1311	1311	1311	1310	1311	1311	1311	1310	1311	1311	1310	1311	1311	1311	1311	1310	1311	1311	1310	1311	1311	1311	1311	1312	1311	1311	1311	1311	1311	1312	1311	1312	1311	1311	1311	1311	1311	1311	1311	1311	1311	1311	1311	1312	1311	1311	1312	1311	1311	1311	1311	1311	1311	1311	1311	1311	1311	1311	1311	1311	1311	1310	1310
2625	284307	1312	1312	1312	1312	1312	1312	1311	1311	1312	1311	1311	1311	1311	1312	1312	1311	1311	1311	1312	1312	1312	1311	1311	1311	1311	1311	1311	1311	1311	1311	1311	1311	1311	1311	1311	1311	1311	1311	1311	1311	1311	1311	1311	1311	1311	1311	1312	1311	1311	1312	1311	1312	1312	1311	1312	1311	1312	1312	1312	1312	1312	1312	1312	1312	1311	1312	1311	1312	1311	1311	1312	1311	1312	1312	1311	1312	1311	1312	1312	1312	1312	1311	1312	1311	1312	1312	1311	1312	1311	1311	1311	1312	1311	1312	1312	1312	1312	1312	1311	1311	1311	1311	1311	1311	1311	1311	1311	1311	1312	1311	1311	1311	1311	1312	1310	1310	1311	1311	1311	1312	1312	1311	1312	1312	1312	1312	1311	1311
2626	284800	1312	1312	1312	1312	1312	1313	1312	1312	1312	1312	1312	1312	1312	1312	1312	1312	1312	1312	1312	1312	1312	1311	1312	1312	1312	1312	1312	1312	1312	1313	1312	1313	1312	1312	1313	1312	1312	1312	1312	1312	1312	1312	1312	1312	1312	1312	1312	1312	1312	1312	1312	1313	1312	1312	1311	1312	1312	1312	1312	1312	1312	1312	1312	1312	1312	1312	1312	1312	1312	1312	1313	1312	1312	1312	1312	1313	1312	1312	1312	1312	1312	1312	1312	1312	1312	1312	1312	1312	1312	1312	1312	1312	1312	1313	1312	1313	1312	1312	1312	1312	1312	1312	1312	1312	1311	1312	1311	1312	1312	1312	1312	1312	1312	1312	1312	1312	1312	1312	1311	1312	1312	1312	1312	1312	1312	1312	1312	1312
2627	285292	1312	1313	1312	1312	1312	1313	1313	1312	1312	1312	1313	1313	1313	1312	1312	1312	1312	1312	1313	1313	1312	1313	1313	1312	1312	1313	1312	1312	1312	1312	1313	1312	1312	1313	1312	1313	1312	1312	1313	1313	1313	1312	1313	1313	1313	1313	1313	1313	1312	1313	1313	1313	1313	1312	1313	1313	1313	1312	1312	1312	1313	1313	1313	1313	1313	1313	1313	1313	1313	1313	1313	1312	1312	1312	1312	1312	1312	1312	1312	1312	1312	1312	1312	1312	1312	1313	1312	1312	1312	1312	1312	1312	1312	1312	1312	1313	1313	1312	1312	1312	1312	1312	1312	1312	1312	1312	1312	1312	1313	1313	1313	1313	1314	1313	1314	1313	1313	1313	1313	1313	1313	1313	1313	1313	1312	1313	1313	1313
2628	285784	1313	1312	1312	1313	1313	1313	1313	1312	1313	1313	1313	1313	1312	1313	1313	1313	1313	1313	1313	1314	1313	1313	1313	1313	1313	1313	1313	1312	1313	1313	1313	1313	1313	1314	1313	1314	1313	1313	1313	1312	1313	1313	1313	1313	1313	1313	1313	1312	1314	1313	1313	1314	1313	1313	1313	1312	1313	1312	1312	1313	1313	1313	1313	1312	1313	1313	1313	1313	1312	1313	1312	1312	1313	1313	1314	1313	1314	1313	1313	1314	1313	1313	1313	1313	1313	1313	1313	1312	1312	1312	1312	1313	1313	1312	1313	1312	1313	1313	1313	1313	1313	1313	1313	1312	1313	1312	1314	1313	1313	1313	1313	1313	1312	1313	1312	1313	1313	1313	1313	1313	1312	1313	1313	1314	1312	1313	1313	1313
2629	286276	1314	1313	1314	1314	1314	1313	1313	1313	1314	1313	1314	1313	1313	1313	1314	1314	1313	1313	1313	1314	1314	1313	1314	1313	1314	1314	1313	1314	1313	1314	1313	1313	1314	1313	1314	1314	1314	1312	1313	1314	1313	1314	1313	1313	1313	1313	1313	1313	1313	1314	1313	1314	1313	1314	1314	1314	1314	1314	1314	1314	1313	1314	1313	1313	1313	1313	1315	1313	1313	1313	1313	1313	1314	1314	1314	1314	1314	1314	1314	1314	1314	1314	1314	1313	1313	1314	1314	1314	1313	1314	1313	1314	1314	1314	1314	1314	1314	1313	1313	1314	1314	1314	1314	1314	1314	1313	1314	1314	1314	1313	1314	1314	1314	1314	1314	1314	1314	1313	1314	1314	1313	1313	1313	1314	1313	1313	1313	1314
2630	286769	1314	1314	1314	1313	1314	1316	1313	1314	1313	1314	1314	1314	1314	1313	1313	1314	1314	1314	1314	1314	1314	1314	1314	1313	1313	1314	1314	1314	1314	1314	1314	1314	1314	1314	1314	1314	1315	1314	1315	1314	1315	1314	1314	1314	1314	1314	1314	1314	1315	1314	1314	1314	1315	1314	1314	1314	1314	1315	1314	1314	1314	1314	1314	1314	1314	1314	1314	1314	1314	1314	1314	1314	1314	1314	1314	1313	1313	1314	1314	1314	1314	1314	1314	1314	1314	1314	1314	1315	1314	1314	1314	1313	1314	1314	1314	1314	1313	1314	1314	1314	1314	1314	1314	1315	1313	1314	1314	1314	1314	1314	1314	1314	1315	1314	1314	1315	1314	1314	1314	1314	1314	1314	1314	1314	1314	1314	1314	1314
2631	287261	1314	1314	1313	1314	1314	1314	1315	1315	1314	1314	1314	1315	1314	1314	1314	1314	1314	1314	1315	1314	1314	1315	1314	1314	1314	1314	1314	1314	1314	1314	1314	1314	1314	1314	1314	1314	1314	1315	1314	1315	1315	1314	1314	1315	1315	1314	1314	1314	1315	1314	1313	1315	1313	1314	1314	1314	1314	1313	1314	1313	1314	1315	1314	1315	1314	1314	1314	1314	1314	1314	1315	1314	1314	1315	1314	1314	1314	1314	1315	1314	1314	1314	1315	1314	1314	1314	1314	1314	1314	1314	1314	1314	1315	1314	1314	1314	1314	1315	1314	1315	1314	1314	1314	1314	1314	1314	1315	1314	1315	1314	1314	1314	1314	1314	1315	1314	1313	1314	1314	1314	1314	1314	1314	1313	1314	1315	1315	1314
2632	287753	1315	1314	1314	1315	1315	1315	1313	1314	1315	1315	1314	1315	1315	1315	1315	1315	1315	1315	1315	1315	1315	1315	1315	1315	1315	1314	1315	1315	1315	1315	1315	1315	1314	1314	1315	1314	1315	1315	1315	1316	1315	1315	1315	1315	1315	1315	1315	1315	1315	1315	1315	1315	1315	1315	1314	1314	1314	1314	1315	1314	1315	1314	1314	1315	1315	1315	1314	1315	1315	1314	1315	1314	1314	1315	1314	1314	1314	1313	1314	1314	1314	1314	1314	1314	1314	1315	1315	1314	1314	1315	1315	1314	1314	1314	1315	1315	1315	1315	1315	1314	1315	1315	1315	1315	1315	1315	1315	1315	1315	1315	1316	1315	1317	1314	1315	1315	1315	1316	1315	1315	1315	1315	1315	1315	1315	1316	1315	1316
2633	288246	1316	1317	1316	1317	1316	1317	1316	1316	1316	1316	1316	1316	1316	1316	1316	1317	1316	1318	1316	1316	1316	1316	1316	1316	1316	1316	1316	1316	1316	1316	1316	1316	1317	1315	1317	1316	1316	1316	1315	1316	1316	1315	1316	1315	1315	1315	1315	1315	1314	1315	1315	1316	1316	1315	1315	1315	1316	1315	1315	1316	1316	1315	1315	1316	1315	1315	1314	1315	1316	1315	1315	1315	1315	1316	1315	1316	1316	1316	1316	1316	1316	1316	1316	1316	1316	1316	1316	1316	1315	1315	1315	1315	1315	1316	1315	1315	1316	1316	1316	1316	1315	1316	1315	1316	1316	1316	1316	1316	1316	1318	1316	1315	1315	1315	1315	1314	1315	1315	1315	1315	1315	1315	1315	1316	1315	1315	1315	1315
2634	288738	1316	1317	1316	1315	1316	1316	1315	1316	1316	1315	1315	1316	1315	1316	1316	1315	1316	1315	1316	1315	1315	1315	1315	1315	1315	1315	1315	1316	1316	1316	1316	1315	1315	1316	1316	1316	1316	1316	1316	1316	1316	1315	1316	1316	1316	1316	1316	1316	1317	1316	1318	1316	1317	1317	1316	1317	1316	1316	1316	1316	1316	1316	1316	1316	1317	1316	1316	1316	1315	1315	1316	1316	1315	1317	1316	1317	1317	1316	1316	1317	1316	1316	1316	1316	1316	1315	1316	1315	1316	1316	1316	1316	1316	1316	1317	1316	1316	1316	1316	1316	1316	1316	1316	1316	1316	1316	1316	1317	1315	1316	1315	1315	1316	1316	1316	1315	1316	1316	1316	1316	1316	1316	1316	1317	1317	1315	1314	1316
2635	289230	1317	1317	1317	1317	1316	1316	1316	1316	1316	1317	1316	1316	1316	1316	1316	1315	1316	1316	1317	1316	1316	1317	1316	1317	1316	1316	1316	1317	1316	1316	1316	1316	1316	1316	1317	1316	1316	1316	1317	1317	1317	1317	1318	1317	1316	1317	1317	1317	1318	1317	1317	1317	1316	1318	1316	1317	1317	1317	1317	1317	1317	1317	1317	1316	1317	1316	1316	1317	1316	1316	1316	1316	1316	1316	1316	1316	1316	1314	1316	1316	1316	1316	1316	1316	1316	1315	1316	1316	1316	1316	1316	1316	1316	1316	1316	1316	1316	1316	1316	1316	1316	1316	1317	1316	1316	1316	1316	1316	1315	1316	1317	1316	1315	1316	1315	1317	1316	1316	1316	1316	1316	1316	1317	1316	1317	1317	1317	1317
2636	289723	1316	1317	1317	1317	1318	1317	1317	1318	1318	1318	1316	1316	1317	1316	1317	1317	1316	1316	1316	1317	1316	1317	1317	1315	1317	1317	1316	1317	1316	1317	1317	1316	1316	1317	1317	1318	1317	1317	1317	1317	1317	1317	1317	1317	1318	1317	1318	1317	1318	1317	1317	1319	1318	1318	1316	1318	1318	1317	1318	1317	1318	1318	1317	1317	1317	1318	1318	1317	1317	1317	1317	1317	1317	1317	1317	1316	1317	1317	1318	1317	1317	1317	1317	1316	1317	1317	1317	1316	1317	1317	1316	1317	1317	1317	1316	1317	1317	1317	1316	1317	1316	1317	1317	1316	1317	1316	1317	1317	1317	1318	1317	1316	1317	1317	1317	1318	1317	1316	1317	1317	1318	1317	1317	1318	1317	1318	1317	1317
2637	290215	1317	1317	1317	1317	1317	1317	1318	1317	1317	1317	1317	1317	1317	1318	1318	1317	1317	1317	1317	1317	1317	1317	1317	1317	1317	1316	1317	1317	1317	1317	1316	1317	1317	1317	1317	1317	1317	1318	1317	1318	1318	1318	1317	1317	1317	1318	1318	1318	1317	1317	1317	1318	1318	1318	1318	1318	1318	1318	1318	1318	1318	1318	1318	1318	1318	1318	1318	1318	1318	1318	1318	1319	1318	1318	1318	1317	1318	1317	1318	1317	1318	1318	1318	1319	1317	1318	1318	1318	1318	1317	1318	1317	1317	1317	1317	1317	1318	1317	1318	1317	1317	1317	1317	1317	1317	1317	1317	1317	1318	1318	1317	1318	1318	1318	1318	1318	1319	1318	1318	1318	1318	1318	1318	1317	1318	1317	1318	1318
2638	290707	1318	1318	1318	1318	1318	1319	1317	1319	1318	1318	1319	1318	1318	1318	1318	1319	1318	1318	1318	1318	1319	1319	1319	1319	1319	1318	1318	1318	1318	1318	1318	1318	1318	1318	1319	1318	1318	1318	1318	1318	1318	1319	1318	1318	1319	1318	1318	1317	1318	1318	1318	1318	1317	1318	1318	1318	1318	1318	1317	1318	1318	1318	1318	1317	1318	1318	1318	1318	1318	1318	1318	1318	1318	1318	1319	1318	1318	1318	1317	1318	1317	1317	1318	1317	1318	1318	1318	1318	1319	1318	1318	1318	1318	1318	1318	1318	1317	1318	1318	1318	1318	1319	1318	1318	1318	1318	1319	1318	1319	1318	1318	1319	1319	1319	1318	1318	1319	1318	1319	1318	1318	1318	1318	1318	1318	1318	1318	1319
2639	291200	1319	1318	1319	1319	1319	1319	1318	1319	1318	1318	1319	1318	1318	1318	1318	1319	1319	1318	1318	1318	1319	1319	1318	1319	1319	1319	1318	1318	1318	1318	1318	1319	1317	1318	1318	1318	1319	1318	1319	1318	1318	1319	1319	1319	1318	1319	1318	1318	1318	1319	1319	1318	1318	1318	1318	1319	1318	1319	1318	1318	1318	1317	1318	1317	1318	1319	1318	1319	1318	1318	1318	1317	1319	1319	1319	1318	1319	1319	1318	1318	1319	1318	1319	1318	1318	1318	1317	1319	1318	1319	1318	1318	1318	1318	1319	1319	1318	1318	1318	1318	1318	1318	1319	1318	1318	1318	1318	1318	1318	1318	1318	1318	1318	1318	1318	1319	1319	1318	1319	1319	1318	1319	1318	1318	1319	1319	1317	1318
2640	291692	1319	1319	1320	1319	1318	1318	1319	1318	1319	1319	1318	1319	1319	1318	1319	1319	1319	1319	1319	1319	1319	1319	1319	1319	1319	1319	1319	1319	1319	1319	1318	1319	1319	1318	1319	1318	1319	1318	1319	1319	1319	1319	1319	1319	1320	1319	1320	1319	1319	1319	1318	1318	1319	1319	1318	1318	1318	1319	1318	1319	1319	1319	1319	1319	1319	1319	1319	1319	1319	1319	1319	1319	1319	1319	1319	1319	1319	1319	1318	1319	1319	1318	1319	1318	1319	1319	1320	1319	1320	1319	1320	1319	1319	1320	1319	1319	1318	1320	1319	1319	1319	1319	1319	1319	1319	1319	1319	1318	1319	1319	1318	1319	1319	1319	1318	1318	1318	1319	1319	1319	1319	1318	1319	1318	1318	1319	1319	1319
2641	292184	1319	1320	1319	1319	1319	1319	1319	1319	1320	1319	1319	1319	1320	1320	1320	1320	1320	1320	1320	1320	1320	1320	1320	1321	1319	1320	1320	1321	1320	1320	1320	1319	1319	1320	1319	1319	1319	1320	1319	1320	1320	1319	1320	1319	1319	1320	1319	1320	1319	1319	1319	1319	1319	1319	1318	1319	1319	1319	1319	1319	1319	1318	1319	1319	1319	1319	1319	1320	1320	1318	1319	1319	1319	1319	1319	1320	1319	1319	1319	1319	1320	1319	1320	1320	1319	1319	1320	1320	1319	1320	1321	1320	1320	1319	1320	1319	1320	1320	1319	1320	1320	1320	1320	1319	1320	1320	1320	1320	1320	1320	1320	1321	1320	1320	1320	1319	1320	1320	1320	1320	1320	1320	1319	1319	1319	1319	1319	1319
2642	292676	1320	1320	1321	1320	1320	1320	1320	1320	1320	1320	1318	1320	1320	1321	1320	1320	1320	1320	1320	1320	1320	1320	1320	1320	1319	1320	1320	1320	1320	1322	1320	1321	1321	1321	1320	1320	1320	1320	1320	1320	1320	1320	1320	1320	1321	1319	1320	1320	1320	1320	1320	1320	1321	1320	1321	1321	1320	1320	1321	1319	1321	1320	1320	1320	1320	1320	1320	1319	1320	1321	1320	1320	1320	1320	1320	1319	1320	1320	1320	1320	1320	1320	1320	1320	1320	1319	1319	1320	1320	1319	1320	1319	1320	1320	1319	1320	1319	1320	1320	1320	1320	1319	1320	1320	1320	1319	1320	1320	1320	1320	1320	1320	1320	1319	1319	1319	1319	1320	1319	1320	1319	1319	1320	1319	1320	1320	1320	1320
2643	293169	1320	1320	1320	1320	1320	1321	1320	1320	1321	1321	1321	1320	1320	1320	1320	1320	1321	1320	1320	1320	1321	1320	1320	1320	1320	1321	1320	1321	1320	1320	1320	1319	1320	1320	1320	1321	1320	1320	1320	1320	1320	1320	1320	1320	1320	1319	1321	1320	1320	1320	1320	1321	1321	1320	1320	1320	1320	1320	1320	1320	1320	1320	1320	1320	1320	1320	1320	1320	1320	1320	1319	1320	1320	1319	1320	1320	1320	1320	1320	1320	1319	1320	1320	1320	1320	1320	1320	1320	1319	1320	1320	1320	1320	1320	1320	1320	1320	1321	1320	1320	1320	1320	1321	1320	1320	1320	1320	1321	1320	1321	1320	1321	1320	1323	1321	1321	1320	1320	1321	1321	1321	1321	1320	1320	1320	1320	1320	1321
2644	293661	1321	1320	1321	1321	1321	1321	1321	1321	1320	1321	1320	1321	1321	1320	1321	1321	1320	1320	1320	1321	1321	1320	1320	1321	1321	1321	1321	1322	1322	1322	1321	1322	1321	1322	1321	1321	1321	1321	1321	1321	1321	1320	1321	1321	1321	1320	1321	1320	1321	1321	1320	1321	1321	1321	1321	1321	1321	1321	1321	1321	1321	1321	1320	1321	1320	1320	1321	1320	1320	1321	1321	1320	1321	1321	1321	1321	1321	1320	1321	1321	1321	1321	1321	1320	1320	1320	1321	1321	1321	1320	1320	1321	1321	1320	1320	1320	1320	1321	1321	1321	1321	1321	1321	1321	1321	1321	1321	1321	1321	1321	1321	1321	1321	1321	1321	1321	1322	1322	1322	1321	1322	1321	1321	1322	1321	1321	1321	1322
2645	294153	1321	1321	1321	1321	1321	1321	1321	1322	1321	1321	1321	1321	1321	1321	1321	1322	1321	1322	1321	1321	1321	1321	1321	1321	1321	1321	1322	1322	1321	1322	1321	1321	1321	1321	1321	1321	1321	1322	1320	1322	1321	1322	1322	1322	1322	1321	1322	1321	1321	1322	1322	1321	1321	1321	1322	1321	1322	1321	1322	1321	1321	1322	1321	1322	1322	1322	1322	1322	1321	1322	1321	1321	1321	1321	1321	1321	1321	1321	1321	1321	1321	1321	1321	1321	1321	1321	1321	1321	1321	1320	1321	1322	1321	1321	1321	1321	1321	1320	1321	1321	1321	1321	1321	1322	1321	1321	1322	1321	1321	1321	1321	1321	1321	1321	1322	1320	1321	1321	1321	1321	1322	1321	1322	1322	1322	1322	1322	1321
2646	294646	1322	1322	1322	1322	1322	1322	1323	1322	1323	1322	1321	1322	1322	1322	1322	1322	1323	1322	1322	1323	1322	1322	1321	1321	1322	1322	1323	1322	1322	1322	1322	1322	1323	1323	1322	1322	1322	1322	1322	1323	1322	1322	1322	1321	1322	1321	1322	1322	1322	1322	1322	1322	1322	1322	1322	1322	1322	1321	1322	1322	1322	1322	1323	1322	1322	1322	1323	1322	1322	1321	1321	1322	1321	1321	1322	1322	1322	1322	1323	1321	1322	1322	1322	1323	1321	1322	1322	1321	1322	1322	1322	1322	1322	1322	1321	1322	1323	1322	1322	1322	1321	1322	1322	1322	1322	1322	1322	1322	1323	1322	1322	1322	1322	1322	1322	1321	1322	1321	1322	1322	1321	1322	1321	1322	1322	1322	1322	1322
2647	295138	1323	1322	1323	1322	1323	1323	1322	1323	1322	1323	1322	1323	1322	1322	1322	1322	1322	1322	1322	1322	1322	1322	1322	1323	1323	1322	1322	1322	1323	1322	1323	1323	1322	1322	1322	1322	1323	1322	1323	1322	1322	1323	1323	1323	1322	1323	1323	1323	1324	1323	1323	1322	1323	1323	1322	1323	1323	1323	1323	1323	1323	1323	1323	1323	1323	1323	1323	1323	1323	1323	1323	1323	1323	1322	1322	1322	1323	1323	1323	1323	1322	1322	1323	1322	1323	1322	1322	1323	1323	1322	1322	1323	1323	1323	1323	1322	1322	1323	1323	1323	1322	1322	1322	1323	1322	1323	1322	1322	1322	1322	1322	1322	1322	1322	1322	1323	1323	1323	1323	1322	1323	1322	1323	1323	1323	1322	1322	1322
2648	295630	1322	1323	1322	1323	1323	1322	1323	1323	1323	1324	1323	1323	1323	1323	1322	1323	1323	1323	1323	1322	1323	1323	1322	1322	1323	1323	1322	1322	1321	1323	1323	1323	1323	1323	1323	1323	1323	1323	1323	1323	1323	1323	1323	1323	1323	1322	1323	1324	1323	1323	1323	1323	1322	1323	1323	1322	1323	1323	1322	1323	1322	1323	1323	1322	1322	1323	1321	1323	1322	1323	1323	1322	1323	1323	1323	1323	1324	1323	1323	1323	1323	1323	1323	1322	1323	1321	1323	1323	1323	1323	1323	1323	1323	1323	1323	1323	1323	1323	1324	1323	1322	1324	1323	1323	1326	1323	1323	1323	1323	1323	1322	1323	1323	1323	1324	1323	1323	1323	1322	1322	1322	1322	1322	1322	1322	1322	1322	1322
2649	296123	1323	1323	1323	1323	1323	1323	1323	1324	1323	1323	1323	1323	1323	1323	1324	1323	1323	1323	1322	1323	1323	1323	1323	1323	1323	1324	1323	1323	1323	1323	1323	1322	1323	1323	1324	1323	1323	1323	1323	1323	1323	1323	1323	1323	1323	1324	1323	1323	1324	1324	1324	1324	1324	1324	1323	1324	1324	1323	1324	1323	1324	1323	1323	1323	1323	1323	1323	1324	1324	1324	1324	1324	1323	1324	1324	1323	1323	1323	1323	1323	1323	1323	1323	1323	1323	1322	1323	1322	1323	1324	1323	1323	1323	1323	1323	1323	1323	1323	1324	1324	1323	1323	1323	1324	1323	1323	1324	1324	1323	1323	1324	1324	1323	1324	1325	1324	1324	1324	1324	1323	1323	1323	1323	1324	1323	1324	1323	1323
2650	296615	1324	1324	1324	1324	1324	1324	1324	1324	1324	1324	1324	1324	1324	1324	1323	1324	1324	1324	1324	1324	1324	1324	1324	1324	1323	1324	1324	1324	1325	1323	1324	1324	1324	1324	1324	1323	1324	1324	1324	1324	1324	1324	1324	1324	1324	1324	1324	1323	1323	1324	1323	1323	1324	1323	1324	1324	1323	1323	1324	1324	1323	1324	1323	1323	1324	1323	1323	1324	1324	1324	1323	1323	1324	1324	1324	1324	1324	1323	1324	1324	1323	1324	1323	1324	1324	1324	1324	1323	1323	1323	1323	1323	1324	1324	1324	1324	1324	1323	1323	1323	1324	1324	1323	1324	1323	1324	1324	1324	1324	1324	1324	1323	1324	1324	1324	1324	1324	1324	1324	1324	1324	1324	1324	1325	1324	1324	1324	1324
2651	297107	1324	1324	1324	1324	1324	1324	1324	1324	1324	1324	1324	1324	1324	1324	1324	1324	1324	1324	1324	1324	1324	1324	1324	1324	1324	1324	1324	1324	1324	1324	1324	1324	1324	1324	1324	1324	1324	1324	1324	1325	1324	1325	1324	1324	1325	1324	1325	1324	1324	1325	1326	1324	1325	1325	1325	1325	1324	1324	1324	1324	1325	1325	1325	1324	1324	1326	1324	1324	1325	1325	1325	1324	1324	1324	1324	1325	1324	1324	1324	1324	1325	1324	1325	1324	1324	1324	1324	1325	1324	1325	1325	1325	1325	1324	1325	1325	1324	1325	1325	1325	1325	1325	1324	1324	1325	1325	1325	1324	1324	1325	1324	1325	1325	1324	1324	1325	1325	1324	1324	1325	1324	1325	1324	1324	1325	1324	1325	1325
2652	297600	1325	1326	1325	1326	1326	1325	1325	1325	1325	1325	1325	1325	1325	1326	1325	1325	1326	1325	1325	1325	1325	1324	1325	1324	1324	1324	1324	1325	1324	1324	1324	1325	1325	1325	1325	1325	1325	1325	1325	1324	1325	1324	1325	1324	1325	1325	1324	1324	1325	1325	1325	1324	1325	1324	1324	1325	1324	1324	1324	1324	1325	1326	1325	1325	1326	1325	1326	1325	1325	1325	1325	1325	1325	1326	1325	1325	1326	1325	1325	1325	1326	1326	1325	1325	1326	1326	1325	1325	1325	1326	1326	1326	1326	1324	1325	1326	1325	1325	1324	1325	1324	1325	1325	1324	1324	1325	1325	1325	1325	1325	1325	1325	1325	1324	1324	1323	1325	1324	1325	1324	1324	1325	1324	1324	1324	1325	1325	1324
2653	298092	1326	1326	1325	1326	1325	1326	1324	1325	1326	1325	1326	1325	1325	1325	1325	1326	1325	1325	1325	1325	1325	1325	1325	1325	1325	1327	1325	1325	1325	1325	1325	1325	1325	1325	1325	1325	1325	1325	1325	1325	1325	1324	1325	1325	1324	1325	1324	1326	1325	1325	1325	1326	1325	1325	1325	1325	1325	1325	1325	1326	1325	1325	1324	1324	1325	1326	1325	1325	1325	1326	1326	1326	1325	1325	1326	1326	1326	1326	1325	1326	1325	1325	1327	1325	1325	1325	1324	1325	1325	1325	1325	1325	1325	1324	1325	1325	1326	1324	1326	1326	1325	1325	1325	1326	1325	1325	1325	1325	1326	1325	1325	1325	1325	1326	1325	1325	1325	1325	1326	1325	1324	1325	1325	1326	1325	1325	1326	1326
2654	298584	1326	1326	1326	1327	1327	1327	1326	1327	1327	1327	1327	1326	1326	1326	1327	1326	1327	1327	1327	1327	1327	1327	1327	1327	1327	1327	1326	1327	1326	1326	1327	1327	1326	1326	1326	1326	1325	1325	1325	1326	1326	1326	1326	1325	1325	1325	1326	1324	1325	1326	1325	1326	1325	1325	1325	1325	1326	1325	1325	1325	1326	1326	1325	1326	1326	1326	1326	1326	1326	1326	1326	1326	1326	1326	1325	1326	1326	1325	1326	1325	1326	1326	1326	1327	1326	1327	1327	1326	1327	1327	1326	1327	1326	1327	1327	1327	1327	1326	1326	1326	1326	1326	1326	1326	1326	1326	1326	1327	1326	1326	1326	1326	1326	1326	1325	1326	1326	1326	1326	1326	1327	1326	1326	1326	1326	1325	1326	1326
2655	299076	1326	1326	1326	1326	1326	1325	1326	1326	1326	1326	1326	1326	1328	1326	1326	1326	1326	1326	1326	1326	1326	1326	1326	1327	1325	1326	1326	1326	1327	1326	1326	1325	1326	1327	1326	1326	1326	1326	1326	1327	1326	1326	1326	1326	1326	1326	1326	1326	1326	1327	1326	1325	1327	1326	1327	1327	1326	1326	1327	1327	1327	1326	1327	1326	1327	1327	1327	1327	1326	1327	1326	1326	1326	1327	1326	1327	1327	1327	1327	1327	1327	1326	1326	1326	1326	1326	1326	1327	1326	1326	1326	1326	1326	1326	1326	1327	1326	1326	1327	1327	1327	1326	1327	1327	1327	1327	1326	1327	1326	1327	1327	1327	1326	1326	1327	1326	1326	1326	1326	1326	1326	1326	1326	1326	1326	1326	1327	1326
2656	299569	1326	1326	1326	1326	1326	1327	1327	1326	1326	1327	1327	1326	1327	1327	1327	1327	1327	1326	1326	1327	1327	1326	1326	1326	1326	1327	1326	1326	1326	1326	1327	1327	1327	1327	1327	1327	1327	1327	1327	1327	1327	1327	1328	1327	1327	1327	1327	1327	1327	1327	1327	1327	1327	1326	1327	1326	1327	1327	1327	1326	1326	1327	1327	1327	1328	1326	1327	1326	1326	1326	1326	1326	1326	1327	1326	1326	1326	1326	1327	1326	1326	1327	1327	1327	1327	1327	1327	1327	1327	1325	1327	1326	1326	1327	1326	1327	1326	1326	1326	1326	1326	1325	1327	1326	1326	1327	1326	1327	1327	1327	1327	1326	1327	1327	1327	1327	1327	1327	1326	1326	1327	1326	1327	1327	1327	1327	1327	1327
2657	300061	1327	1327	1327	1327	1328	1327	1328	1328	1328	1328	1327	1328	1328	1328	1328	1328	1327	1327	1328	1327	1327	1328	1327	1327	1327	1327	1327	1327	1327	1327	1327	1327	1326	1327	1327	1327	1327	1327	1327	1327	1327	1327	1327	1327	1327	1327	1328	1327	1327	1327	1327	1327	1327	1327	1327	1327	1328	1327	1327	1326	1327	1327	1327	1327	1327	1327	1327	1327	1328	1327	1328	1328	1328	1328	1328	1328	1328	1328	1330	1327	1327	1328	1327	1328	1327	1328	1328	1328	1327	1327	1327	1327	1327	1327	1327	1327	1327	1326	1327	1327	1327	1326	1327	1327	1327	1328	1327	1328	1327	1327	1328	1327	1327	1327	1327	1326	1326	1327	1327	1327	1327	1327	1327	1327	1327	1327	1327	1327
2658	300553	1328	1327	1327	1328	1328	1328	1327	1327	1327	1327	1328	1328	1328	1329	1328	1328	1328	1328	1328	1328	1327	1328	1327	1327	1328	1327	1327	1328	1327	1328	1328	1328	1328	1327	1328	1327	1327	1327	1328	1327	1327	1327	1328	1327	1328	1328	1328	1328	1328	1328	1328	1327	1328	1328	1328	1328	1328	1328	1328	1328	1328	1328	1328	1328	1329	1328	1328	1328	1329	1328	1329	1328	1329	1328	1329	1327	1328	1328	1328	1329	1327	1328	1328	1327	1328	1328	1328	1327	1327	1328	1328	1328	1328	1328	1328	1327	1329	1328	1328	1328	1327	1328	1328	1328	1328	1327	1328	1328	1328	1329	1327	1328	1327	1327	1328	1327	1328	1328	1329	1328	1328	1327	1328	1328	1328	1327	1328	1327
2659	301046	1328	1329	1328	1328	1328	1328	1328	1327	1328	1328	1328	1328	1328	1328	1328	1328	1328	1328	1328	1328	1328	1328	1328	1328	1328	1328	1328	1328	1328	1328	1329	1328	1328	1328	1328	1328	1328	1328	1328	1328	1328	1328	1329	1328	1329	1329	1329	1329	1328	1328	1328	1328	1328	1328	1329	1328	1328	1329	1328	1329	1328	1328	1328	1329	1329	1328	1329	1329	1329	1328	1328	1329	1328	1328	1328	1328	1329	1328	1328	1328	1328	1328	1328	1328	1328	1328	1328	1328	1329	1328	1328	1329	1328	1328	1328	1328	1328	1328	1328	1328	1328	1328	1328	1328	1329	1328	1328	1328	1328	1329	1328	1328	1328	1329	1328	1328	1329	1328	1328	1328	1328	1328	1328	1328	1328	1328	1328	1328
2660	301538	1329	1328	1329	1329	1330	1329	1329	1329	1329	1330	1329	1329	1329	1328	1329	1329	1329	1328	1329	1329	1328	1329	1328	1329	1329	1328	1329	1329	1328	1329	1329	1329	1329	1328	1329	1328	1328	1329	1329	1329	1328	1328	1329	1329	1329	1330	1328	1329	1329	1329	1328	1329	1328	1329	1329	1330	1328	1329	1329	1328	1329	1329	1329	1329	1329	1329	1329	1329	1329	1329	1330	1329	1329	1329	1328	1329	1329	1329	1329	1328	1328	1329	1329	1329	1329	1329	1329	1329	1329	1329	1329	1329	1328	1328	1328	1329	1328	1328	1328	1328	1328	1328	1328	1328	1328	1328	1329	1328	1329	1329	1329	1328	1330	1329	1330	1329	1329	1329	1328	1329	1329	1329	1329	1328	1329	1328	1328	1328
2661	302030	1329	1329	1329	1328	1329	1329	1329	1329	1329	1329	1329	1329	1328	1329	1329	1329	1330	1329	1329	1329	1330	1329	1330	1330	1329	1330	1329	1329	1329	1329	1330	1329	1329	1329	1330	1330	1331	1330	1330	1329	1329	1330	1329	1330	1329	1330	1329	1329	1330	1330	1330	1330	1330	1330	1329	1329	1330	1329	1330	1330	1330	1329	1329	1329	1329	1330	1329	1329	1330	1329	1330	1329	1329	1329	1329	1329	1329	1329	1329	1329	1328	1329	1329	1329	1329	1329	1329	1330	1329	1329	1329	1329	1329	1331	1329	1329	1329	1329	1329	1329	1329	1329	1329	1329	1329	1328	1329	1329	1328	1328	1328	1329	1328	1329	1329	1329	1329	1329	1330	1328	1329	1330	1329	1330	1330	1329	1330	1329
2662	302523	1330	1329	1330	1330	1329	1330	1330	1329	1330	1329	1329	1330	1330	1330	1330	1329	1330	1330	1330	1329	1330	1330	1330	1330	1330	1330	1330	1330	1328	1330	1330	1330	1330	1329	1329	1330	1329	1330	1329	1330	1330	1329	1330	1330	1329	1330	1330	1330	1330	1330	1330	1329	1330	1329	1330	1329	1329	1330	1329	1329	1330	1329	1330	1329	1330	1330	1329	1330	1329	1330	1330	1331	1330	1329	1330	1330	1330	1329	1330	1330	1329	1329	1330	1329	1330	1329	1329	1330	1329	1330	1330	1330	1329	1330	1329	1329	1330	1329	1330	1330	1329	1330	1329	1330	1330	1330	1330	1329	1330	1329	1330	1329	1329	1329	1330	1329	1330	1329	1330	1329	1330	1330	1329	1330	1330	1330	1329	1329
2663	303015	1331	1330	1330	1330	1331	1330	1330	1330	1330	1330	1330	1331	1330	1330	1330	1330	1330	1330	1331	1330	1330	1330	1329	1330	1329	1330	1330	1329	1330	1330	1330	1331	1330	1331	1330	1330	1330	1330	1329	1330	1331	1330	1330	1331	1330	1330	1330	1330	1330	1330	1331	1331	1331	1330	1331	1331	1331	1332	1330	1330	1330	1330	1331	1330	1330	1330	1330	1330	1329	1330	1330	1330	1330	1330	1330	1330	1329	1331	1330	1331	1331	1330	1330	1330	1330	1330	1330	1331	1330	1329	1330	1330	1330	1330	1329	1330	1330	1330	1330	1330	1330	1330	1330	1330	1330	1330	1330	1329	1330	1330	1330	1330	1330	1329	1333	1330	1329	1330	1329	1330	1330	1330	1330	1330	1331	1330	1330	1330
2664	303507	1330	1330	1330	1331	1331	1331	1331	1331	1331	1331	1331	1331	1331	1331	1331	1331	1331	1331	1331	1331	1331	1331	1331	1331	1331	1331	1331	1331	1331	1331	1331	1331	1331	1331	1331	1331	1331	1331	1331	1330	1330	1331	1331	1331	1331	1331	1331	1331	1330	1330	1331	1330	1331	1331	1331	1330	1331	1331	1331	1331	1331	1330	1331	1331	1331	1331	1330	1331	1330	1331	1331	1330	1331	1330	1331	1330	1331	1331	1331	1331	1331	1331	1331	1331	1331	1331	1331	1331	1331	1331	1331	1331	1330	1330	1331	1331	1330	1331	1331	1331	1331	1331	1331	1331	1331	1331	1331	1331	1331	1331	1331	1331	1331	1331	1331	1331	1331	1330	1331	1331	1331	1331	1331	1331	1331	1331	1331	1331
2665	304000	1330	1330	1331	1331	1331	1330	1331	1331	1331	1331	1331	1331	1331	1331	1331	1331	1331	1331	1332	1331	1331	1332	1331	1332	1331	1331	1331	1331	1332	1331	1331	1331	1331	1331	1331	1331	1331	1331	1331	1331	1331	1331	1331	1332	1331	1331	1331	1332	1332	1331	1332	1331	1331	1332	1331	1331	1331	1331	1330	1330	1330	1331	1331	1331	1330	1331	1331	1331	1331	1330	1331	1331	1331	1330	1331	1332	1332	1331	1331	1332	1331	1331	1331	1333	1332	1331	1331	1331	1331	1331	1331	1331	1331	1330	1331	1331	1331	1332	1331	1331	1331	1331	1331	1331	1331	1331	1331	1331	1331	1331	1331	1331	1331	1330	1331	1331	1331	1331	1331	1331	1331	1331	1331	1330	1331	1331	1331	1331
2666	304492	1332	1332	1332	1332	1332	1332	1332	1332	1332	1332	1332	1331	1332	1333	1332	1332	1332	1332	1332	1332	1331	1332	1332	1331	1332	1332	1332	1332	1332	1332	1332	1332	1333	1332	1333	1331	1331	1331	1331	1332	1331	1332	1332	1332	1332	1332	1331	1332	1331	1333	1331	1331	1331	1332	1332	1331	1331	1332	1332	1332	1331	1332	1331	1332	1332	1331	1331	1331	1331	1332	1332	1332	1331	1332	1331	1332	1331	1331	1332	1332	1331	1332	1332	1332	1332	1332	1332	1332	1332	1332	1332	1332	1332	1331	1331	1331	1331	1332	1332	1332	1331	1332	1332	1332	1331	1332	1332	1332	1332	1332	1332	1332	1332	1331	1332	1331	1332	1331	1331	1332	1332	1331	1332	1331	1332	1332	1332	1332
2667	304984	1333	1333	1333	1332	1333	1332	1331	1332	1332	1333	1332	1333	1332	1333	1333	1333	1333	1332	1333	1333	1333	1333	1332	1332	1332	1332	1332	1332	1332	1333	1332	1332	1332	1332	1332	1332	1332	1331	1332	1332	1332	1332	1332	1333	1332	1333	1332	1332	1333	1332	1333	1332	1332	1332	1332	1333	1332	1332	1332	1332	1333	1332	1333	1332	1333	1333	1332	1332	1333	1332	1333	1332	1332	1332	1332	1333	1332	1332	1332	1332	1331	1332	1332	1332	1332	1332	1331	1332	1332	1333	1333	1332	1332	1332	1332	1332	1332	1332	1332	1330	1332	1333	1332	1332	1332	1332	1331	1332	1332	1333	1332	1332	1332	1331	1332	1332	1332	1332	1332	1332	1332	1332	1333	1332	1332	1332	1332	1333
2668	305476	1332	1332	1333	1332	1332	1333	1332	1333	1332	1333	1333	1333	1333	1332	1332	1332	1332	1332	1332	1333	1333	1332	1333	1333	1332	1333	1333	1333	1333	1333	1333	1333	1332	1333	1333	1333	1333	1333	1333	1333	1333	1334	1333	1333	1333	1333	1333	1333	1332	1333	1333	1333	1333	1333	1333	1333	1333	1332	1333	1333	1333	1332	1333	1333	1333	1333	1333	1333	1332	1333	1333	1333	1332	1333	1332	1331	1331	1332	1332	1332	1333	1332	1333	1332	1333	1332	1332	1333	1332	1332	1332	1332	1332	1332	1333	1332	1332	1332	1333	1332	1333	1332	1333	1333	1333	1333	1332	1332	1332	1332	1333	1332	1333	1333	1333	1333	1333	1333	1332	1333	1333	1332	1333	1332	1333	1333	1333	1334
2669	305969	1333	1333	1333	1333	1333	1333	1332	1334	1333	1332	1333	1333	1333	1333	1333	1333	1333	1333	1333	1333	1333	1334	1334	1332	1333	1333	1333	1332	1333	1333	1333	1333	1333	1333	1333	1332	1333	1333	1332	1333	1332	1332	1332	1332	1333	1332	1333	1332	1332	1333	1332	1333	1333	1333	1333	1333	1333	1333	1334	1333	1332	1334	1333	1333	1333	1334	1333	1334	1333	1333	1333	1333	1333	1333	1333	1333	1332	1333	1333	1332	1333	1334	1333	1333	1333	1333	1334	1333	1333	1333	1333	1333	1333	1333	1333	1333	1333	1333	1333	1334	1333	1334	1333	1334	1333	1334	1334	1333	1334	1334	1334	1334	1332	1334	1334	1333	1334	1333	1333	1333	1333	1333	1333	1333	1333	1334	1333	1333
2670	306461	1334	1334	1334	1335	1334	1334	1334	1333	1334	1334	1334	1334	1333	1334	1333	1333	1334	1333	1334	1333	1333	1334	1333	1333	1333	1333	1333	1333	1333	1333	1333	1333	1332	1333	1333	1333	1334	1333	1334	1334	1334	1334	1333	1334	1334	1334	1334	1334	1333	1334	1334	1334	1333	1334	1334	1334	1334	1334	1334	1334	1334	1334	1334	1334	1334	1334	1334	1335	1334	1334	1334	1334	1334	1334	1334	1334	1333	1333	1334	1332	1335	1334	1334	1334	1334	1334	1334	1334	1335	1334	1334	1334	1334	1333	1333	1333	1333	1333	1333	1333	1333	1333	1333	1333	1333	1333	1333	1334	1333	1333	1333	1334	1332	1334	1334	1333	1334	1334	1333	1334	1333	1334	1333	1333	1334	1333	1334	1334
2671	306953	1335	1334	1334	1334	1334	1334	1334	1334	1334	1335	1334	1334	1334	1334	1335	1334	1335	1334	1334	1335	1334	1334	1334	1334	1334	1335	1335	1334	1334	1334	1334	1334	1333	1334	1334	1334	1334	1334	1334	1334	1334	1334	1333	1334	1333	1334	1335	1333	1334	1333	1334	1334	1334	1334	1333	1334	1334	1334	1334	1334	1335	1334	1334	1334	1334	1334	1334	1335	1334	1334	1335	1334	1335	1334	1334	1335	1334	1334	1333	1334	1335	1334	1334	1334	1334	1334	1334	1334	1334	1334	1334	1334	1334	1334	1335	1335	1334	1335	1334	1335	1334	1334	1334	1335	1334	1333	1335	1334	1334	1334	1334	1335	1334	1335	1334	1334	1335	1334	1334	1334	1334	1334	1334	1334	1334	1333	1334	1335
2672	307446	1335	1335	1335	1334	1335	1334	1335	1335	1334	1334	1333	1334	1334	1334	1334	1334	1334	1335	1335	1334	1334	1334	1334	1334	1334	1334	1334	1333	1335	1334	1334	1335	1335	1335	1335	1334	1335	1335	1335	1335	1334	1335	1334	1334	1334	1335	1337	1335	1335	1335	1335	1335	1335	1335	1336	1335	1335	1335	1335	1335	1334	1335	1335	1335	1335	1334	1335	1334	1334	1334	1335	1334	1335	1335	1335	1335	1335	1335	1335	1334	1335	1335	1334	1335	1335	1334	1334	1334	1334	1335	1335	1334	1335	1334	1335	1335	1335	1334	1334	1335	1334	1334	1335	1334	1334	1334	1334	1334	1335	1335	1335	1334	1335	1335	1335	1334	1334	1335	1334	1334	1334	1335	1334	1334	1335	1335	1335	1335
2673	307938	1335	1335	1335	1335	1335	1336	1335	1335	1336	1335	1336	1335	1335	1335	1335	1335	1335	1335	1334	1334	1335	1335	1335	1335	1334	1336	1335	1335	1335	1334	1335	1335	1335	1335	1335	1335	1335	1335	1335	1335	1335	1335	1335	1335	1335	1335	1335	1335	1336	1335	1336	1336	1335	1335	1335	1336	1335	1335	1335	1335	1336	1335	1335	1335	1335	1335	1335	1336	1336	1335	1336	1335	1335	1335	1335	1335	1335	1335	1335	1335	1336	1335	1335	1336	1335	1335	1334	1336	1335	1335	1335	1335	1335	1335	1335	1335	1335	1335	1335	1335	1335	1335	1335	1335	1335	1335	1335	1335	1335	1336	1335	1335	1335	1336	1335	1336	1335	1335	1335	1335	1335	1334	1335	1335	1336	1335	1335	1336
2674	308430	1336	1335	1335	1335	1335	1336	1336	1336	1336	1336	1336	1336	1336	1336	1336	1336	1336	1336	1336	1336	1336	1335	1336	1335	1336	1335	1336	1335	1335	1335	1335	1335	1335	1335	1336	1335	1335	1335	1336	1335	1336	1335	1335	1335	1335	1335	1336	1335	1335	1335	1335	1335	1335	1336	1336	1335	1335	1335	1336	1336	1335	1335	1336	1336	1336	1336	1336	1336	1335	1336	1336	1336	1336	1336	1336	1336	1336	1336	1336	1336	1336	1336	1335	1336	1335	1335	1336	1336	1336	1334	1336	1336	1336	1336	1335	1335	1336	1336	1336	1335	1335	1336	1336	1335	1335	1335	1335	1336	1335	1335	1335	1335	1335	1335	1335	1335	1334	1335	1334	1335	1335	1335	1335	1334	1335	1335	1335	1336
2675	308923	1336	1336	1336	1336	1336	1336	1336	1335	1337	1336	1336	1336	1336	1336	1336	1336	1336	1336	1336	1336	1336	1336	1336	1336	1337	1336	1335	1336	1336	1336	1336	1336	1336	1336	1336	1336	1336	1336	1336	1336	1336	1336	1336	1336	1335	1336	1336	1336	1335	1336	1336	1335	1336	1336	1335	1336	1336	1336	1336	1336	1336	1336	1336	1336	1335	1336	1336	1337	1336	1335	1336	1336	1336	1336	1336	1337	1336	1336	1336	1336	1336	1337	1336	1337	1336	1337	1336	1336	1336	1336	1336	1336	1336	1336	1335	1336	1336	1336	1336	1336	1335	1335	1336	1335	1336	1336	1336	1336	1336	1335	1336	1336	1336	1335	1335	1336	1335	1336	1335	1335	1336	1335	1336	1336	1337	1336	1336	1336
2676	309415	1337	1336	1336	1336	1336	1337	1336	1337	1337	1337	1337	1337	1338	1337	1337	1337	1337	1338	1337	1337	1337	1337	1336	1336	1337	1337	1337	1337	1335	1337	1337	1337	1337	1337	1337	1337	1337	1336	1337	1337	1337	1337	1337	1337	1337	1336	1337	1337	1336	1336	1336	1336	1335	1336	1337	1336	1336	1337	1337	1336	1336	1336	1336	1337	1337	1337	1336	1336	1337	1336	1337	1337	1336	1337	1337	1336	1336	1336	1336	1336	1337	1336	1336	1337	1336	1336	1336	1336	1336	1337	1337	1336	1337	1336	1337	1337	1336	1336	1337	1337	1337	1337	1337	1336	1339	1336	1337	1337	1336	1337	1337	1337	1337	1337	1337	1337	1337	1337	1336	1337	1336	1336	1336	1337	1336	1336	1336	1336
2677	309907	1338	1338	1337	1337	1337	1337	1338	1337	1338	1337	1337	1336	1337	1337	1338	1338	1338	1337	1337	1337	1338	1339	1337	1337	1338	1337	1337	1337	1337	1336	1337	1337	1337	1337	1337	1337	1337	1337	1337	1337	1336	1337	1337	1337	1336	1337	1336	1337	1336	1337	1337	1337	1337	1337	1337	1337	1337	1337	1336	1337	1337	1337	1337	1336	1337	1336	1337	1337	1337	1337	1336	1337	1337	1337	1337	1337	1337	1337	1337	1337	1336	1338	1337	1337	1337	1336	1337	1336	1337	1337	1336	1337	1337	1337	1337	1337	1337	1335	1337	1337	1337	1336	1336	1337	1337	1337	1336	1337	1337	1337	1336	1336	1336	1337	1336	1337	1336	1336	1337	1338	1337	1337	1337	1338	1337	1337	1337	1337
2678	310400	1338	1337	1338	1338	1338	1338	1337	1338	1338	1338	1338	1337	1337	1337	1337	1337	1337	1338	1338	1338	1337	1337	1337	1338	1338	1337	1337	1337	1338	1338	1337	1337	1337	1337	1338	1337	1337	1338	1337	1338	1337	1338	1338	1338	1338	1338	1338	1338	1337	1338	1337	1337	1338	1338	1338	1338	1338	1338	1338	1338	1338	1338	1338	1338	1338	1338	1338	1338	1339	1338	1338	1338	1337	1338	1337	1338	1337	1337	1337	1337	1338	1338	1337	1338	1337	1338	1338	1338	1338	1337	1338	1338	1337	1337	1337	1337	1338	1336	1337	1337	1338	1338	1337	1338	1338	1338	1338	1338	1338	1337	1337	1338	1338	1337	1338	1337	1338	1338	1338	1337	1338	1338	1337	1337	1338	1338	1338	1337
2679	310892	1338	1338	1339	1338	1339	1337	1338	1338	1338	1338	1337	1338	1338	1337	1338	1338	1338	1338	1338	1338	1338	1338	1338	1338	1338	1339	1338	1338	1338	1338	1338	1338	1338	1338	1338	1338	1338	1337	1338	1337	1338	1338	1337	1338	1337	1338	1338	1337	1338	1338	1339	1337	1339	1338	1338	1338	1339	1338	1337	1338	1338	1338	1338	1338	1338	1337	1338	1338	1338	1338	1338	1338	1338	1338	1338	1338	1338	1338	1339	1337	1338	1338	1338	1337	1337	1338	1338	1338	1339	1338	1338	1339	1338	1338	1338	1338	1338	1339	1338	1338	1338	1337	1338	1338	1338	1339	1338	1339	1338	1338	1337	1338	1339	1338	1338	1338	1338	1338	1337	1338	1337	1338	1338	1338	1338	1339	1338	1339
2680	311384	1339	1339	1339	1339	1339	1339	1339	1339	1339	1339	1339	1339	1339	1339	1339	1339	1339	1339	1338	1339	1338	1339	1339	1338	1338	1338	1339	1338	1337	1338	1338	1339	1339	1338	1338	1338	1338	1339	1338	1338	1339	1339	1339	1338	1339	1338	1339	1339	1338	1338	1338	1338	1338	1338	1339	1338	1338	1338	1339	1339	1339	1339	1338	1338	1339	1339	1339	1338	1339	1338	1338	1339	1338	1339	1339	1340	1339	1339	1340	1339	1339	1339	1339	1340	1339	1337	1339	1338	1339	1339	1339	1338	1338	1339	1339	1338	1338	1339	1339	1338	1339	1338	1338	1338	1339	1338	1339	1338	1338	1337	1338	1338	1338	1338	1338	1338	1338	1338	1338	1337	1338	1338	1338	1337	1337	1338	1338	1337
2681	311876	1339	1339	1339	1339	1340	1339	1339	1339	1339	1339	1339	1339	1339	1338	1338	1339	1339	1339	1339	1339	1338	1339	1339	1338	1339	1339	1339	1339	1339	1338	1339	1338	1339	1339	1338	1338	1339	1339	1339	1339	1339	1339	1339	1339	1339	1339	1339	1338	1339	1339	1339	1339	1340	1339	1339	1340	1340	1339	1340	1339	1339	1339	1339	1339	1339	1339	1340	1339	1339	1339	1340	1339	1339	1339	1339	1338	1339	1339	1339	1339	1339	1339	1339	1339	1339	1339	1339	1340	1339	1340	1340	1339	1339	1339	1339	1339	1339	1339	1339	1340	1338	1339	1340	1339	1339	1339	1339	1339	1339	1339	1339	1339	1339	1339	1339	1339	1339	1339	1338	1339	1339	1338	1339	1339	1339	1339	1339	1339
2682	312369	1340	1340	1340	1339	1340	1339	1339	1339	1339	1339	1339	1340	1338	1339	1339	1339	1340	1340	1340	1340	1340	1340	1340	1339	1340	1340	1340	1340	1340	1339	1339	1339	1340	1339	1339	1340	1339	1341	1339	1340	1340	1340	1340	1340	1340	1340	1340	1340	1340	1340	1340	1339	1340	1340	1340	1340	1340	1340	1340	1340	1340	1339	1340	1339	1340	1340	1340	1340	1339	1339	1339	1340	1339	1340	1339	1340	1339	1339	1339	1339	1339	1340	1340	1340	1340	1340	1340	1340	1340	1339	1340	1340	1339	1340	1340	1340	1340	1340	1340	1339	1340	1339	1339	1340	1339	1340	1340	1340	1340	1340	1340	1340	1340	1339	1340	1340	1340	1340	1339	1340	1340	1340	1340	1340	1340	1340	1340	1340
2683	312861	1339	1339	1340	1339	1340	1340	1339	1340	1339	1340	1340	1341	1340	1340	1340	1340	1341	1341	1339	1340	1340	1340	1340	1340	1340	1340	1341	1340	1340	1340	1340	1341	1339	1340	1340	1340	1340	1340	1340	1340	1340	1341	1340	1340	1341	1340	1341	1339	1340	1341	1340	1340	1340	1340	1340	1340	1340	1340	1339	1339	1339	1340	1340	1338	1340	1339	1340	1340	1339	1340	1340	1340	1340	1340	1340	1340	1340	1340	1340	1340	1341	1340	1341	1339	1340	1340	1341	1340	1340	1340	1340	1340	1340	1341	1340	1341	1341	1340	1340	1340	1341	1341	1340	1340	1340	1340	1340	1340	1340	1340	1340	1340	1340	1340	1340	1340	1340	1340	1341	1340	1339	1340	1340	1340	1340	1340	1338	1340
2684	313353	1340	1341	1341	1341	1341	1340	1341	1341	1340	1341	1341	1341	1342	1341	1341	1340	1341	1341	1341	1341	1340	1341	1341	1341	1341	1341	1341	1341	1341	1341	1341	1341	1341	1341	1341	1341	1341	1340	1340	1340	1340	1340	1341	1340	1339	1340	1340	1340	1340	1340	1340	1340	1340	1340	1340	1340	1339	1339	1340	1340	1340	1340	1341	1340	1340	1340	1340	1341	1340	1341	1340	1340	1341	1340	1341	1340	1341	1341	1340	1341	1341	1341	1341	1341	1341	1340	1340	1341	1340	1340	1340	1341	1341	1341	1340	1341	1340	1340	1341	1340	1340	1340	1340	1340	1340	1340	1340	1340	1340	1341	1340	1340	1340	1341	1340	1340	1340	1340	1340	1340	1339	1340	1340	1339	1340	1340	1340	1340
2685	313846	1340	1340	1341	1341	1340	1341	1341	1341	1340	1341	1340	1340	1341	1340	1341	1341	1340	1341	1340	1341	1341	1341	1342	1340	1340	1340	1340	1342	1341	1342	1341	1341	1341	1341	1342	1341	1342	1342	1341	1342	1341	1341	1341	1341	1341	1341	1341	1341	1342	1342	1341	1341	1341	1341	1342	1341	1341	1342	1341	1341	1341	1342	1341	1341	1341	1341	1341	1340	1341	1341	1341	1341	1341	1340	1341	1341	1341	1341	1341	1341	1341	1341	1341	1341	1341	1341	1341	1341	1341	1340	1341	1341	1340	1340	1340	1340	1341	1340	1340	1341	1341	1341	1341	1340	1341	1341	1341	1341	1341	1340	1341	1342	1342	1341	1342	1341	1341	1341	1341	1341	1342	1340	1341	1341	1341	1342	1341	1342
2686	314338	1341	1341	1342	1341	1341	1341	1341	1342	1342	1341	1342	1341	1342	1342	1342	1342	1341	1342	1341	1342	1342	1341	1342	1341	1342	1342	1342	1341	1341	1341	1341	1341	1341	1340	1341	1341	1341	1341	1341	1341	1341	1341	1341	1340	1341	1342	1342	1341	1340	1341	1341	1341	1342	1341	1342	1340	1342	1342	1342	1342	1341	1342	1342	1341	1342	1342	1342	1342	1341	1341	1341	1343	1341	1340	1341	1341	1341	1342	1341	1341	1341	1341	1341	1341	1341	1341	1341	1341	1341	1341	1341	1342	1342	1342	1341	1342	1342	1342	1342	1341	1342	1342	1341	1342	1341	1341	1339	1341	1341	1339	1342	1341	1341	1341	1342	1341	1342	1341	1341	1341	1341	1341	1341	1341	1340	1341	1340	1341
2687	314830	1340	1342	1341	1341	1342	1342	1342	1342	1342	1342	1342	1342	1343	1342	1342	1342	1343	1342	1342	1343	1342	1342	1343	1343	1342	1343	1343	1342	1341	1342	1342	1342	1342	1341	1341	1342	1342	1342	1344	1342	1343	1342	1343	1342	1342	1341	1341	1342	1342	1341	1342	1341	1342	1341	1342	1342	1341	1340	1342	1342	1342	1341	1343	1342	1342	1341	1342	1343	1342	1343	1342	1342	1342	1342	1342	1342	1342	1341	1342	1342	1342	1342	1342	1342	1343	1342	1343	1342	1343	1343	1342	1342	1342	1342	1342	1343	1342	1343	1343	1342	1342	1342	1341	1342	1342	1342	1342	1341	1342	1342	1342	1342	1342	1343	1340	1342	1342	1342	1342	1342	1342	1343	1341	1342	1342	1342	1343	1341
2688	315323	1343	1343	1343	1342	1342	1342	1342	1342	1341	1342	1342	1342	1342	1342	1343	1343	1343	1342	1342	1342	1342	1343	1342	1342	1343	1342	1342	1342	1342	1343	1343	1343	1343	1342	1342	1342	1342	1342	1343	1343	1343	1343	1343	1343	1342	1343	1342	1343	1343	1343	1343	1343	1342	1342	1343	1343	1343	1342	1343	1342	1343	1342	1343	1343	1342	1342	1342	1343	1342	1342	1343	1342	1342	1343	1342	1342	1342	1342	1342	1342	1341	1342	1341	1342	1342	1341	1342	1342	1341	1342	1341	1342	1342	1342	1342	1342	1342	1342	1342	1342	1342	1343	1342	1342	1342	1342	1342	1342	1342	1342	1342	1342	1342	1342	1342	1342	1342	1343	1342	1343	1342	1342	1343	1343	1343	1343	1343	1343
2689	315815	1343	1343	1344	1343	1344	1343	1343	1343	1343	1344	1343	1343	1343	1343	1343	1343	1344	1343	1343	1344	1342	1343	1343	1344	1343	1343	1343	1343	1344	1344	1344	1344	1344	1343	1344	1343	1344	1343	1344	1343	1343	1344	1343	1343	1343	1344	1343	1343	1344	1344	1344	1342	1344	1343	1343	1344	1343	1343	1344	1344	1344	1343	1343	1344	1342	1343	1343	1343	1343	1343	1343	1342	1343	1343	1343	1343	1343	1343	1343	1343	1343	1343	1343	1343	1343	1343	1343	1343	1343	1343	1343	1343	1343	1342	1342	1342	1343	1343	1343	1343	1343	1343	1343	1343	1343	1343	1343	1343	1343	1342	1343	1343	1343	1343	1343	1343	1343	1343	1343	1342	1343	1342	1344	1342	1343	1343	1343	1343
2690	316307	1344	1344	1344	1344	1344	1343	1344	1344	1344	1343	1343	1343	1343	1343	1343	1343	1343	1344	1343	1343	1343	1344	1343	1343	1343	1343	1344	1344	1344	1344	1344	1343	1343	1344	1344	1343	1343	1344	1343	1344	1344	1344	1344	1344	1344	1344	1343	1344	1344	1343	1344	1344	1344	1344	1344	1344	1345	1344	1345	1344	1344	1344	1344	1344	1343	1344	1344	1344	1344	1343	1344	1343	1344	1344	1343	1344	1343	1344	1343	1343	1343	1343	1343	1343	1343	1343	1343	1343	1343	1343	1342	1343	1343	1343	1343	1343	1343	1343	1343	1344	1342	1343	1343	1343	1344	1344	1344	1344	1344	1345	1344	1344	1344	1344	1344	1344	1344	1344	1344	1344	1344	1344	1344	1344	1343	1344	1344	1343
2691	316800	1344	1344	1344	1344	1344	1344	1344	1343	1344	1344	1344	1344	1344	1343	1345	1343	1344	1343	1344	1344	1344	1344	1344	1344	1344	1343	1344	1344	1344	1344	1344	1344	1343	1341	1344	1343	1343	1343	1344	1344	1343	1344	1344	1344	1344	1344	1344	1343	1344	1344	1344	1344	1345	1344	1344	1344	1344	1344	1344	1344	1344	1344	1344	1344	1344	1345	1345	1345	1345	1344	1344	1344	1344	1344	1344	1344	1344	1344	1345	1344	1344	1344	1344	1344	1344	1345	1344	1344	1344	1344	1343	1344	1344	1344	1344	1344	1344	1344	1344	1344	1344	1344	1343	1344	1344	1344	1344	1344	1344	1345	1344	1344	1345	1344	1343	1344	1344	1344	1345	1344	1344	1344	1344	1344	1344	1344	1344	1344
2692	317292	1344	1344	1344	1345	1344	1344	1344	1344	1345	1344	1344	1345	1345	1344	1344	1344	1344	1344	1344	1344	1344	1344	1345	1344	1344	1344	1344	1345	1344	1344	1344	1344	1344	1344	1344	1344	1344	1345	1344	1344	1344	1344	1345	1344	1345	1345	1345	1345	1345	1345	1344	1345	1345	1345	1344	1344	1345	1345	1344	1344	1344	1345	1345	1345	1344	1344	1345	1345	1344	1345	1344	1345	1344	1345	1344	1344	1344	1344	1345	1344	1344	1344	1344	1345	1344	1344	1343	1344	1345	1344	1344	1345	1344	1345	1344	1345	1345	1345	1345	1345	1344	1344	1345	1345	1344	1345	1344	1344	1344	1345	1345	1345	1345	1345	1345	1345	1345	1346	1344	1344	1345	1346	1345	1345	1345	1345	1345	1345
2693	317784	1344	1344	1344	1344	1345	1345	1344	1344	1344	1345	1344	1344	1345	1344	1344	1345	1345	1345	1345	1344	1344	1345	1345	1345	1345	1345	1345	1345	1345	1345	1345	1345	1345	1345	1345	1345	1346	1345	1345	1345	1345	1345	1345	1345	1345	1345	1345	1344	1345	1345	1344	1345	1344	1345	1345	1345	1345	1344	1345	1345	1345	1345	1345	1345	1345	1344	1346	1344	1344	1345	1344	1344	1344	1344	1344	1344	1345	1345	1344	1344	1345	1345	1345	1345	1345	1345	1345	1345	1344	1344	1345	1345	1345	1345	1345	1345	1345	1345	1345	1345	1345	1345	1345	1346	1345	1345	1345	1346	1346	1348	1345	1345	1346	1345	1345	1346	1345	1345	1345	1345	1345	1345	1345	1345	1344	1344	1344	1344
2694	318276	1345	1345	1345	1345	1345	1345	1345	1345	1346	1345	1345	1346	1345	1346	1345	1346	1346	1346	1346	1346	1346	1346	1346	1345	1346	1345	1346	1346	1345	1346	1345	1346	1345	1346	1345	1345	1346	1346	1346	1346	1346	1345	1346	1346	1345	1345	1345	1345	1346	1345	1345	1345	1345	1345	1345	1346	1345	1345	1345	1345	1346	1345	1345	1345	1345	1345	1345	1346	1346	1346	1346	1345	1346	1346	1346	1346	1346	1346	1346	1346	1346	1345	1346	1346	1346	1346	1345	1346	1346	1346	1346	1346	1346	1346	1346	1346	1346	1346	1345	1346	1346	1346	1346	1345	1346	1344	1345	1345	1346	1345	1345	1346	1345	1345	1346	1346	1346	1346	1346	1346	1345	1346	1345	1345	1345	1345	1346	1345
2695	318769	1345	1346	1346	1346	1346	1345	1346	1346	1346	1347	1346	1347	1346	1347	1347	1347	1347	1346	1346	1346	1346	1346	1347	1346	1346	1346	1346	1346	1347	1346	1346	1346	1346	1346	1346	1346	1346	1345	1346	1346	1346	1346	1346	1346	1346	1345	1347	1346	1346	1346	1345	1344	1346	1346	1346	1345	1346	1346	1346	1346	1346	1346	1346	1345	1345	1346	1346	1346	1346	1346	1346	1346	1346	1346	1346	1345	1345	1345	1346	1346	1346	1346	1346	1345	1346	1346	1346	1346	1347	1347	1346	1346	1347	1347	1346	1346	1346	1346	1346	1346	1346	1346	1346	1346	1346	1346	1346	1346	1346	1347	1346	1346	1347	1346	1347	1347	1346	1347	1346	1346	1346	1346	1345	1345	1346	1346	1346	1346
2696	319261	1346	1347	1346	1346	1346	1346	1347	1346	1346	1347	1346	1346	1346	1347	1345	1346	1346	1346	1346	1346	1346	1346	1346	1346	1346	1346	1346	1346	1346	1346	1348	1346	1346	1346	1347	1346	1346	1346	1346	1346	1346	1346	1345	1346	1346	1346	1346	1346	1346	1345	1346	1346	1347	1346	1347	1346	1346	1346	1347	1347	1347	1347	1346	1346	1347	1346	1346	1346	1345	1346	1346	1346	1346	1346	1346	1346	1346	1346	1346	1345	1347	1346	1346	1347	1346	1347	1346	1346	1346	1346	1346	1346	1346	1346	1346	1346	1346	1346	1346	1346	1346	1346	1346	1346	1346	1346	1344	1347	1346	1346	1346	1347	1347	1347	1347	1347	1347	1348	1346	1347	1347	1347	1347	1346	1347	1348	1347	1347
2697	319753	1347	1347	1347	1347	1347	1347	1347	1347	1346	1347	1347	1347	1347	1347	1347	1347	1348	1347	1347	1347	1346	1347	1347	1347	1347	1347	1347	1347	1348	1347	1347	1347	1348	1347	1347	1347	1347	1348	1347	1347	1347	1347	1348	1347	1348	1348	1347	1348	1347	1347	1347	1347	1347	1347	1347	1347	1347	1347	1347	1347	1347	1347	1347	1347	1347	1347	1347	1347	1347	1348	1347	1347	1347	1347	1347	1347	1347	1347	1347	1347	1347	1347	1347	1346	1347	1347	1347	1346	1346	1346	1347	1347	1346	1347	1347	1347	1347	1346	1347	1346	1347	1347	1346	1347	1346	1347	1347	1348	1347	1346	1347	1347	1347	1347	1347	1347	1347	1347	1347	1347	1347	1346	1347	1347	1347	1347	1348	1348
2698	320246	1348	1347	1348	1348	1347	1348	1347	1348	1347	1347	1347	1347	1347	1347	1348	1348	1347	1348	1348	1347	1348	1348	1348	1347	1347	1347	1347	1347	1347	1348	1347	1346	1347	1348	1347	1347	1347	1348	1348	1348	1346	1347	1347	1348	1347	1347	1347	1347	1347	1347	1347	1347	1347	1347	1347	1347	1347	1347	1348	1348	1347	1347	1347	1348	1348	1348	1348	1348	1348	1347	1348	1347	1348	1348	1348	1348	1347	1348	1348	1348	1347	1348	1348	1347	1348	1347	1348	1348	1347	1347	1347	1347	1347	1348	1347	1347	1348	1346	1348	1347	1347	1348	1347	1347	1346	1347	1347	1346	1347	1346	1347	1348	1347	1347	1347	1348	1350	1347	1347	1347	1347	1347	1347	1347	1347	1347	1347	1347
2699	320738	1348	1348	1348	1348	1348	1348	1348	1348	1348	1347	1348	1347	1348	1348	1347	1347	1347	1347	1348	1347	1348	1348	1348	1348	1347	1347	1348	1348	1348	1347	1348	1347	1348	1348	1348	1348	1348	1348	1348	1348	1348	1347	1348	1348	1347	1347	1347	1347	1348	1347	1348	1348	1349	1347	1348	1349	1349	1349	1348	1348	1348	1348	1348	1348	1347	1348	1348	1349	1348	1349	1349	1349	1349	1348	1348	1348	1349	1348	1348	1348	1348	1348	1348	1349	1349	1348	1348	1348	1348	1347	1347	1348	1347	1348	1348	1348	1348	1348	1347	1348	1348	1348	1347	1348	1347	1347	1348	1347	1348	1348	1348	1348	1347	1347	1348	1347	1348	1347	1347	1347	1347	1348	1347	1348	1348	1348	1348	1348
2700	321230	1348	1349	1349	1349	1349	1349	1348	1349	1349	1349	1349	1348	1348	1349	1348	1349	1349	1349	1349	1348	1349	1348	1349	1349	1348	1348	1348	1348	1348	1348	1349	1348	1348	1349	1348	1349	1348	1348	1348	1348	1348	1347	1348	1348	1348	1348	1348	1348	1348	1348	1348	1348	1348	1348	1348	1348	1348	1348	1348	1348	1348	1348	1348	1348	1349	1348	1349	1348	1348	1349	1348	1348	1348	1348	1349	1348	1348	1349	1348	1349	1348	1349	1348	1348	1349	1349	1349	1349	1349	1349	1348	1349	1349	1349	1349	1349	1348	1349	1349	1348	1349	1349	1348	1349	1349	1349	1349	1349	1349	1350	1348	1348	1348	1349	1349	1348	1348	1348	1349	1348	1348	1349	1348	1349	1348	1348	1349	1348
2701	321723	1349	1349	1348	1349	1349	1349	1348	1349	1349	1349	1349	1349	1349	1349	1349	1348	1348	1348	1350	1349	1349	1348	1349	1349	1349	1349	1349	1350	1349	1350	1349	1350	1349	1349	1349	1349	1349	1348	1349	1349	1349	1349	1350	1349	1349	1350	1349	1350	1350	1349	1350	1350	1350	1349	1349	1349	1349	1349	1349	1349	1349	1349	1349	1349	1349	1348	1349	1349	1350	1349	1349	1349	1349	1349	1349	1350	1349	1349	1348	1348	1348	1348	1349	1348	1349	1348	1348	1348	1348	1349	1349	1349	1349	1349	1348	1349	1349	1350	1348	1349	1349	1349	1349	1349	1349	1348	1348	1349	1348	1349	1349	1348	1349	1349	1349	1349	1350	1350	1349	1349	1349	1350	1349	1350	1350	1350	1350	1350
2702	322215	1350	1349	1350	1350	1350	1350	1350	1350	1349	1350	1351	1350	1349	1350	1349	1351	1349	1350	1349	1350	1350	1349	1350	1350	1350	1350	1349	1350	1350	1350	1350	1350	1350	1350	1351	1350	1349	1350	1349	1350	1349	1350	1350	1350	1349	1349	1349	1350	1349	1349	1349	1349	1349	1349	1350	1350	1350	1350	1349	1350	1350	1350	1349	1349	1350	1349	1350	1349	1349	1349	1349	1349	1349	1349	1350	1349	1350	1350	1349	1349	1350	1349	1350	1349	1349	1350	1349	1349	1349	1349	1349	1349	1350	1349	1349	1349	1349	1349	1349	1349	1349	1349	1350	1349	1349	1349	1349	1349	1350	1349	1350	1350	1350	1349	1349	1349	1349	1349	1349	1349	1349	1349	1349	1349	1348	1349	1349	1350
2703	322707	1349	1349	1349	1348	1349	1350	1350	1350	1350	1349	1350	1350	1350	1349	1350	1349	1350	1350	1350	1350	1349	1350	1350	1350	1350	1350	1349	1350	1350	1349	1350	1349	1350	1350	1350	1350	1349	1350	1350	1351	1350	1351	1350	1351	1351	1350	1350	1351	1350	1350	1351	1351	1350	1351	1350	1350	1350	1350	1351	1350	1350	1350	1350	1351	1351	1351	1350	1350	1349	1350	1350	1350	1350	1350	1350	1349	1350	1350	1350	1350	1350	1349	1350	1350	1350	1350	1350	1350	1349	1350	1350	1350	1350	1350	1350	1350	1350	1350	1349	1349	1350	1350	1349	1350	1350	1350	1350	1348	1351	1349	1350	1350	1350	1351	1350	1350	1351	1350	1350	1350	1350	1350	1350	1351	1350	1351	1351	1351
2704	323200	1350	1350	1351	1350	1350	1350	1350	1350	1350	1351	1350	1350	1350	1350	1350	1351	1350	1351	1349	1350	1350	1350	1351	1351	1351	1351	1350	1351	1350	1351	1350	1350	1351	1350	1351	1351	1351	1352	1350	1351	1351	1351	1351	1351	1351	1350	1351	1351	1351	1351	1350	1350	1350	1350	1350	1351	1351	1350	1350	1350	1351	1351	1350	1351	1350	1350	1350	1351	1351	1350	1350	1350	1350	1350	1351	1349	1350	1350	1350	1350	1351	1350	1350	1350	1350	1350	1350	1349	1350	1350	1350	1350	1350	1350	1352	1350	1350	1350	1351	1350	1350	1350	1350	1351	1350	1351	1350	1350	1350	1350	1350	1351	1350	1350	1351	1350	1350	1351	1350	1350	1350	1350	1351	1350	1351	1351	1350	1351
2705	323692	1351	1351	1351	1351	1351	1351	1351	1351	1351	1351	1351	1351	1351	1351	1352	1351	1351	1351	1351	1351	1351	1352	1351	1351	1350	1351	1351	1351	1351	1351	1351	1351	1352	1351	1351	1351	1352	1352	1351	1351	1351	1351	1352	1351	1351	1351	1351	1351	1351	1351	1351	1350	1350	1350	1351	1351	1351	1351	1350	1351	1351	1351	1351	1351	1351	1351	1351	1351	1351	1351	1350	1351	1350	1351	1350	1350	1351	1351	1351	1351	1351	1352	1350	1350	1351	1351	1351	1351	1351	1352	1352	1352	1351	1352	1351	1351	1351	1350	1351	1351	1351	1351	1351	1351	1351	1352	1351	1352	1351	1351	1351	1350	1351	1350	1351	1351	1351	1351	1351	1351	1351	1351	1351	1351	1351	1351	1351	1350
2706	324184	1351	1350	1351	1352	1351	1351	1352	1351	1352	1351	1351	1352	1352	1352	1351	1351	1351	1351	1351	1351	1351	1351	1351	1352	1351	1351	1351	1351	1352	1351	1352	1351	1351	1351	1351	1351	1351	1351	1351	1351	1351	1351	1351	1351	1351	1351	1351	1351	1351	1351	1352	1352	1351	1352	1351	1352	1352	1351	1351	1351	1351	1351	1351	1351	1351	1351	1351	1350	1351	1351	1351	1351	1350	1350	1350	1350	1350	1351	1351	1351	1351	1352	1351	1351	1351	1351	1352	1351	1351	1351	1351	1351	1351	1351	1351	1351	1351	1351	1351	1350	1351	1351	1351	1351	1351	1351	1351	1351	1351	1351	1351	1352	1351	1352	1351	1351	1352	1352	1351	1351	1351	1351	1352	1351	1351	1351	1352	1351
2707	324676	1352	1352	1353	1352	1352	1352	1352	1352	1351	1352	1351	1352	1351	1352	1351	1352	1352	1352	1352	1352	1351	1352	1352	1352	1352	1352	1352	1351	1352	1352	1351	1352	1351	1352	1352	1352	1352	1352	1352	1352	1351	1352	1352	1352	1352	1351	1352	1352	1352	1352	1352	1352	1351	1351	1352	1352	1352	1352	1352	1352	1352	1352	1352	1352	1352	1352	1352	1352	1352	1351	1352	1352	1351	1352	1353	1352	1351	1352	1352	1351	1352	1352	1352	1352	1352	1351	1351	1351	1352	1351	1352	1351	1352	1352	1351	1352	1352	1351	1352	1351	1352	1352	1352	1352	1352	1352	1351	1352	1352	1352	1352	1352	1352	1352	1354	1352	1352	1352	1351	1352	1351	1352	1352	1352	1352	1351	1352	1352
2708	325169	1352	1352	1353	1352	1352	1352	1353	1352	1352	1353	1353	1352	1352	1352	1352	1351	1352	1352	1352	1352	1351	1352	1353	1352	1352	1352	1352	1352	1352	1351	1351	1352	1352	1352	1351	1352	1352	1352	1352	1353	1351	1351	1352	1352	1352	1351	1352	1351	1352	1352	1352	1352	1353	1352	1353	1352	1352	1353	1352	1352	1352	1353	1352	1353	1352	1353	1353	1354	1352	1352	1352	1352	1352	1352	1352	1353	1352	1352	1352	1351	1352	1352	1352	1353	1352	1353	1351	1352	1352	1352	1353	1351	1352	1353	1353	1353	1352	1353	1353	1353	1353	1353	1353	1353	1352	1352	1353	1352	1353	1353	1352	1352	1352	1353	1353	1353	1353	1352	1352	1353	1353	1352	1353	1352	1355	1352	1352	1352
2709	325661	1353	1353	1353	1353	1353	1352	1352	1353	1353	1353	1352	1353	1352	1353	1353	1353	1353	1352	1352	1352	1352	1352	1352	1353	1353	1352	1353	1353	1353	1352	1353	1353	1353	1353	1353	1353	1354	1353	1353	1353	1353	1353	1353	1353	1353	1353	1353	1354	1353	1353	1354	1353	1353	1353	1353	1354	1353	1354	1353	1354	1353	1353	1354	1353	1353	1353	1353	1354	1353	1353	1353	1353	1353	1353	1353	1353	1353	1353	1353	1353	1352	1353	1352	1353	1353	1352	1352	1352	1353	1352	1352	1353	1352	1352	1353	1352	1353	1352	1352	1352	1353	1353	1353	1353	1352	1353	1353	1352	1352	1352	1352	1352	1352	1353	1353	1353	1353	1353	1353	1353	1354	1353	1353	1354	1353	1353	1354	1353
2710	326153	1353	1353	1353	1353	1352	1353	1354	1354	1354	1353	1353	1353	1353	1353	1353	1353	1353	1353	1352	1353	1353	1352	1353	1353	1353	1353	1353	1353	1352	1353	1353	1353	1353	1353	1353	1353	1353	1352	1352	1352	1354	1352	1353	1352	1353	1353	1353	1353	1354	1353	1353	1353	1353	1353	1353	1353	1352	1352	1353	1353	1353	1353	1353	1353	1353	1353	1354	1354	1354	1353	1355	1353	1353	1354	1354	1354	1353	1353	1353	1353	1353	1353	1353	1353	1353	1354	1353	1353	1353	1353	1353	1353	1354	1353	1354	1353	1353	1353	1354	1355	1353	1353	1353	1353	1352	1353	1353	1353	1352	1352	1353	1353	1353	1353	1353	1353	1353	1353	1353	1353	1354	1353	1353	1353	1353	1354	1353	1353
2711	326646	1356	1354	1354	1353	1353	1354	1354	1354	1353	1353	1354	1353	1354	1354	1354	1354	1353	1353	1353	1353	1353	1354	1353	1354	1354	1353	1354	1353	1354	1354	1354	1354	1353	1354	1354	1353	1354	1354	1353	1353	1353	1354	1353	1354	1354	1353	1354	1354	1354	1354	1355	1353	1354	1353	1354	1353	1354	1355	1354	1353	1353	1353	1353	1353	1353	1354	1353	1353	1353	1353	1353	1354	1353	1353	1354	1354	1352	1354	1354	1354	1353	1354	1354	1354	1354	1353	1354	1353	1354	1354	1354	1354	1354	1354	1354	1354	1354	1354	1355	1354	1354	1354	1353	1355	1354	1354	1354	1354	1355	1354	1354	1354	1354	1354	1352	1354	1354	1354	1354	1355	1354	1354	1354	1354	1355	1354	1355	1354
2712	327138	1355	1355	1355	1354	1355	1355	1355	1355	1354	1355	1355	1355	1355	1355	1354	1355	1354	1355	1355	1354	1354	1354	1354	1354	1355	1355	1355	1354	1354	1354	1354	1354	1354	1353	1354	1353	1354	1354	1354	1355	1354	1355	1354	1354	1355	1355	1354	1354	1355	1355	1355	1356	1354	1354	1355	1354	1355	1354	1355	1355	1355	1355	1354	1354	1354	1354	1355	1354	1354	1355	1354	1355	1354	1354	1354	1355	1355	1355	1354	1354	1354	1354	1355	1354	1354	1354	1354	1355	1354	1354	1354	1355	1355	1354	1354	1355	1354	1355	1354	1355	1354	1354	1355	1355	1354	1355	1355	1355	1354	1354	1354	1354	1355	1354	1354	1354	1354	1354	1355	1355	1355	1354	1355	1355	1354	1355	1355	1355
2713	327630	1354	1354	1356	1355	1355	1355	1354	1355	1354	1354	1354	1354	1355	1354	1354	1354	1354	1354	1354	1354	1354	1354	1354	1354	1354	1353	1354	1354	1355	1355	1355	1354	1354	1354	1355	1355	1355	1355	1355	1355	1355	1354	1355	1355	1354	1355	1354	1355	1355	1355	1355	1355	1355	1355	1356	1355	1356	1355	1355	1354	1355	1355	1355	1355	1355	1355	1355	1355	1355	1354	1355	1355	1355	1354	1355	1354	1355	1354	1354	1355	1354	1355	1354	1354	1354	1353	1355	1354	1355	1354	1354	1354	1354	1355	1355	1354	1354	1354	1354	1354	1353	1355	1353	1355	1354	1354	1354	1354	1355	1354	1356	1355	1355	1356	1355	1355	1354	1355	1355	1355	1355	1355	1354	1355	1355	1356	1355	1355
2714	328123	1355	1355	1355	1356	1355	1356	1355	1355	1356	1356	1356	1355	1355	1355	1355	1356	1355	1355	1355	1355	1355	1355	1356	1356	1355	1356	1355	1355	1356	1356	1356	1355	1355	1356	1355	1356	1356	1356	1355	1356	1356	1355	1356	1356	1355	1355	1355	1355	1356	1355	1355	1356	1356	1355	1355	1356	1355	1355	1355	1355	1355	1355	1355	1355	1355	1355	1355	1355	1355	1355	1355	1354	1355	1355	1355	1355	1355	1355	1355	1355	1357	1355	1355	1356	1355	1356	1355	1355	1356	1355	1355	1356	1356	1356	1355	1356	1356	1356	1356	1356	1356	1356	1356	1356	1356	1359	1356	1356	1356	1356	1356	1357	1357	1356	1356	1356	1356	1357	1356	1356	1356	1356	1356	1355	1356	1356	1356	1356
2715	328615	1355	1356	1356	1356	1356	1356	1356	1356	1356	1356	1356	1356	1356	1356	1356	1356	1356	1356	1356	1355	1356	1356	1356	1356	1356	1355	1356	1356	1356	1355	1356	1356	1355	1356	1356	1356	1356	1356	1356	1355	1355	1356	1356	1356	1355	1356	1356	1355	1356	1355	1356	1356	1355	1356	1355	1356	1356	1355	1355	1355	1356	1356	1356	1356	1355	1356	1356	1356	1355	1356	1356	1355	1356	1356	1355	1356	1356	1356	1356	1356	1355	1355	1355	1355	1356	1356	1355	1356	1356	1356	1356	1356	1356	1356	1356	1356	1355	1356	1356	1356	1356	1355	1356	1356	1356	1355	1356	1356	1356	1356	1356	1356	1357	1356	1356	1356	1356	1357	1356	1356	1356	1355	1357	1356	1356	1356	1356	1356
2716	329107	1356	1357	1356	1357	1357	1357	1356	1356	1356	1357	1357	1356	1356	1355	1358	1356	1356	1357	1357	1356	1356	1357	1356	1357	1357	1357	1356	1356	1357	1356	1356	1357	1357	1357	1356	1356	1357	1356	1357	1356	1356	1356	1357	1356	1356	1356	1357	1357	1357	1357	1356	1356	1356	1356	1356	1356	1356	1357	1356	1356	1357	1356	1356	1357	1356	1356	1356	1356	1356	1356	1356	1356	1357	1356	1356	1356	1356	1357	1356	1356	1356	1356	1356	1356	1356	1355	1355	1356	1356	1356	1355	1356	1356	1356	1356	1357	1357	1356	1356	1357	1357	1357	1357	1356	1356	1357	1357	1357	1356	1358	1356	1356	1356	1356	1356	1356	1356	1356	1356	1357	1357	1357	1357	1357	1357	1356	1356	1356
2717	329600	1357	1357	1357	1357	1358	1357	1357	1358	1357	1357	1357	1357	1358	1357	1358	1357	1357	1357	1357	1358	1358	1357	1357	1357	1357	1357	1357	1357	1357	1356	1357	1357	1357	1357	1357	1357	1357	1357	1357	1357	1357	1357	1357	1357	1357	1357	1357	1357	1357	1357	1357	1358	1356	1357	1357	1358	1357	1357	1357	1357	1357	1358	1357	1357	1357	1357	1357	1356	1356	1356	1356	1357	1357	1357	1357	1358	1357	1357	1357	1357	1357	1357	1357	1357	1357	1357	1357	1357	1356	1357	1357	1357	1358	1356	1357	1357	1357	1358	1357	1357	1357	1356	1357	1357	1357	1357	1357	1357	1356	1357	1356	1356	1357	1356	1356	1356	1356	1357	1356	1357	1357	1357	1357	1356	1356	1356	1356	1356
2718	330092	1357	1357	1356	1357	1356	1357	1357	1356	1357	1357	1357	1357	1357	1357	1357	1357	1357	1357	1356	1357	1356	1357	1357	1356	1356	1357	1357	1358	1357	1357	1357	1358	1358	1357	1358	1358	1358	1358	1356	1358	1357	1357	1358	1358	1357	1358	1358	1357	1358	1358	1358	1358	1358	1358	1358	1358	1358	1359	1358	1358	1358	1358	1357	1358	1357	1357	1357	1356	1357	1357	1357	1357	1357	1357	1358	1358	1356	1357	1358	1357	1357	1358	1357	1357	1357	1357	1357	1357	1357	1358	1357	1358	1357	1357	1358	1356	1357	1357	1357	1357	1357	1358	1358	1358	1358	1358	1357	1358	1357	1358	1358	1357	1357	1357	1359	1357	1357	1357	1357	1357	1358	1357	1357	1358	1357	1357	1357	1357
2719	330584	1357	1358	1358	1358	1358	1359	1358	1358	1358	1358	1358	1358	1358	1358	1359	1358	1358	1358	1358	1358	1358	1359	1358	1358	1359	1359	1359	1358	1359	1358	1358	1358	1358	1358	1358	1358	1358	1357	1358	1358	1358	1358	1358	1358	1358	1358	1359	1358	1357	1358	1358	1358	1357	1358	1358	1358	1358	1357	1358	1357	1357	1358	1357	1358	1358	1357	1358	1357	1358	1357	1357	1358	1358	1358	1358	1358	1358	1357	1359	1358	1358	1358	1358	1358	1358	1358	1357	1357	1358	1358	1358	1357	1358	1358	1358	1358	1358	1357	1358	1358	1358	1358	1358	1359	1358	1358	1358	1358	1358	1358	1358	1356	1357	1357	1357	1357	1357	1357	1357	1356	1357	1357	1357	1357	1356	1357	1357	1357
2720	331076	1359	1358	1359	1358	1358	1358	1358	1359	1358	1358	1358	1358	1358	1358	1358	1359	1358	1358	1358	1358	1359	1358	1358	1358	1358	1359	1358	1359	1358	1358	1358	1358	1359	1358	1358	1358	1359	1358	1358	1358	1358	1358	1356	1357	1358	1358	1358	1357	1358	1358	1357	1359	1357	1358	1358	1358	1359	1358	1358	1358	1358	1359	1358	1358	1358	1358	1358	1358	1358	1358	1358	1358	1359	1358	1358	1359	1359	1358	1358	1358	1358	1359	1358	1358	1358	1358	1358	1358	1357	1358	1358	1357	1358	1357	1357	1358	1358	1358	1358	1357	1358	1358	1358	1358	1358	1358	1357	1358	1357	1358	1358	1358	1358	1358	1358	1358	1358	1358	1359	1359	1359	1358	1358	1359	1358	1359	1358	1358
2721	331569	1359	1359	1359	1359	1358	1359	1359	1358	1359	1359	1359	1359	1359	1359	1359	1359	1359	1359	1359	1359	1359	1359	1359	1359	1359	1359	1358	1359	1358	1359	1359	1359	1360	1359	1358	1359	1359	1360	1359	1358	1358	1359	1359	1359	1359	1359	1358	1356	1358	1359	1359	1358	1359	1358	1358	1358	1358	1359	1358	1358	1358	1358	1359	1359	1359	1359	1359	1358	1359	1359	1358	1359	1358	1359	1359	1358	1359	1359	1359	1358	1359	1359	1359	1359	1359	1359	1360	1359	1360	1359	1359	1360	1360	1359	1359	1360	1359	1359	1359	1360	1359	1360	1359	1360	1359	1359	1359	1360	1359	1359	1359	1358	1359	1358	1359	1359	1359	1359	1359	1359	1359	1359	1359	1359	1359	1359	1359	1359
2722	332061	1359	1360	1359	1359	1359	1359	1358	1359	1359	1360	1359	1359	1359	1358	1359	1359	1359	1359	1359	1359	1359	1359	1359	1359	1360	1359	1358	1359	1359	1359	1359	1358	1359	1360	1359	1360	1359	1359	1359	1360	1360	1359	1360	1359	1359	1359	1359	1359	1359	1359	1359	1359	1359	1359	1359	1359	1359	1359	1359	1359	1359	1359	1359	1359	1359	1360	1358	1359	1359	1360	1359	1359	1359	1359	1360	1359	1359	1359	1359	1359	1359	1359	1360	1360	1359	1359	1359	1359	1359	1360	1360	1359	1359	1359	1359	1359	1359	1359	1359	1359	1359	1359	1359	1359	1359	1359	1359	1359	1359	1359	1359	1359	1359	1358	1359	1359	1359	1359	1359	1359	1359	1359	1359	1360	1359	1359	1360	1359
2723	332553	1360	1360	1360	1360	1360	1360	1359	1360	1359	1360	1360	1360	1360	1359	1359	1360	1359	1360	1359	1360	1359	1359	1359	1360	1360	1360	1360	1360	1360	1360	1360	1359	1360	1360	1359	1360	1360	1360	1360	1360	1359	1360	1359	1359	1360	1359	1359	1360	1360	1360	1360	1360	1360	1360	1361	1360	1360	1359	1360	1360	1360	1360	1359	1360	1359	1359	1360	1359	1360	1360	1360	1360	1360	1360	1360	1360	1360	1360	1359	1360	1360	1360	1359	1359	1360	1359	1359	1359	1360	1359	1360	1359	1359	1359	1360	1360	1360	1360	1360	1360	1360	1360	1360	1360	1359	1360	1360	1359	1359	1360	1360	1359	1359	1360	1360	1360	1360	1360	1360	1360	1360	1360	1360	1360	1360	1360	1360	1360
2724	333046	1360	1360	1361	1361	1361	1360	1361	1361	1360	1361	1360	1360	1360	1361	1361	1360	1360	1360	1359	1360	1360	1360	1360	1360	1360	1360	1361	1360	1360	1361	1360	1360	1360	1359	1360	1360	1360	1360	1360	1360	1360	1360	1360	1360	1360	1360	1360	1360	1360	1360	1360	1360	1360	1360	1360	1361	1360	1360	1360	1360	1360	1360	1360	1360	1359	1360	1360	1360	1360	1360	1360	1360	1360	1360	1361	1360	1361	1360	1360	1361	1361	1361	1360	1360	1360	1361	1361	1360	1360	1360	1360	1360	1360	1360	1360	1360	1360	1361	1360	1361	1360	1360	1360	1360	1360	1360	1360	1360	1360	1360	1359	1359	1360	1360	1360	1360	1359	1360	1359	1360	1360	1360	1361	1360	1360	1360	1361	1360
2725	333538	1361	1361	1361	1361	1360	1361	1360	1361	1361	1361	1361	1361	1361	1361	1362	1362	1361	1362	1361	1361	1363	1362	1361	1362	1362	1361	1361	1361	1360	1359	1361	1361	1361	1360	1361	1360	1361	1361	1361	1361	1361	1360	1361	1360	1360	1360	1360	1361	1361	1360	1360	1360	1361	1360	1360	1360	1360	1360	1360	1360	1360	1360	1361	1360	1360	1361	1361	1362	1361	1361	1361	1361	1361	1360	1361	1360	1360	1360	1360	1360	1360	1360	1361	1361	1361	1361	1359	1361	1360	1361	1361	1362	1361	1361	1361	1362	1362	1361	1360	1360	1361	1361	1360	1361	1361	1361	1360	1360	1361	1360	1361	1361	1360	1360	1360	1361	1361	1360	1361	1360	1360	1360	1360	1360	1361	1361	1360	1360
2726	334030	1361	1360	1361	1360	1361	1361	1361	1361	1361	1361	1361	1361	1361	1360	1361	1360	1360	1361	1361	1361	1361	1361	1361	1361	1361	1361	1361	1361	1362	1361	1360	1361	1361	1361	1362	1361	1361	1361	1361	1361	1362	1361	1361	1361	1361	1361	1361	1362	1362	1361	1361	1362	1361	1362	1361	1362	1361	1360	1361	1362	1361	1361	1361	1361	1361	1362	1361	1361	1362	1361	1362	1362	1361	1361	1361	1361	1361	1361	1361	1361	1361	1362	1361	1361	1361	1361	1361	1360	1361	1361	1361	1361	1361	1362	1361	1361	1362	1361	1362	1361	1362	1362	1362	1361	1361	1361	1361	1361	1361	1360	1361	1361	1362	1361	1362	1362	1361	1361	1361	1362	1362	1362	1361	1361	1361	1362	1361	1362
2727	334523	1362	1361	1362	1362	1362	1363	1363	1362	1362	1362	1363	1362	1361	1362	1362	1362	1362	1361	1362	1360	1361	1362	1361	1361	1361	1361	1362	1361	1362	1361	1362	1362	1362	1362	1361	1361	1362	1361	1361	1362	1361	1362	1361	1361	1362	1361	1362	1362	1362	1362	1362	1362	1362	1362	1362	1362	1362	1362	1362	1362	1362	1361	1362	1362	1361	1361	1361	1362	1362	1361	1361	1362	1362	1361	1362	1362	1361	1362	1362	1363	1361	1361	1362	1361	1362	1362	1362	1362	1363	1361	1362	1361	1362	1361	1361	1361	1362	1361	1361	1362	1359	1362	1362	1362	1362	1361	1362	1361	1361	1362	1361	1363	1361	1361	1362	1362	1362	1361	1362	1361	1362	1362	1361	1361	1361	1361	1362	1362
2728	335015	1362	1362	1362	1362	1362	1362	1362	1363	1362	1362	1364	1362	1362	1362	1362	1362	1362	1362	1362	1362	1362	1363	1362	1362	1362	1362	1363	1363	1362	1363	1362	1363	1363	1362	1363	1362	1363	1362	1363	1363	1363	1363	1363	1362	1362	1362	1363	1362	1363	1363	1362	1363	1362	1363	1363	1363	1362	1363	1363	1362	1362	1362	1362	1362	1363	1362	1363	1363	1363	1362	1363	1363	1362	1363	1362	1362	1363	1362	1362	1362	1362	1362	1362	1362	1362	1362	1363	1361	1362	1362	1362	1363	1362	1363	1362	1362	1363	1363	1363	1363	1363	1363	1361	1362	1362	1363	1363	1362	1362	1362	1362	1362	1363	1362	1362	1363	1362	1362	1363	1362	1362	1363	1362	1362	1362	1363	1362	1363
2729	335507	1363	1362	1363	1362	1363	1363	1363	1363	1363	1363	1363	1363	1364	1363	1363	1363	1363	1362	1363	1363	1363	1363	1363	1362	1363	1363	1363	1362	1363	1363	1363	1363	1363	1363	1363	1363	1366	1363	1362	1362	1362	1362	1362	1362	1362	1363	1362	1362	1362	1362	1363	1362	1362	1363	1363	1362	1362	1362	1363	1362	1363	1362	1363	1363	1363	1363	1363	1363	1363	1363	1363	1362	1362	1363	1363	1363	1363	1363	1363	1363	1363	1363	1363	1363	1363	1363	1363	1364	1363	1363	1363	1363	1363	1364	1363	1363	1363	1363	1363	1363	1363	1363	1363	1362	1363	1362	1362	1363	1363	1363	1362	1363	1362	1362	1362	1362	1362	1362	1362	1363	1363	1362	1363	1362	1363	1362	1362	1363
2730	336000	1363	1363	1363	1363	1363	1363	1363	1363	1363	1363	1364	1363	1363	1363	1363	1363	1363	1363	1363	1363	1363	1363	1363	1363	1363	1363	1364	1363	1363	1362	1363	1363	1363	1363	1362	1363	1363	1363	1364	1363	1363	1363	1363	1363	1363	1363	1363	1363	1363	1362	1362	1362	1363	1362	1362	1363	1363	1363	1363	1363	1363	1363	1363	1363	1363	1363	1363	1363	1363	1364	1363	1363	1363	1363	1363	1363	1363	1363	1363	1363	1363	1364	1363	1363	1363	1363	1363	1363	1364	1363	1364	1364	1363	1363	1363	1363	1364	1363	1364	1364	1363	1363	1364	1364	1363	1363	1364	1364	1363	1363	1364	1363	1363	1364	1362	1363	1362	1363	1363	1363	1363	1363	1363	1363	1362	1363	1363	1363
2731	336492	1364	1363	1363	1363	1363	1364	1363	1363	1363	1363	1363	1363	1363	1363	1363	1364	1363	1364	1364	1364	1363	1363	1364	1364	1363	1363	1363	1363	1364	1363	1363	1363	1363	1364	1364	1364	1363	1363	1364	1363	1363	1363	1364	1363	1363	1364	1363	1364	1364	1364	1364	1362	1364	1365	1364	1364	1363	1364	1364	1364	1364	1364	1364	1363	1364	1364	1364	1363	1364	1364	1363	1364	1364	1364	1364	1364	1364	1364	1364	1364	1364	1364	1364	1363	1364	1363	1364	1363	1363	1364	1363	1363	1363	1363	1364	1364	1364	1364	1364	1364	1363	1364	1364	1363	1363	1364	1363	1363	1363	1363	1363	1363	1364	1363	1363	1363	1364	1364	1364	1363	1364	1363	1364	1364	1364	1364	1364	1364
2732	336984	1364	1364	1364	1365	1364	1365	1364	1365	1365	1364	1365	1364	1365	1365	1364	1364	1364	1364	1365	1364	1364	1364	1364	1364	1364	1364	1364	1364	1364	1363	1364	1364	1364	1365	1365	1364	1364	1364	1365	1365	1365	1365	1364	1364	1364	1364	1365	1364	1364	1365	1364	1365	1365	1365	1365	1364	1364	1365	1364	1365	1365	1364	1365	1365	1365	1365	1365	1365	1365	1365	1365	1365	1365	1364	1364	1364	1364	1363	1364	1364	1364	1364	1364	1364	1364	1364	1364	1364	1364	1364	1364	1363	1364	1363	1363	1363	1363	1364	1363	1363	1363	1363	1364	1363	1364	1363	1363	1363	1364	1364	1365	1365	1364	1364	1364	1364	1364	1364	1364	1364	1364	1364	1363	1364	1363	1364	1364	1363
2733	337476	1364	1365	1365	1364	1365	1365	1365	1365	1365	1365	1365	1365	1365	1365	1366	1365	1365	1365	1365	1365	1365	1365	1365	1365	1365	1365	1364	1365	1365	1365	1365	1365	1365	1365	1365	1365	1365	1365	1365	1364	1365	1364	1365	1364	1365	1365	1365	1364	1364	1364	1364	1364	1365	1364	1364	1365	1365	1365	1365	1365	1365	1365	1364	1365	1365	1364	1365	1364	1364	1365	1365	1365	1364	1365	1365	1365	1365	1365	1365	1366	1365	1365	1365	1365	1365	1365	1365	1365	1365	1365	1364	1366	1365	1365	1366	1365	1365	1365	1366	1365	1365	1365	1364	1365	1365	1365	1365	1365	1365	1365	1365	1364	1365	1365	1365	1366	1364	1365	1365	1365	1364	1364	1364	1364	1365	1364	1364	1365
2734	337969	1365	1365	1365	1365	1365	1365	1366	1365	1365	1366	1365	1365	1366	1365	1365	1366	1366	1365	1365	1365	1365	1365	1365	1365	1364	1365	1364	1365	1365	1365	1365	1366	1365	1366	1365	1365	1366	1365	1364	1365	1365	1365	1365	1365	1365	1366	1365	1365	1365	1366	1366	1365	1365	1365	1365	1365	1365	1366	1365	1365	1365	1365	1365	1365	1366	1365	1365	1365	1366	1365	1365	1365	1366	1365	1365	1365	1365	1365	1365	1365	1365	1364	1365	1364	1365	1366	1365	1365	1365	1365	1366	1365	1365	1365	1365	1364	1365	1365	1365	1365	1366	1365	1365	1366	1365	1366	1365	1365	1365	1365	1365	1365	1365	1365	1365	1365	1365	1366	1365	1366	1366	1365	1365	1365	1366	1365	1366	1365
2735	338461	1366	1367	1365	1366	1367	1366	1367	1366	1366	1367	1366	1367	1365	1367	1366	1366	1366	1366	1366	1366	1367	1365	1366	1365	1365	1366	1366	1366	1365	1365	1366	1366	1365	1365	1365	1365	1365	1365	1366	1365	1366	1366	1366	1366	1365	1365	1365	1366	1366	1365	1366	1366	1366	1365	1366	1366	1366	1366	1366	1365	1366	1366	1365	1366	1366	1366	1366	1366	1366	1366	1366	1366	1366	1366	1366	1366	1366	1366	1366	1366	1366	1366	1366	1367	1366	1367	1366	1366	1366	1366	1367	1365	1366	1366	1365	1366	1363	1366	1365	1366	1365	1366	1365	1366	1366	1365	1366	1366	1365	1366	1365	1365	1365	1365	1367	1367	1366	1365	1365	1365	1365	1364	1366	1366	1366	1365	1366	1365
2736	338953	1366	1366	1365	1366	1366	1366	1366	1366	1366	1366	1366	1367	1366	1367	1366	1367	1367	1366	1366	1366	1367	1366	1366	1366	1366	1366	1366	1366	1366	1366	1366	1366	1367	1366	1366	1366	1366	1366	1366	1366	1367	1367	1366	1366	1367	1367	1367	1366	1366	1366	1366	1366	1366	1366	1366	1367	1366	1366	1367	1366	1367	1367	1366	1366	1366	1367	1367	1367	1367	1366	1366	1367	1366	1367	1366	1367	1366	1366	1367	1366	1367	1366	1366	1367	1367	1366	1366	1367	1366	1367	1367	1366	1367	1367	1367	1367	1366	1367	1366	1367	1367	1367	1367	1367	1367	1366	1366	1366	1366	1366	1366	1367	1366	1366	1367	1366	1366	1366	1366	1367	1366	1366	1366	1366	1367	1366	1366	1365
2737	339446	1366	1367	1366	1367	1366	1366	1367	1366	1366	1367	1367	1366	1366	1366	1366	1367	1367	1367	1367	1367	1367	1367	1366	1367	1366	1366	1366	1367	1366	1366	1367	1366	1367	1367	1367	1368	1366	1368	1367	1368	1368	1367	1367	1367	1367	1367	1367	1367	1367	1367	1367	1367	1367	1367	1367	1367	1367	1367	1367	1368	1367	1367	1367	1367	1368	1367	1367	1366	1366	1367	1367	1367	1367	1366	1367	1366	1367	1367	1366	1366	1366	1366	1366	1366	1366	1366	1367	1367	1366	1367	1367	1367	1367	1366	1367	1366	1367	1367	1366	1367	1366	1366	1367	1366	1367	1367	1367	1367	1367	1367	1366	1368	1367	1367	1367	1367	1367	1367	1367	1366	1367	1367	1367	1367	1367	1367	1367	1367
2738	339938	1367	1367	1367	1367	1367	1367	1367	1367	1368	1367	1367	1367	1367	1368	1366	1367	1367	1367	1367	1367	1367	1367	1367	1367	1367	1366	1367	1367	1367	1367	1367	1367	1368	1368	1367	1367	1367	1367	1367	1367	1368	1367	1368	1367	1366	1367	1367	1367	1367	1367	1367	1368	1367	1367	1367	1367	1368	1368	1368	1367	1367	1368	1368	1367	1367	1367	1367	1367	1367	1366	1366	1366	1367	1367	1366	1366	1367	1366	1367	1366	1367	1367	1367	1367	1366	1366	1367	1367	1367	1367	1367	1367	1367	1367	1367	1367	1367	1367	1368	1367	1367	1368	1368	1367	1367	1367	1368	1368	1368	1368	1368	1368	1368	1368	1368	1367	1368	1368	1367	1367	1367	1367	1367	1367	1367	1368	1368	1367
2739	340430	1369	1368	1368	1368	1368	1368	1368	1369	1368	1368	1368	1368	1368	1368	1368	1368	1367	1368	1368	1368	1368	1367	1368	1368	1368	1368	1368	1369	1368	1368	1367	1368	1368	1368	1368	1367	1367	1368	1368	1368	1367	1367	1368	1367	1369	1368	1368	1367	1367	1368	1368	1367	1368	1368	1368	1367	1368	1368	1367	1367	1367	1367	1368	1367	1368	1367	1368	1367	1368	1367	1367	1368	1367	1368	1367	1368	1368	1368	1368	1368	1367	1367	1368	1368	1368	1368	1368	1367	1368	1368	1368	1367	1367	1368	1367	1368	1368	1367	1367	1368	1367	1367	1367	1367	1367	1367	1367	1367	1368	1368	1368	1367	1367	1367	1368	1368	1367	1367	1367	1367	1367	1367	1367	1367	1367	1367	1367	1368
2740	340923	1368	1368	1368	1368	1367	1368	1368	1369	1368	1368	1369	1368	1369	1368	1369	1369	1368	1369	1368	1368	1368	1368	1368	1368	1368	1368	1369	1368	1368	1368	1368	1368	1368	1368	1368	1368	1368	1369	1369	1369	1368	1369	1369	1368	1368	1368	1368	1368	1368	1368	1368	1368	1367	1368	1369	1368	1368	1368	1368	1368	1368	1368	1368	1368	1368	1368	1369	1368	1368	1368	1368	1368	1368	1368	1368	1368	1368	1367	1368	1368	1368	1368	1368	1368	1368	1369	1369	1368	1368	1369	1369	1369	1368	1369	1368	1369	1368	1368	1368	1368	1368	1368	1368	1369	1368	1369	1369	1369	1369	1368	1369	1368	1369	1368	1369	1369	1369	1368	1368	1368	1369	1368	1368	1368	1368	1368	1368	1368
2741	341415	1368	1368	1368	1367	1368	1368	1368	1368	1368	1369	1368	1369	1368	1368	1368	1368	1369	1369	1368	1368	1369	1369	1368	1368	1368	1368	1368	1368	1368	1368	1369	1368	1369	1369	1368	1370	1369	1369	1368	1369	1369	1369	1369	1369	1368	1368	1368	1369	1368	1368	1368	1369	1368	1369	1369	1369	1369	1369	1369	1368	1368	1369	1369	1369	1369	1369	1368	1368	1369	1369	1368	1368	1368	1368	1369	1369	1369	1368	1368	1368	1368	1369	1368	1369	1368	1369	1369	1368	1368	1368	1369	1368	1368	1368	1369	1369	1368	1368	1368	1368	1369	1368	1368	1368	1368	1369	1368	1368	1368	1369	1369	1368	1369	1368	1369	1368	1368	1368	1369	1369	1369	1369	1368	1368	1368	1368	1369	1369
2742	341907	1370	1369	1369	1369	1369	1370	1369	1369	1370	1369	1369	1369	1369	1369	1369	1370	1369	1369	1368	1369	1370	1369	1370	1369	1369	1370	1369	1369	1369	1369	1369	1369	1369	1369	1369	1369	1369	1369	1369	1368	1369	1369	1369	1369	1370	1369	1369	1369	1369	1370	1369	1369	1369	1370	1369	1369	1369	1370	1369	1369	1370	1370	1369	1368	1370	1369	1370	1369	1369	1370	1370	1369	1369	1369	1369	1369	1369	1369	1370	1369	1369	1369	1369	1369	1369	1370	1369	1369	1369	1370	1369	1369	1369	1370	1369	1369	1369	1369	1369	1369	1369	1368	1369	1369	1369	1369	1369	1368	1369	1369	1369	1369	1369	1370	1370	1369	1369	1369	1370	1369	1369	1369	1369	1369	1369	1369	1369	1369
2743	342400	1369	1369	1370	1369	1369	1369	1369	1370	1369	1370	1370	1369	1370	1371	1370	1370	1370	1370	1370	1370	1370	1370	1370	1369	1370	1370	1369	1370	1370	1369	1369	1370	1370	1370	1370	1369	1371	1369	1369	1370	1368	1369	1369	1370	1370	1370	1370	1370	1369	1369	1369	1369	1369	1369	1369	1367	1369	1369	1369	1369	1369	1369	1369	1369	1369	1369	1369	1369	1369	1369	1369	1369	1369	1369	1368	1369	1369	1369	1369	1370	1368	1369	1369	1369	1369	1369	1369	1369	1369	1369	1370	1370	1369	1370	1369	1370	1369	1370	1369	1369	1370	1370	1369	1370	1370	1370	1370	1369	1369	1369	1370	1368	1368	1369	1369	1370	1369	1369	1369	1369	1370	1369	1369	1370	1369	1370	1369	1370
2744	342892	1369	1370	1371	1370	1370	1370	1370	1370	1371	1370	1371	1372	1371	1370	1371	1371	1370	1371	1370	1371	1371	1371	1371	1371	1371	1370	1370	1370	1371	1371	1370	1370	1370	1371	1371	1371	1371	1371	1371	1370	1370	1370	1369	1370	1370	1369	1370	1370	1370	1370	1369	1370	1370	1370	1370	1370	1370	1369	1370	1369	1370	1370	1370	1370	1371	1370	1370	1371	1370	1370	1370	1370	1370	1370	1370	1369	1370	1371	1370	1370	1371	1370	1370	1370	1371	1371	1371	1371	1370	1371	1371	1370	1371	1371	1370	1370	1370	1370	1371	1371	1370	1370	1370	1370	1370	1371	1370	1370	1371	1370	1370	1370	1371	1370	1370	1369	1370	1370	1370	1371	1369	1370	1369	1371	1370	1370	1370	1370
2745	343384	1370	1370	1370	1370	1370	1370	1370	1369	1370	1371	1372	1370	1369	1370	1370	1370	1371	1370	1370	1370	1371	1370	1370	1371	1370	1371	1370	1370	1371	1370	1371	1371	1370	1371	1370	1370	1371	1371	1371	1371	1371	1370	1370	1371	1371	1371	1371	1370	1369	1369	1371	1370	1370	1370	1370	1370	1371	1370	1370	1370	1371	1370	1370	1370	1370	1370	1370	1369	1370	1369	1370	1370	1370	1370	1370	1370	1370	1370	1370	1370	1370	1370	1371	1370	1370	1371	1369	1370	1370	1370	1371	1371	1371	1371	1371	1371	1371	1370	1371	1370	1372	1371	1371	1371	1371	1373	1371	1371	1372	1371	1371	1371	1371	1371	1372	1371	1371	1371	1371	1371	1370	1372	1371	1371	1370	1370	1371	1370
2746	343876	1371	1372	1371	1371	1371	1371	1371	1371	1371	1371	1371	1371	1370	1370	1369	1371	1371	1370	1371	1370	1371	1371	1371	1371	1371	1371	1371	1371	1371	1371	1370	1372	1372	1371	1371	1371	1371	1372	1371	1371	1371	1371	1371	1371	1371	1371	1371	1372	1371	1372	1372	1371	1372	1371	1372	1371	1372	1372	1371	1372	1371	1372	1372	1371	1372	1371	1371	1372	1371	1371	1371	1371	1371	1371	1371	1371	1371	1370	1371	1371	1371	1371	1371	1371	1371	1371	1371	1370	1371	1371	1370	1370	1371	1371	1370	1371	1371	1371	1371	1371	1371	1371	1371	1371	1371	1371	1371	1371	1371	1371	1371	1371	1371	1371	1371	1370	1371	1370	1370	1371	1371	1371	1371	1371	1371	1371	1371	1371
2747	344369	1371	1371	1372	1372	1371	1372	1372	1372	1372	1371	1372	1372	1371	1372	1372	1371	1372	1372	1371	1371	1371	1371	1371	1371	1371	1371	1371	1371	1371	1371	1371	1371	1372	1371	1371	1370	1371	1371	1371	1371	1371	1371	1371	1371	1371	1371	1371	1371	1371	1371	1371	1371	1371	1370	1371	1371	1371	1371	1371	1371	1371	1372	1371	1371	1371	1371	1372	1371	1371	1371	1371	1372	1371	1371	1371	1372	1372	1371	1371	1372	1372	1372	1371	1372	1372	1372	1372	1372	1372	1372	1372	1372	1372	1371	1372	1372	1372	1371	1371	1371	1372	1372	1371	1371	1372	1371	1372	1372	1372	1372	1373	1371	1372	1372	1371	1372	1372	1372	1371	1371	1372	1372	1371	1372	1371	1370	1372	1371
2748	344861	1372	1372	1372	1372	1371	1372	1372	1373	1373	1373	1373	1373	1373	1373	1373	1373	1372	1373	1373	1373	1373	1372	1373	1373	1373	1372	1372	1372	1372	1372	1372	1372	1372	1372	1373	1372	1372	1372	1373	1372	1373	1372	1372	1372	1372	1372	1372	1372	1372	1372	1372	1371	1370	1372	1372	1372	1372	1372	1372	1372	1372	1370	1372	1372	1372	1372	1372	1372	1372	1372	1372	1372	1372	1372	1371	1372	1371	1372	1372	1371	1373	1372	1372	1372	1372	1372	1373	1372	1372	1372	1372	1372	1373	1372	1372	1372	1372	1372	1372	1373	1372	1372	1372	1372	1372	1372	1372	1372	1372	1372	1372	1372	1372	1372	1372	1371	1372	1372	1371	1372	1372	1372	1372	1371	1372	1372	1371	1372
2749	345353	1373	1372	1373	1373	1373	1373	1372	1373	1373	1373	1373	1372	1372	1373	1373	1373	1373	1373	1374	1373	1373	1373	1372	1373	1373	1373	1372	1372	1373	1372	1373	1373	1372	1373	1372	1373	1372	1372	1372	1374	1372	1372	1373	1372	1373	1373	1373	1373	1372	1373	1372	1372	1372	1372	1372	1372	1372	1372	1372	1372	1371	1372	1372	1372	1372	1372	1372	1372	1373	1373	1372	1372	1373	1372	1372	1372	1372	1372	1372	1372	1372	1372	1372	1373	1372	1372	1373	1372	1372	1373	1372	1373	1372	1373	1372	1373	1373	1372	1372	1372	1372	1372	1372	1372	1372	1372	1372	1372	1372	1372	1372	1372	1372	1373	1372	1372	1372	1372	1372	1371	1372	1372	1372	1373	1373	1372	1372	1373
2750	345846	1373	1373	1372	1373	1373	1373	1373	1373	1373	1372	1373	1373	1373	1373	1373	1373	1373	1373	1373	1372	1373	1372	1373	1373	1372	1373	1373	1372	1373	1373	1373	1374	1373	1373	1373	1373	1374	1374	1373	1374	1373	1373	1373	1373	1373	1373	1373	1374	1373	1373	1373	1374	1373	1373	1373	1374	1374	1373	1372	1373	1373	1373	1373	1373	1372	1372	1373	1373	1373	1373	1372	1372	1373	1373	1373	1373	1373	1373	1372	1372	1373	1372	1373	1372	1372	1372	1371	1372	1372	1372	1372	1373	1373	1373	1373	1373	1373	1373	1372	1373	1372	1372	1373	1372	1373	1372	1372	1372	1372	1372	1373	1372	1372	1373	1373	1373	1373	1373	1373	1374	1373	1372	1373	1373	1374	1373	1373	1372
2751	346338	1374	1373	1373	1373	1374	1374	1374	1373	1373	1374	1374	1373	1373	1373	1374	1373	1373	1374	1374	1374	1374	1373	1374	1374	1374	1374	1373	1374	1374	1374	1374	1373	1374	1373	1374	1373	1373	1374	1373	1374	1373	1374	1373	1373	1373	1373	1373	1374	1372	1374	1373	1373	1373	1373	1374	1373	1373	1373	1374	1373	1373	1373	1373	1373	1373	1373	1373	1373	1374	1373	1374	1373	1373	1373	1373	1374	1373	1373	1373	1372	1373	1373	1373	1374	1373	1373	1373	1373	1374	1374	1374	1373	1373	1374	1373	1373	1373	1374	1373	1373	1373	1373	1373	1374	1373	1373	1373	1373	1373	1374	1372	1374	1374	1374	1374	1374	1374	1374	1374	1374	1374	1374	1374	1374	1373	1374	1374	1374
2752	346830	1374	1374	1374	1374	1375	1374	1374	1374	1374	1374	1375	1374	1374	1374	1374	1374	1375	1374	1374	1374	1375	1375	1374	1374	1375	1375	1374	1373	1374	1374	1374	1373	1373	1373	1373	1374	1374	1374	1374	1374	1375	1374	1374	1373	1374	1374	1374	1374	1374	1374	1374	1375	1374	1373	1375	1374	1374	1374	1374	1374	1374	1374	1374	1374	1375	1375	1375	1375	1375	1375	1375	1375	1375	1375	1375	1374	1374	1374	1375	1375	1374	1375	1375	1375	1375	1375	1375	1374	1375	1374	1375	1374	1374	1375	1374	1375	1375	1374	1374	1374	1374	1374	1374	1374	1373	1373	1374	1374	1373	1373	1374	1374	1373	1374	1373	1374	1374	1374	1374	1373	1373	1374	1373	1373	1374	1374	1374	1373
2753	347323	1374	1375	1375	1374	1374	1374	1375	1374	1375	1374	1375	1374	1374	1374	1374	1375	1375	1374	1374	1374	1375	1374	1375	1374	1375	1375	1375	1375	1374	1375	1375	1374	1374	1374	1375	1375	1374	1375	1374	1375	1376	1374	1375	1375	1375	1375	1375	1374	1374	1375	1374	1375	1375	1375	1375	1375	1375	1375	1374	1375	1375	1375	1375	1375	1374	1374	1376	1375	1375	1375	1374	1375	1374	1375	1375	1374	1375	1374	1375	1375	1374	1375	1374	1375	1375	1375	1375	1374	1375	1374	1374	1375	1374	1375	1374	1374	1374	1374	1373	1374	1375	1375	1374	1375	1375	1375	1375	1375	1375	1374	1375	1375	1374	1374	1374	1375	1374	1374	1374	1374	1375	1374	1375	1375	1374	1374	1375	1374
2754	347815	1375	1375	1374	1375	1376	1376	1376	1375	1376	1376	1375	1375	1376	1375	1376	1375	1374	1375	1375	1375	1375	1374	1376	1375	1375	1375	1375	1375	1375	1376	1375	1375	1375	1375	1375	1375	1375	1375	1375	1375	1375	1375	1375	1375	1376	1375	1375	1376	1375	1375	1375	1375	1375	1375	1375	1376	1376	1376	1375	1375	1375	1375	1375	1375	1375	1375	1375	1375	1375	1375	1375	1375	1375	1375	1375	1375	1375	1375	1375	1375	1375	1375	1375	1375	1375	1375	1375	1375	1376	1376	1375	1375	1375	1375	1375	1375	1375	1375	1374	1374	1375	1375	1375	1375	1375	1376	1375	1375	1374	1374	1375	1375	1376	1375	1375	1375	1374	1375	1375	1375	1375	1375	1376	1376	1374	1375	1375	1376
2755	348307	1375	1375	1375	1375	1375	1375	1376	1375	1375	1376	1376	1376	1376	1376	1376	1376	1375	1375	1375	1376	1375	1375	1375	1376	1375	1375	1375	1374	1376	1375	1375	1376	1376	1375	1375	1375	1375	1375	1375	1375	1375	1375	1376	1375	1375	1375	1375	1375	1376	1375	1376	1376	1375	1376	1375	1375	1376	1377	1376	1375	1375	1375	1375	1376	1376	1376	1375	1376	1375	1376	1376	1376	1376	1376	1376	1376	1376	1376	1376	1376	1376	1375	1375	1376	1376	1375	1376	1376	1375	1376	1375	1375	1376	1376	1375	1375	1375	1376	1375	1375	1376	1375	1375	1376	1375	1376	1375	1376	1376	1375	1375	1376	1376	1376	1376	1375	1375	1376	1376	1375	1376	1376	1376	1376	1375	1376	1376	1375
2756	348800	1376	1376	1376	1376	1376	1376	1376	1376	1376	1376	1376	1376	1376	1375	1376	1376	1375	1376	1376	1375	1376	1376	1376	1376	1376	1376	1376	1376	1376	1375	1376	1376	1376	1376	1376	1376	1375	1376	1376	1375	1376	1376	1376	1376	1376	1376	1376	1376	1377	1376	1376	1376	1377	1376	1376	1376	1376	1376	1376	1376	1376	1377	1376	1376	1376	1376	1376	1376	1376	1376	1375	1376	1376	1376	1376	1376	1376	1376	1375	1376	1376	1376	1376	1376	1375	1375	1376	1376	1376	1377	1376	1376	1376	1376	1376	1376	1376	1376	1376	1376	1376	1376	1376	1376	1376	1377	1376	1376	1376	1376	1376	1376	1376	1377	1377	1376	1376	1376	1376	1376	1376	1376	1376	1376	1376	1377	1376	1374
2757	349292	1377	1376	1376	1376	1376	1376	1376	1377	1377	1377	1377	1377	1377	1377	1376	1377	1377	1377	1377	1377	1378	1376	1377	1378	1376	1377	1376	1377	1377	1376	1376	1376	1376	1376	1376	1377	1376	1377	1376	1376	1377	1376	1376	1376	1376	1376	1376	1376	1377	1377	1376	1376	1376	1376	1376	1376	1376	1376	1376	1376	1376	1376	1376	1376	1376	1377	1376	1377	1376	1376	1377	1377	1377	1377	1376	1377	1376	1376	1375	1376	1376	1376	1376	1376	1376	1377	1377	1377	1377	1377	1377	1377	1377	1377	1377	1377	1377	1377	1377	1377	1377	1377	1377	1376	1377	1376	1377	1377	1376	1377	1376	1377	1376	1376	1376	1376	1379	1376	1376	1376	1376	1376	1376	1376	1376	1376	1376	1376
2758	349784	1377	1377	1376	1377	1378	1377	1377	1377	1377	1377	1377	1377	1377	1378	1377	1378	1377	1377	1377	1378	1377	1377	1377	1377	1377	1377	1377	1377	1377	1378	1377	1377	1377	1377	1376	1377	1377	1376	1376	1376	1377	1377	1377	1377	1377	1376	1378	1378	1376	1378	1377	1377	1377	1376	1377	1377	1377	1377	1377	1376	1378	1378	1378	1377	1377	1376	1377	1377	1377	1377	1378	1377	1377	1377	1378	1378	1378	1378	1377	1377	1377	1377	1378	1377	1377	1377	1377	1377	1378	1377	1378	1377	1378	1378	1378	1378	1377	1378	1377	1377	1377	1377	1377	1377	1377	1377	1377	1377	1377	1377	1377	1377	1377	1377	1377	1377	1378	1377	1377	1377	1377	1377	1377	1377	1377	1377	1377	1377
2759	350276	1378	1377	1377	1378	1378	1377	1377	1377	1378	1377	1378	1378	1377	1377	1379	1378	1378	1378	1378	1378	1377	1378	1377	1378	1378	1377	1377	1377	1378	1378	1377	1377	1378	1377	1378	1378	1378	1378	1378	1378	1378	1378	1379	1378	1378	1377	1378	1378	1377	1378	1377	1377	1377	1378	1378	1377	1377	1378	1377	1377	1378	1377	1378	1378	1378	1377	1378	1378	1377	1377	1377	1377	1377	1377	1376	1377	1377	1377	1377	1377	1377	1377	1377	1377	1377	1378	1377	1377	1377	1378	1377	1377	1377	1377	1377	1377	1378	1377	1378	1378	1378	1377	1377	1378	1377	1377	1378	1377	1377	1378	1378	1378	1378	1378	1378	1377	1378	1378	1378	1377	1377	1378	1378	1378	1378	1377	1377	1378
2760	350769	1378	1378	1378	1379	1378	1378	1379	1378	1378	1378	1378	1378	1379	1378	1378	1379	1377	1378	1378	1379	1378	1378	1378	1378	1379	1379	1378	1378	1378	1379	1378	1379	1378	1378	1378	1378	1378	1378	1378	1378	1377	1378	1378	1378	1378	1378	1378	1378	1378	1378	1377	1378	1377	1378	1379	1377	1378	1378	1378	1378	1377	1377	1378	1378	1378	1378	1378	1378	1378	1378	1378	1378	1378	1377	1378	1378	1378	1378	1378	1378	1378	1378	1378	1378	1378	1378	1378	1378	1378	1378	1378	1377	1378	1378	1378	1378	1378	1379	1378	1378	1378	1377	1378	1377	1378	1378	1378	1378	1378	1378	1378	1379	1378	1378	1378	1378	1378	1378	1378	1377	1378	1379	1378	1378	1378	1378	1378	1379
2761	351261	1378	1378	1379	1379	1378	1379	1379	1378	1379	1379	1379	1379	1378	1378	1379	1379	1378	1378	1378	1379	1378	1378	1378	1378	1378	1378	1378	1378	1378	1378	1379	1378	1378	1378	1378	1378	1378	1378	1378	1379	1378	1378	1378	1378	1378	1378	1378	1378	1378	1378	1378	1378	1379	1379	1378	1379	1378	1379	1379	1380	1379	1378	1379	1379	1379	1378	1378	1378	1378	1378	1378	1379	1379	1379	1379	1379	1378	1379	1379	1379	1378	1379	1379	1379	1378	1379	1379	1380	1379	1379	1380	1379	1379	1380	1379	1378	1379	1380	1379	1379	1379	1378	1379	1379	1378	1378	1377	1379	1379	1378	1378	1378	1378	1378	1378	1378	1378	1378	1378	1378	1378	1378	1379	1378	1377	1379	1378	1378
2762	351753	1379	1380	1379	1379	1379	1380	1380	1379	1379	1379	1379	1379	1379	1379	1379	1379	1379	1379	1378	1379	1378	1380	1379	1379	1380	1380	1379	1379	1379	1379	1379	1379	1379	1379	1380	1379	1380	1380	1379	1379	1379	1378	1378	1378	1379	1379	1378	1379	1378	1378	1378	1378	1379	1379	1379	1379	1378	1379	1378	1379	1379	1378	1378	1379	1379	1379	1379	1380	1379	1379	1379	1379	1379	1379	1379	1378	1379	1379	1379	1379	1379	1380	1380	1379	1380	1379	1379	1380	1380	1379	1379	1380	1379	1379	1380	1379	1380	1379	1379	1380	1379	1378	1379	1379	1379	1379	1379	1379	1379	1379	1379	1379	1379	1379	1379	1379	1379	1378	1379	1379	1379	1379	1379	1379	1379	1379	1379	1378
2763	352246	1379	1379	1379	1379	1379	1378	1380	1380	1379	1379	1379	1380	1379	1379	1380	1379	1380	1379	1380	1379	1380	1379	1379	1379	1379	1380	1379	1379	1380	1379	1380	1379	1379	1379	1379	1380	1379	1379	1380	1380	1380	1380	1379	1379	1378	1379	1379	1380	1380	1380	1379	1379	1379	1379	1379	1380	1379	1380	1380	1380	1380	1380	1380	1382	1380	1380	1380	1381	1380	1380	1380	1380	1380	1380	1380	1380	1380	1380	1379	1380	1379	1380	1379	1380	1380	1379	1380	1380	1379	1379	1379	1379	1379	1380	1379	1379	1379	1379	1379	1379	1379	1379	1380	1379	1379	1379	1380	1380	1379	1379	1379	1378	1380	1379	1379	1379	1379	1379	1380	1379	1380	1379	1380	1379	1380	1379	1379	1379
2764	352738	1379	1380	1379	1380	1380	1379	1380	1379	1380	1379	1380	1379	1380	1380	1379	1380	1380	1380	1380	1380	1380	1379	1380	1380	1380	1381	1379	1380	1380	1380	1380	1381	1380	1379	1380	1380	1380	1380	1380	1380	1380	1380	1380	1380	1381	1379	1380	1380	1380	1380	1380	1380	1381	1380	1380	1379	1380	1380	1380	1380	1380	1380	1380	1380	1381	1380	1380	1380	1380	1380	1380	1380	1380	1380	1380	1380	1380	1380	1380	1380	1380	1380	1380	1380	1380	1380	1380	1379	1379	1380	1380	1379	1380	1379	1380	1380	1380	1380	1379	1380	1380	1380	1380	1380	1380	1380	1380	1380	1380	1380	1380	1380	1380	1380	1380	1380	1380	1380	1381	1380	1379	1380	1379	1380	1380	1380	1380	1380
2765	353230	1380	1379	1381	1381	1380	1380	1380	1381	1380	1381	1380	1380	1380	1380	1381	1380	1381	1380	1380	1380	1380	1380	1381	1380	1381	1381	1381	1381	1381	1380	1380	1381	1380	1380	1381	1381	1380	1381	1380	1380	1380	1380	1380	1380	1380	1380	1380	1380	1381	1381	1380	1380	1381	1380	1380	1380	1380	1380	1380	1380	1380	1380	1380	1380	1380	1381	1380	1381	1380	1380	1381	1380	1380	1380	1380	1380	1380	1381	1379	1380	1380	1380	1380	1380	1381	1380	1380	1380	1380	1380	1380	1380	1380	1381	1380	1380	1380	1380	1380	1380	1380	1380	1379	1380	1380	1380	1380	1380	1380	1380	1379	1380	1380	1380	1379	1380	1380	1380	1380	1380	1380	1380	1380	1379	1380	1380	1381	1380
2766	353723	1380	1381	1381	1380	1381	1380	1380	1381	1380	1381	1381	1381	1382	1381	1381	1381	1382	1382	1382	1382	1381	1381	1381	1381	1382	1381	1381	1382	1381	1381	1380	1381	1382	1382	1381	1381	1382	1382	1381	1382	1381	1381	1382	1382	1382	1381	1381	1382	1381	1381	1381	1381	1381	1381	1381	1380	1380	1381	1381	1381	1381	1380	1381	1381	1381	1381	1380	1380	1380	1381	1381	1381	1380	1381	1381	1381	1381	1380	1381	1381	1382	1381	1381	1381	1381	1381	1381	1381	1381	1381	1381	1381	1381	1382	1381	1381	1382	1381	1381	1381	1381	1381	1381	1381	1381	1381	1381	1381	1381	1381	1381	1381	1381	1381	1381	1382	1381	1381	1381	1381	1382	1381	1381	1381	1381	1381	1380	1381
2767	354215	1382	1381	1382	1381	1381	1382	1382	1382	1382	1382	1382	1382	1382	1381	1382	1381	1381	1382	1382	1382	1381	1381	1382	1381	1382	1382	1381	1382	1381	1382	1381	1381	1382	1382	1382	1381	1382	1381	1381	1381	1380	1381	1381	1381	1381	1381	1381	1380	1381	1382	1381	1381	1380	1381	1381	1381	1381	1381	1381	1381	1382	1381	1381	1381	1381	1381	1382	1381	1381	1381	1381	1381	1382	1381	1382	1381	1381	1381	1381	1381	1381	1381	1381	1381	1381	1381	1381	1382	1382	1381	1382	1382	1381	1382	1381	1382	1382	1382	1382	1381	1382	1382	1382	1381	1381	1381	1381	1381	1382	1381	1382	1382	1381	1381	1382	1382	1381	1381	1381	1381	1382	1381	1381	1382	1382	1381	1382	1382
2768	354707	1382	1383	1382	1382	1382	1382	1382	1381	1381	1382	1382	1381	1382	1382	1381	1382	1381	1382	1382	1382	1382	1381	1382	1382	1382	1382	1382	1382	1381	1381	1382	1382	1381	1381	1382	1382	1382	1382	1381	1382	1381	1381	1382	1381	1382	1382	1382	1381	1382	1383	1382	1382	1382	1382	1382	1382	1383	1382	1382	1382	1382	1383	1383	1382	1382	1382	1383	1382	1382	1383	1382	1383	1382	1382	1382	1382	1382	1381	1382	1382	1382	1382	1383	1384	1382	1382	1382	1382	1382	1382	1382	1382	1382	1382	1382	1382	1382	1381	1382	1381	1382	1381	1382	1382	1382	1382	1381	1383	1383	1382	1382	1382	1382	1382	1382	1383	1382	1382	1382	1382	1383	1381	1382	1382	1382	1382	1382	1382
2769	355200	1383	1382	1383	1383	1383	1383	1383	1382	1383	1383	1383	1383	1383	1383	1383	1382	1383	1383	1383	1383	1382	1382	1382	1382	1383	1381	1382	1382	1381	1382	1382	1382	1381	1381	1382	1382	1382	1382	1382	1382	1382	1382	1381	1381	1381	1381	1382	1381	1382	1381	1382	1382	1381	1381	1382	1382	1382	1381	1381	1382	1383	1382	1382	1382	1382	1383	1382	1382	1383	1382	1383	1382	1382	1382	1383	1383	1383	1382	1382	1383	1383	1383	1382	1383	1383	1383	1383	1383	1382	1383	1383	1382	1383	1383	1383	1383	1383	1383	1383	1382	1382	1382	1382	1382	1382	1382	1382	1382	1383	1382	1383	1382	1382	1382	1382	1381	1382	1381	1382	1382	1382	1382	1382	1382	1382	1381	1382	1382
2770	355692	1383	1383	1384	1383	1384	1383	1384	1383	1383	1383	1383	1383	1383	1383	1381	1383	1382	1383	1383	1383	1383	1382	1383	1383	1383	1383	1382	1383	1382	1383	1383	1382	1382	1383	1382	1382	1383	1383	1383	1383	1383	1383	1383	1383	1383	1383	1382	1383	1383	1383	1382	1383	1383	1383	1383	1383	1383	1382	1383	1383	1383	1383	1383	1383	1383	1383	1384	1382	1383	1383	1383	1383	1383	1384	1383	1383	1383	1383	1383	1383	1383	1383	1383	1383	1383	1383	1383	1383	1383	1382	1383	1383	1383	1382	1382	1383	1383	1383	1382	1382	1383	1383	1383	1383	1383	1382	1382	1384	1382	1383	1383	1382	1382	1383	1383	1382	1383	1383	1382	1382	1383	1383	1383	1382	1382	1382	1383	1383
2771	356184	1384	1383	1383	1383	1383	1385	1383	1383	1383	1383	1384	1383	1383	1383	1383	1383	1383	1383	1384	1384	1383	1383	1384	1383	1383	1383	1384	1383	1384	1384	1383	1384	1383	1384	1384	1383	1384	1383	1383	1383	1383	1384	1384	1384	1383	1383	1384	1383	1383	1384	1383	1383	1383	1383	1383	1384	1383	1384	1383	1383	1383	1384	1384	1384	1383	1383	1384	1383	1384	1383	1383	1383	1383	1384	1383	1383	1383	1384	1383	1383	1383	1382	1384	1383	1383	1383	1383	1384	1383	1383	1383	1383	1383	1383	1384	1383	1383	1383	1383	1383	1383	1383	1384	1383	1383	1384	1384	1384	1385	1384	1384	1384	1384	1384	1384	1384	1383	1383	1383	1383	1384	1384	1383	1384	1383	1384	1384	1384
2772	356676	1383	1383	1383	1385	1384	1384	1384	1384	1385	1384	1385	1384	1385	1384	1384	1384	1384	1384	1384	1384	1384	1384	1384	1384	1384	1384	1383	1384	1383	1384	1384	1384	1385	1384	1384	1384	1384	1385	1384	1384	1383	1383	1384	1384	1383	1383	1383	1384	1383	1384	1384	1384	1384	1384	1384	1383	1384	1384	1384	1384	1383	1384	1384	1384	1384	1383	1384	1384	1384	1385	1384	1384	1384	1384	1384	1384	1384	1384	1384	1384	1384	1384	1384	1384	1385	1384	1384	1385	1384	1384	1384	1384	1384	1384	1385	1384	1384	1385	1384	1384	1384	1384	1384	1384	1383	1384	1384	1384	1384	1383	1385	1384	1383	1384	1384	1384	1384	1383	1384	1383	1384	1384	1383	1383	1383	1384	1382	1383
2773	357169	1384	1384	1384	1385	1384	1384	1385	1385	1384	1385	1384	1385	1385	1385	1384	1384	1385	1383	1385	1385	1384	1385	1384	1385	1384	1385	1385	1384	1384	1384	1385	1385	1385	1385	1385	1385	1385	1385	1385	1384	1384	1385	1384	1384	1384	1384	1384	1384	1384	1384	1384	1384	1383	1384	1384	1384	1384	1385	1384	1384	1384	1383	1384	1384	1384	1384	1384	1384	1384	1384	1384	1384	1385	1384	1384	1384	1384	1385	1384	1384	1384	1384	1385	1384	1384	1384	1384	1385	1384	1385	1385	1385	1385	1385	1385	1385	1385	1385	1384	1385	1385	1384	1384	1384	1385	1384	1384	1384	1384	1385	1385	1384	1385	1385	1385	1385	1385	1385	1384	1385	1384	1385	1385	1384	1384	1384	1384	1384
2774	357661	1384	1384	1385	1385	1385	1384	1384	1385	1384	1385	1384	1384	1385	1384	1385	1385	1385	1385	1385	1385	1385	1385	1384	1386	1385	1385	1386	1385	1385	1385	1385	1385	1385	1385	1385	1385	1385	1385	1385	1384	1385	1384	1385	1385	1384	1385	1385	1386	1385	1384	1385	1385	1385	1385	1384	1384	1384	1385	1384	1384	1384	1385	1385	1385	1384	1384	1385	1385	1385	1384	1385	1385	1385	1385	1386	1385	1385	1385	1385	1385	1385	1385	1385	1384	1385	1385	1385	1385	1385	1385	1385	1386	1385	1386	1386	1386	1385	1385	1386	1385	1386	1386	1385	1385	1385	1386	1384	1385	1385	1386	1385	1385	1385	1385	1385	1384	1385	1384	1385	1385	1384	1385	1385	1385	1385	1384	1385	1384
2775	358153	1385	1385	1385	1386	1385	1385	1385	1386	1386	1386	1386	1386	1385	1386	1386	1385	1386	1386	1385	1385	1386	1386	1385	1384	1385	1385	1385	1385	1385	1385	1385	1383	1385	1385	1385	1385	1386	1385	1385	1385	1385	1386	1387	1385	1385	1385	1386	1385	1385	1385	1384	1385	1384	1385	1385	1385	1385	1384	1385	1385	1385	1384	1385	1385	1385	1385	1385	1385	1385	1385	1385	1385	1385	1385	1385	1385	1385	1386	1385	1386	1387	1385	1386	1386	1386	1385	1386	1386	1386	1386	1385	1386	1386	1386	1386	1386	1385	1386	1385	1386	1385	1385	1385	1385	1385	1385	1385	1384	1385	1385	1385	1385	1385	1386	1386	1384	1385	1384	1385	1384	1386	1385	1385	1385	1386	1385	1386	1385
2776	358646	1386	1385	1385	1385	1386	1386	1386	1385	1386	1385	1385	1386	1387	1385	1386	1386	1386	1386	1386	1386	1386	1386	1387	1386	1386	1386	1386	1386	1386	1386	1386	1386	1387	1387	1387	1386	1386	1387	1387	1388	1387	1387	1386	1386	1387	1386	1387	1386	1386	1386	1386	1386	1385	1386	1386	1386	1385	1386	1385	1386	1386	1386	1386	1386	1386	1386	1386	1386	1385	1386	1386	1385	1385	1384	1385	1385	1385	1384	1385	1385	1385	1386	1385	1385	1385	1385	1386	1385	1386	1386	1386	1386	1386	1386	1385	1386	1386	1385	1385	1386	1385	1385	1385	1385	1386	1385	1386	1386	1386	1386	1386	1386	1386	1385	1386	1384	1386	1386	1386	1386	1386	1386	1386	1385	1386	1386	1386	1386
2777	359138	1386	1387	1386	1386	1386	1386	1387	1386	1387	1386	1385	1387	1386	1386	1386	1387	1387	1386	1387	1387	1387	1387	1386	1387	1386	1387	1388	1387	1387	1389	1387	1387	1387	1387	1386	1387	1386	1386	1387	1387	1387	1387	1387	1387	1387	1387	1386	1387	1386	1386	1387	1386	1386	1386	1386	1386	1386	1386	1386	1386	1387	1386	1387	1386	1386	1386	1386	1385	1386	1387	1387	1387	1387	1386	1386	1386	1386	1386	1386	1386	1386	1386	1386	1386	1386	1386	1387	1387	1386	1387	1386	1387	1387	1387	1387	1386	1387	1387	1387	1386	1386	1387	1387	1386	1386	1387	1387	1387	1387	1386	1386	1387	1387	1387	1387	1387	1386	1387	1387	1386	1386	1386	1386	1386	1386	1385	1387	1386
2778	359630	1387	1387	1387	1386	1387	1387	1386	1387	1386	1387	1387	1387	1387	1387	1387	1387	1387	1387	1387	1387	1387	1387	1388	1386	1387	1387	1387	1387	1386	1387	1388	1387	1387	1387	1387	1387	1387	1388	1387	1387	1387	1387	1387	1387	1387	1387	1386	1387	1387	1387	1387	1387	1387	1387	1387	1387	1387	1387	1387	1387	1387	1387	1387	1387	1388	1388	1387	1387	1387	1387	1387	1388	1387	1387	1387	1387	1387	1387	1387	1387	1386	1387	1387	1387	1387	1387	1387	1387	1387	1386	1387	1387	1387	1387	1387	1388	1387	1388	1387	1386	1387	1386	1387	1387	1386	1387	1386	1386	1387	1387	1387	1387	1387	1387	1387	1387	1386	1387	1388	1387	1387	1387	1387	1388	1387	1387	1387	1387
2779	360123	1386	1387	1387	1387	1387	1387	1387	1387	1387	1387	1387	1387	1387	1387	1387	1388	1387	1387	1388	1388	1388	1388	1388	1388	1388	1388	1388	1388	1388	1387	1388	1388	1388	1388	1388	1388	1388	1388	1388	1388	1388	1388	1388	1388	1387	1388	1387	1388	1388	1388	1388	1388	1389	1388	1387	1388	1388	1388	1388	1387	1387	1387	1387	1387	1387	1386	1386	1388	1387	1387	1387	1387	1387	1387	1388	1387	1387	1388	1387	1387	1388	1387	1387	1387	1387	1387	1387	1387	1386	1387	1387	1387	1387	1386	1387	1387	1387	1387	1386	1388	1387	1387	1388	1387	1388	1387	1388	1387	1387	1388	1388	1387	1387	1387	1388	1387	1387	1387	1387	1387	1388	1387	1387	1388	1388	1388	1388	1388
2780	360615	1388	1388	1388	1389	1389	1388	1388	1388	1388	1388	1388	1388	1388	1388	1388	1388	1388	1388	1389	1388	1388	1389	1389	1389	1389	1388	1388	1388	1388	1388	1388	1388	1388	1388	1388	1388	1388	1388	1388	1388	1388	1387	1388	1388	1387	1388	1387	1389	1388	1388	1388	1388	1389	1388	1388	1387	1387	1388	1388	1388	1388	1388	1388	1388	1388	1388	1388	1388	1388	1388	1388	1389	1388	1388	1388	1388	1388	1388	1388	1389	1388	1389	1389	1388	1388	1388	1388	1388	1387	1388	1388	1388	1388	1388	1388	1388	1388	1388	1387	1388	1388	1388	1388	1388	1388	1388	1388	1388	1388	1387	1387	1387	1387	1387	1388	1388	1388	1387	1387	1387	1387	1388	1387	1388	1388	1388	1388	1387
2781	361107	1389	1388	1388	1388	1388	1388	1389	1388	1388	1388	1388	1388	1388	1388	1388	1388	1388	1388	1389	1388	1389	1389	1388	1388	1388	1388	1388	1388	1388	1388	1388	1388	1388	1388	1388	1388	1388	1388	1388	1388	1389	1388	1387	1388	1388	1389	1388	1388	1388	1388	1388	1389	1388	1388	1388	1388	1388	1389	1388	1388	1388	1389	1388	1388	1388	1388	1389	1389	1389	1389	1388	1389	1388	1389	1389	1388	1389	1388	1388	1388	1388	1388	1388	1388	1388	1388	1387	1388	1386	1388	1388	1389	1388	1387	1388	1388	1388	1388	1388	1388	1388	1388	1388	1388	1388	1388	1388	1388	1388	1388	1388	1388	1388	1388	1388	1388	1388	1388	1387	1387	1388	1388	1388	1388	1388	1388	1389	1390
2782	361600	1388	1389	1389	1388	1389	1389	1389	1389	1389	1389	1389	1389	1389	1389	1389	1389	1389	1390	1389	1389	1390	1389	1389	1389	1390	1389	1389	1390	1389	1389	1389	1389	1389	1389	1390	1389	1389	1389	1389	1389	1388	1389	1388	1388	1388	1388	1388	1388	1389	1389	1389	1388	1389	1388	1389	1389	1389	1389	1388	1388	1389	1389	1388	1388	1389	1388	1389	1389	1389	1388	1388	1389	1389	1388	1388	1389	1388	1389	1389	1388	1388	1389	1389	1389	1389	1389	1390	1389	1389	1389	1389	1389	1389	1389	1390	1389	1390	1389	1390	1389	1388	1389	1388	1389	1388	1389	1389	1389	1390	1389	1389	1389	1388	1389	1389	1389	1388	1389	1390	1389	1388	1388	1388	1389	1388	1389	1389	1388
2783	362092	1389	1389	1389	1389	1389	1390	1390	1390	1389	1390	1390	1389	1390	1389	1389	1389	1389	1389	1390	1390	1390	1390	1390	1390	1390	1390	1390	1390	1390	1390	1390	1390	1389	1390	1389	1390	1390	1390	1390	1389	1390	1390	1390	1389	1389	1389	1389	1389	1389	1389	1389	1389	1390	1389	1390	1389	1388	1389	1388	1389	1389	1389	1389	1389	1389	1389	1388	1389	1389	1389	1389	1388	1389	1388	1389	1389	1389	1388	1388	1389	1389	1390	1389	1389	1389	1389	1389	1390	1390	1389	1388	1389	1389	1389	1389	1389	1389	1389	1390	1389	1390	1389	1389	1389	1390	1389	1390	1389	1390	1390	1390	1391	1390	1390	1390	1390	1390	1389	1390	1389	1389	1389	1389	1389	1389	1390	1390	1389
2784	362584	1390	1389	1390	1390	1390	1390	1390	1390	1390	1390	1390	1390	1391	1391	1391	1391	1391	1390	1391	1390	1390	1390	1390	1390	1390	1390	1390	1390	1390	1390	1390	1390	1389	1390	1389	1389	1389	1389	1390	1389	1389	1390	1390	1390	1390	1390	1389	1390	1390	1389	1390	1390	1390	1390	1389	1390	1390	1389	1390	1389	1389	1390	1390	1390	1389	1391	1390	1390	1390	1390	1391	1391	1390	1390	1390	1390	1390	1391	1390	1390	1390	1390	1390	1390	1389	1390	1390	1391	1389	1390	1390	1390	1390	1390	1390	1390	1390	1390	1391	1391	1390	1390	1391	1389	1390	1390	1390	1390	1390	1389	1390	1390	1390	1388	1390	1389	1390	1390	1390	1390	1389	1390	1391	1390	1390	1389	1389	1389
2785	363076	1390	1390	1390	1390	1390	1390	1390	1390	1390	1390	1390	1390	1390	1390	1390	1390	1390	1391	1390	1390	1391	1390	1391	1390	1390	1391	1390	1391	1390	1390	1391	1390	1390	1390	1391	1390	1390	1390	1391	1390	1390	1390	1390	1390	1390	1390	1390	1390	1389	1391	1390	1390	1390	1390	1391	1390	1390	1391	1390	1390	1390	1390	1390	1390	1390	1390	1390	1390	1390	1390	1390	1391	1389	1389	1390	1390	1391	1390	1390	1390	1389	1390	1390	1390	1390	1390	1390	1390	1390	1390	1390	1390	1390	1391	1390	1390	1391	1390	1391	1390	1390	1391	1390	1390	1391	1390	1391	1390	1391	1391	1390	1390	1390	1391	1390	1391	1390	1390	1390	1390	1390	1390	1390	1390	1390	1390	1390	1390
2786	363569	1391	1391	1391	1391	1391	1391	1391	1391	1390	1391	1392	1391	1391	1391	1392	1391	1391	1391	1391	1391	1390	1391	1390	1391	1390	1390	1391	1390	1391	1390	1391	1391	1390	1391	1391	1390	1391	1390	1391	1390	1390	1390	1390	1390	1391	1390	1391	1390	1389	1390	1390	1390	1390	1390	1390	1390	1392	1391	1391	1391	1391	1391	1391	1391	1391	1391	1390	1391	1390	1391	1391	1391	1390	1391	1391	1391	1391	1391	1391	1391	1391	1391	1391	1391	1391	1391	1391	1391	1391	1390	1391	1391	1391	1391	1391	1391	1391	1390	1391	1391	1391	1390	1391	1391	1391	1389	1390	1390	1390	1391	1391	1389	1390	1390	1390	1390	1390	1390	1390	1391	1390	1390	1390	1390	1391	1390	1390	1390
2787	364061	1392	1392	1392	1392	1391	1391	1392	1392	1392	1392	1391	1391	1391	1391	1391	1391	1391	1391	1391	1390	1391	1392	1392	1391	1390	1391	1391	1391	1391	1392	1392	1392	1392	1392	1391	1391	1391	1391	1391	1390	1391	1390	1391	1391	1390	1391	1391	1391	1392	1392	1392	1392	1392	1392	1392	1392	1393	1392	1391	1391	1391	1392	1391	1391	1391	1391	1391	1392	1392	1391	1391	1391	1392	1391	1391	1392	1391	1392	1391	1391	1392	1392	1392	1391	1391	1391	1391	1391	1391	1391	1391	1391	1391	1391	1391	1391	1391	1391	1391	1391	1391	1391	1392	1391	1391	1391	1392	1391	1391	1391	1391	1392	1391	1391	1391	1391	1391	1391	1391	1391	1391	1392	1391	1392	1392	1392	1392	1392
2788	364553	1392	1392	1392	1392	1392	1392	1391	1392	1391	1392	1391	1391	1391	1391	1392	1391	1391	1392	1392	1392	1392	1392	1391	1391	1392	1390	1391	1391	1392	1391	1391	1391	1391	1392	1391	1391	1391	1391	1392	1392	1392	1391	1391	1392	1392	1391	1392	1391	1392	1391	1392	1391	1391	1391	1391	1392	1392	1391	1392	1392	1393	1392	1392	1391	1392	1392	1392	1391	1391	1392	1391	1391	1391	1392	1392	1392	1392	1392	1392	1392	1392	1392	1393	1391	1392	1391	1392	1392	1392	1392	1392	1392	1391	1391	1392	1391	1391	1391	1391	1391	1391	1392	1391	1392	1392	1392	1391	1392	1392	1391	1392	1392	1392	1392	1392	1392	1391	1391	1392	1392	1392	1391	1392	1391	1391	1392	1392	1392
2789	365046	1392	1392	1391	1392	1392	1392	1393	1392	1393	1392	1393	1393	1392	1392	1392	1392	1393	1392	1392	1392	1392	1392	1392	1393	1392	1393	1393	1393	1393	1392	1392	1393	1393	1392	1392	1393	1392	1393	1392	1392	1393	1393	1392	1392	1393	1393	1392	1392	1392	1392	1392	1393	1393	1392	1392	1393	1393	1392	1392	1392	1391	1392	1392	1392	1392	1392	1392	1392	1392	1392	1392	1392	1392	1392	1392	1392	1392	1392	1392	1391	1392	1392	1392	1392	1392	1392	1392	1393	1392	1392	1392	1392	1392	1392	1392	1392	1392	1392	1392	1392	1392	1392	1392	1392	1392	1392	1393	1392	1392	1392	1392	1393	1393	1393	1392	1392	1393	1392	1392	1392	1392	1393	1392	1392	1393	1392	1393	1392
2790	365538	1393	1393	1393	1393	1393	1393	1393	1393	1392	1393	1392	1392	1392	1392	1392	1393	1392	1392	1392	1392	1392	1393	1392	1392	1393	1392	1392	1392	1392	1392	1392	1393	1392	1392	1393	1393	1392	1393	1393	1393	1393	1392	1392	1392	1392	1393	1392	1393	1392	1393	1393	1392	1393	1393	1393	1393	1393	1393	1393	1394	1393	1393	1393	1394	1393	1394	1393	1393	1393	1393	1393	1393	1392	1392	1392	1393	1392	1392	1393	1393	1393	1392	1393	1393	1393	1393	1392	1392	1392	1392	1392	1394	1392	1393	1393	1393	1392	1392	1392	1392	1393	1392	1392	1392	1393	1393	1393	1394	1393	1393	1393	1392	1393	1393	1393	1393	1392	1393	1392	1392	1393	1393	1392	1393	1393	1393	1392	1393
2791	366030	1393	1393	1392	1394	1393	1393	1393	1393	1394	1392	1392	1394	1393	1393	1393	1393	1394	1393	1393	1394	1393	1394	1393	1393	1393	1393	1393	1393	1394	1393	1393	1393	1394	1393	1393	1394	1394	1393	1394	1394	1394	1393	1393	1393	1393	1394	1394	1394	1393	1394	1394	1393	1393	1393	1394	1393	1392	1393	1393	1393	1393	1393	1393	1393	1394	1393	1392	1393	1393	1393	1393	1393	1393	1393	1393	1393	1393	1393	1393	1393	1393	1393	1393	1392	1392	1393	1393	1393	1393	1393	1394	1393	1394	1394	1394	1394	1393	1393	1393	1393	1393	1393	1393	1393	1393	1393	1393	1393	1393	1393	1393	1394	1393	1394	1394	1393	1394	1393	1394	1394	1393	1394	1393	1393	1394	1393	1393	1393
2792	366523	1393	1394	1394	1394	1394	1394	1393	1394	1393	1393	1393	1393	1393	1393	1393	1393	1392	1394	1393	1393	1393	1392	1393	1394	1394	1393	1393	1394	1393	1394	1393	1394	1394	1394	1394	1393	1394	1394	1394	1394	1393	1393	1394	1395	1394	1394	1394	1394	1394	1394	1394	1394	1394	1395	1395	1394	1394	1393	1395	1394	1394	1394	1394	1394	1394	1394	1394	1393	1394	1394	1394	1393	1394	1394	1394	1394	1394	1394	1393	1394	1393	1394	1394	1394	1394	1393	1394	1393	1394	1394	1394	1394	1394	1394	1394	1393	1393	1393	1394	1393	1393	1395	1393	1394	1394	1394	1395	1394	1394	1394	1393	1394	1394	1394	1393	1394	1394	1394	1394	1394	1394	1394	1394	1394	1393	1394	1394	1394
2793	367015	1394	1394	1394	1394	1393	1394	1394	1394	1394	1393	1394	1395	1395	1394	1394	1394	1394	1395	1395	1394	1394	1395	1395	1396	1394	1394	1394	1394	1394	1395	1394	1394	1394	1394	1395	1394	1394	1394	1393	1394	1393	1394	1394	1394	1394	1394	1394	1393	1394	1394	1394	1394	1394	1393	1394	1393	1393	1393	1393	1394	1394	1392	1394	1393	1394	1393	1393	1393	1393	1394	1393	1394	1393	1393	1393	1394	1394	1393	1393	1394	1395	1394	1394	1394	1394	1393	1394	1394	1394	1394	1394	1395	1394	1393	1394	1394	1394	1393	1394	1393	1394	1394	1393	1394	1394	1394	1394	1394	1394	1394	1394	1394	1394	1395	1394	1394	1394	1394	1393	1394	1394	1393	1394	1393	1393	1395	1394	1394
2794	367507	1395	1395	1395	1395	1395	1395	1395	1395	1395	1395	1395	1395	1394	1395	1395	1395	1395	1395	1395	1395	1395	1396	1395	1394	1395	1395	1395	1394	1394	1395	1394	1394	1394	1394	1394	1395	1395	1394	1395	1395	1395	1395	1395	1395	1395	1394	1395	1395	1394	1395	1394	1394	1394	1395	1395	1394	1394	1394	1394	1394	1394	1395	1394	1394	1395	1395	1395	1395	1395	1395	1395	1395	1395	1395	1395	1396	1394	1395	1395	1395	1395	1395	1395	1395	1395	1395	1396	1395	1395	1395	1396	1395	1396	1395	1395	1395	1395	1395	1396	1395	1396	1395	1395	1395	1396	1395	1395	1396	1395	1395	1394	1395	1395	1395	1395	1395	1395	1395	1395	1395	1395	1394	1395	1395	1395	1395	1395	1395
2795	368000	1395	1395	1395	1395	1394	1395	1395	1395	1395	1394	1394	1395	1395	1395	1394	1395	1395	1395	1394	1395	1395	1394	1395	1395	1395	1394	1394	1395	1395	1395	1395	1394	1395	1395	1395	1395	1394	1396	1395	1395	1395	1395	1396	1395	1395	1395	1395	1395	1394	1396	1396	1395	1395	1395	1395	1395	1395	1395	1395	1395	1395	1395	1395	1395	1395	1395	1395	1396	1395	1395	1395	1396	1395	1395	1395	1395	1395	1395	1395	1396	1395	1396	1395	1396	1396	1396	1396	1395	1396	1396	1396	1396	1395	1396	1395	1395	1396	1395	1395	1397	1395	1395	1395	1395	1395	1395	1395	1395	1395	1395	1395	1395	1395	1395	1395	1396	1395	1395	1394	1395	1395	1395	1395	1395	1395	1395	1395	1395
2796	368492	1397	1396	1396	1396	1395	1395	1396	1396	1395	1395	1395	1396	1396	1396	1396	1395	1396	1396	1396	1395	1395	1395	1395	1395	1395	1395	1395	1394	1396	1396	1395	1396	1395	1395	1395	1396	1396	1395	1396	1395	1396	1396	1396	1396	1396	1395	1397	1395	1395	1395	1395	1395	1395	1396	1395	1396	1396	1396	1396	1396	1396	1396	1396	1396	1396	1395	1395	1396	1395	1397	1396	1396	1397	1396	1396	1397	1396	1396	1395	1395	1396	1396	1396	1396	1395	1396	1395	1396	1396	1396	1396	1395	1396	1396	1395	1395	1395	1395	1395	1395	1395	1396	1395	1395	1395	1395	1395	1395	1395	1395	1395	1396	1395	1395	1395	1395	1395	1395	1395	1396	1395	1395	1395	1395	1396	1395	1396	1395
2797	368984	1395	1396	1396	1396	1396	1396	1396	1395	1396	1395	1396	1396	1396	1396	1396	1396	1396	1395	1396	1396	1397	1396	1396	1396	1396	1397	1396	1396	1396	1396	1397	1396	1397	1396	1396	1397	1396	1397	1396	1395	1396	1396	1396	1396	1396	1397	1396	1397	1396	1396	1397	1396	1396	1397	1396	1397	1396	1397	1396	1397	1397	1396	1397	1397	1396	1397	1397	1397	1396	1397	1396	1396	1397	1396	1396	1396	1396	1397	1396	1397	1396	1396	1395	1396	1396	1396	1396	1396	1396	1396	1396	1396	1396	1396	1397	1396	1396	1395	1396	1397	1396	1396	1396	1396	1397	1396	1397	1397	1397	1396	1396	1396	1396	1397	1398	1396	1397	1397	1397	1397	1397	1396	1397	1396	1396	1397	1396	1396
2798	369476	1397	1397	1398	1397	1397	1397	1397	1396	1397	1397	1394	1398	1398	1398	1397	1397	1398	1397	1397	1396	1397	1397	1397	1397	1396	1397	1397	1397	1396	1395	1396	1395	1396	1396	1396	1396	1396	1396	1396	1396	1396	1396	1397	1397	1397	1396	1397	1397	1396	1396	1397	1397	1398	1396	1396	1396	1396	1397	1396	1396	1397	1397	1397	1397	1398	1397	1397	1397	1399	1398	1397	1397	1398	1396	1397	1397	1397	1397	1396	1396	1397	1397	1397	1397	1396	1397	1396	1396	1396	1396	1397	1397	1397	1397	1397	1397	1396	1396	1397	1396	1397	1396	1396	1397	1396	1397	1396	1397	1396	1397	1396	1396	1395	1396	1396	1397	1396	1396	1397	1397	1397	1396	1396	1397	1396	1397	1396	1397
2799	369969	1397	1397	1397	1398	1398	1397	1397	1397	1398	1397	1398	1397	1398	1398	1398	1398	1397	1397	1398	1398	1398	1397	1398	1397	1397	1398	1398	1397	1398	1399	1398	1398	1398	1398	1397	1397	1397	1397	1398	1397	1397	1397	1397	1398	1397	1397	1397	1397	1397	1397	1396	1398	1397	1397	1397	1397	1398	1397	1397	1397	1397	1397	1396	1397	1398	1398	1397	1397	1397	1397	1398	1397	1397	1398	1397	1397	1398	1396	1397	1397	1397	1397	1397	1397	1396	1398	1397	1398	1398	1397	1399	1397	1397	1398	1397	1398	1397	1397	1398	1398	1398	1397	1397	1398	1397	1398	1397	1398	1397	1398	1398	1398	1398	1398	1398	1398	1397	1398	1397	1398	1398	1397	1400	1397	1398	1397	1398	1397
2800	370461	1398	1398	1397	1398	1398	1398	1398	1398	1397	1398	1398	1398	1398	1397	1397	1398	1398	1397	1397	1397	1397	1398	1397	1398	1398	1398	1398	1398	1398	1398	1397	1398	1398	1398	1397	1398	1398	1398	1398	1398	1398	1397	1398	1397	1398	1398	1397	1397	1398	1398	1398	1398	1398	1398	1398	1397	1398	1398	1398	1398	1398	1398	1398	1398	1399	1398	1397	1398	1398	1398	1398	1397	1398	1397	1397	1398	1397	1398	1397	1398	1398	1398	1399	1396	1398	1398	1398	1398	1398	1397	1398	1397	1397	1397	1397	1398	1397	1398	1398	1397	1398	1397	1397	1398	1398	1398	1397	1398	1398	1398	1398	1397	1398	1398	1398	1398	1397	1398	1398	1397	1397	1398	1397	1397	1397	1398	1398	1397
2801	370953	1398	1399	1399	1399	1399	1398	1398	1399	1399	1398	1398	1399	1398	1398	1398	1400	1399	1398	1398	1398	1399	1399	1399	1399	1399	1400	1398	1398	1399	1398	1399	1398	1398	1398	1397	1398	1398	1398	1398	1398	1398	1398	1398	1398	1398	1397	1398	1398	1399	1399	1398	1398	1397	1397	1397	1397	1398	1397	1397	1397	1398	1398	1398	1398	1398	1398	1398	1398	1398	1398	1398	1398	1399	1398	1398	1398	1398	1398	1398	1398	1397	1397	1398	1397	1397	1398	1397	1398	1398	1398	1398	1397	1398	1398	1398	1398	1397	1398	1398	1399	1398	1398	1398	1398	1398	1398	1398	1399	1398	1398	1397	1398	1398	1398	1398	1397	1398	1398	1398	1398	1398	1399	1398	1398	1398	1398	1399	1398
2802	371446	1399	1399	1399	1399	1400	1400	1399	1399	1400	1400	1399	1399	1399	1399	1399	1399	1399	1399	1399	1399	1399	1399	1399	1399	1399	1399	1399	1399	1399	1399	1399	1399	1399	1399	1399	1399	1399	1399	1399	1399	1399	1399	1399	1399	1398	1399	1398	1398	1399	1399	1399	1398	1399	1399	1399	1399	1398	1398	1398	1398	1398	1398	1399	1398	1398	1399	1398	1398	1399	1398	1399	1398	1398	1398	1399	1399	1399	1398	1399	1398	1399	1399	1398	1399	1398	1399	1398	1398	1398	1400	1398	1398	1399	1399	1399	1399	1399	1399	1398	1399	1398	1400	1398	1398	1399	1398	1398	1398	1399	1399	1398	1399	1398	1398	1399	1398	1398	1399	1398	1398	1399	1399	1398	1398	1399	1398	1399	1398
2803	371938	1399	1399	1399	1399	1399	1399	1398	1399	1399	1399	1398	1399	1399	1399	1399	1400	1399	1399	1399	1399	1399	1399	1399	1399	1399	1399	1400	1399	1400	1400	1400	1400	1400	1400	1400	1399	1400	1399	1399	1399	1399	1399	1399	1399	1399	1399	1399	1399	1399	1399	1399	1399	1399	1399	1399	1400	1399	1399	1398	1398	1400	1399	1399	1398	1398	1399	1399	1399	1399	1398	1399	1399	1399	1398	1399	1399	1399	1400	1399	1399	1399	1400	1399	1399	1399	1399	1399	1400	1399	1399	1399	1399	1399	1399	1399	1399	1399	1399	1400	1400	1399	1400	1400	1400	1400	1400	1400	1399	1400	1400	1399	1400	1399	1400	1400	1399	1399	1399	1399	1399	1399	1399	1400	1399	1399	1399	1400	1399
2804	372430	1400	1401	1401	1400	1400	1400	1399	1400	1400	1400	1399	1400	1400	1400	1400	1400	1400	1400	1400	1400	1399	1399	1399	1400	1399	1399	1400	1400	1400	1400	1400	1399	1400	1401	1399	1399	1400	1400	1400	1400	1400	1400	1400	1400	1399	1400	1399	1400	1400	1400	1400	1401	1400	1400	1400	1400	1400	1401	1400	1400	1400	1400	1401	1400	1400	1399	1400	1400	1400	1400	1400	1400	1400	1400	1399	1399	1400	1401	1400	1400	1399	1399	1400	1399	1399	1399	1399	1400	1399	1399	1399	1400	1400	1400	1399	1399	1399	1400	1398	1399	1399	1400	1399	1400	1399	1400	1399	1399	1398	1399	1399	1399	1399	1399	1399	1400	1400	1400	1400	1400	1400	1400	1399	1400	1399	1400	1400	1399
2805	372923	1400	1401	1401	1401	1401	1400	1401	1401	1402	1400	1400	1400	1400	1400	1400	1400	1400	1400	1400	1400	1400	1400	1400	1401	1400	1400	1400	1399	1401	1401	1400	1400	1400	1401	1400	1400	1400	1399	1399	1400	1399	1399	1400	1399	1399	1400	1400	1400	1400	1400	1399	1399	1399	1400	1399	1399	1399	1399	1399	1399	1400	1400	1399	1399	1400	1400	1400	1400	1400	1400	1400	1400	1399	1400	1400	1400	1400	1400	1400	1400	1400	1400	1401	1400	1399	1401	1401	1400	1401	1400	1400	1401	1400	1401	1400	1400	1401	1401	1401	1401	1401	1401	1401	1401	1400	1401	1401	1401	1400	1400	1400	1401	1400	1400	1399	1400	1400	1400	1399	1399	1400	1399	1399	1400	1400	1400	1400	1400
2806	373415	1401	1401	1400	1400	1402	1402	1400	1400	1400	1401	1401	1401	1401	1400	1400	1401	1400	1401	1400	1400	1401	1400	1401	1400	1401	1401	1401	1401	1400	1401	1401	1400	1401	1400	1400	1401	1400	1400	1401	1401	1401	1401	1400	1401	1401	1401	1400	1401	1400	1400	1401	1401	1401	1401	1400	1401	1400	1400	1401	1401	1401	1404	1401	1401	1401	1401	1401	1400	1401	1401	1400	1401	1401	1400	1401	1400	1400	1400	1400	1401	1401	1401	1401	1401	1401	1401	1401	1401	1400	1401	1400	1401	1400	1400	1401	1400	1401	1401	1401	1401	1400	1400	1401	1401	1401	1400	1401	1401	1401	1401	1401	1401	1401	1400	1401	1401	1401	1401	1402	1400	1400	1400	1400	1401	1401	1400	1400	1400
2807	373907	1402	1402	1401	1401	1401	1402	1402	1402	1400	1402	1401	1401	1402	1401	1402	1401	1401	1402	1401	1401	1401	1401	1401	1401	1401	1401	1401	1400	1401	1400	1400	1400	1400	1401	1401	1401	1401	1400	1401	1401	1401	1401	1401	1402	1401	1402	1401	1401	1402	1401	1401	1402	1401	1400	1400	1401	1401	1401	1401	1402	1401	1401	1401	1401	1402	1402	1401	1403	1402	1402	1401	1401	1402	1401	1402	1401	1401	1402	1401	1401	1401	1401	1401	1401	1401	1401	1401	1401	1401	1402	1401	1401	1401	1401	1401	1401	1401	1400	1400	1401	1400	1400	1401	1401	1401	1401	1401	1400	1401	1401	1401	1400	1401	1400	1401	1400	1401	1401	1402	1401	1401	1401	1401	1401	1401	1401	1401	1400
2808	374400	1401	1401	1401	1401	1401	1402	1401	1401	1400	1401	1401	1400	1401	1400	1401	1401	1401	1401	1401	1401	1401	1401	1401	1401	1401	1401	1401	1401	1400	1401	1400	1401	1400	1401	1401	1400	1401	1401	1401	1401	1401	1401	1401	1401	1401	1401	1403	1402	1401	1402	1401	1402	1401	1402	1402	1401	1402	1401	1401	1402	1401	1401	1401	1402	1402	1400	1401	1402	1402	1401	1402	1401	1401	1402	1402	1401	1401	1402	1402	1402	1403	1402	1401	1402	1401	1402	1402	1401	1402	1401	1401	1401	1401	1401	1401	1401	1401	1401	1402	1402	1402	1401	1401	1403	1401	1402	1402	1401	1401	1401	1402	1401	1402	1401	1401	1402	1402	1401	1401	1401	1402	1401	1400	1402	1402	1402	1403	1402
2809	374892	1403	1402	1402	1403	1402	1402	1402	1402	1403	1403	1403	1402	1402	1402	1401	1402	1403	1402	1402	1402	1403	1402	1402	1402	1401	1402	1402	1402	1402	1402	1402	1402	1402	1402	1402	1402	1403	1402	1402	1402	1403	1402	1402	1402	1402	1402	1402	1403	1401	1402	1402	1402	1402	1401	1402	1403	1403	1403	1402	1402	1402	1402	1402	1402	1403	1403	1402	1402	1402	1402	1402	1402	1402	1403	1402	1402	1403	1402	1402	1402	1403	1403	1403	1402	1403	1403	1403	1402	1402	1402	1403	1403	1402	1402	1402	1402	1403	1403	1403	1402	1402	1402	1402	1403	1403	1402	1402	1402	1403	1402	1401	1402	1402	1402	1403	1402	1402	1402	1402	1402	1402	1402	1402	1402	1403	1402	1403	1403
2810	375384	1403	1403	1403	1403	1403	1403	1403	1403	1403	1402	1403	1403	1401	1402	1403	1403	1403	1403	1403	1403	1403	1403	1402	1402	1403	1402	1403	1402	1402	1402	1402	1402	1402	1402	1402	1403	1403	1402	1402	1402	1403	1402	1402	1402	1402	1402	1402	1402	1402	1402	1403	1402	1402	1402	1401	1402	1402	1403	1403	1402	1402	1402	1402	1403	1402	1403	1402	1402	1403	1402	1402	1402	1402	1402	1402	1402	1402	1403	1402	1403	1403	1403	1403	1402	1403	1402	1403	1403	1403	1402	1402	1402	1403	1402	1403	1402	1402	1403	1402	1402	1402	1403	1403	1402	1403	1403	1403	1403	1403	1403	1403	1403	1403	1403	1403	1403	1403	1402	1402	1403	1402	1403	1402	1402	1402	1402	1402	1402
2811	375876	1403	1402	1401	1403	1402	1403	1402	1403	1403	1403	1403	1403	1404	1403	1404	1404	1403	1403	1404	1403	1403	1403	1403	1403	1403	1403	1403	1403	1403	1404	1403	1403	1403	1402	1403	1403	1403	1403	1403	1403	1403	1403	1403	1403	1403	1403	1403	1403	1403	1402	1403	1403	1403	1404	1403	1403	1402	1403	1403	1403	1403	1403	1402	1403	1403	1403	1404	1403	1403	1403	1403	1403	1403	1403	1403	1403	1403	1402	1403	1403	1404	1403	1402	1403	1403	1403	1403	1403	1403	1403	1403	1404	1403	1404	1403	1403	1403	1403	1403	1402	1403	1403	1404	1404	1403	1403	1404	1404	1403	1404	1404	1404	1404	1403	1403	1403	1403	1403	1403	1403	1403	1403	1403	1403	1403	1402	1403	1403
2812	376369	1404	1404	1404	1404	1404	1403	1404	1404	1403	1404	1404	1403	1404	1403	1404	1403	1404	1403	1403	1404	1404	1404	1403	1403	1404	1403	1403	1403	1403	1404	1404	1404	1404	1403	1403	1403	1404	1403	1403	1403	1403	1403	1403	1404	1403	1403	1404	1404	1404	1404	1404	1404	1404	1404	1403	1404	1404	1403	1404	1403	1404	1404	1404	1404	1404	1404	1404	1403	1403	1404	1404	1404	1404	1404	1403	1403	1404	1404	1403	1403	1403	1403	1403	1403	1404	1402	1403	1404	1403	1404	1403	1403	1403	1404	1404	1404	1403	1403	1404	1404	1404	1404	1403	1403	1404	1404	1403	1404	1404	1403	1404	1403	1404	1403	1403	1403	1403	1404	1404	1404	1404	1404	1404	1404	1404	1404	1404	1404
2813	376861	1403	1404	1404	1404	1404	1403	1404	1404	1404	1404	1404	1404	1404	1404	1403	1404	1404	1404	1404	1404	1404	1404	1402	1403	1403	1403	1404	1404	1404	1404	1403	1404	1404	1405	1404	1404	1404	1404	1405	1405	1405	1404	1404	1404	1404	1405	1404	1404	1404	1404	1405	1405	1404	1405	1405	1404	1404	1404	1404	1405	1403	1405	1405	1404	1405	1405	1404	1405	1404	1405	1404	1404	1404	1404	1404	1404	1404	1404	1404	1404	1404	1404	1404	1404	1405	1405	1404	1404	1404	1404	1404	1404	1404	1404	1404	1403	1404	1404	1405	1405	1404	1404	1404	1404	1405	1404	1404	1404	1404	1404	1404	1404	1404	1405	1405	1404	1405	1405	1405	1405	1404	1404	1404	1404	1405	1404	1405	1404
2814	377353	1405	1405	1404	1405	1405	1405	1404	1404	1405	1405	1405	1404	1405	1405	1404	1405	1405	1405	1405	1405	1405	1405	1405	1405	1405	1404	1405	1405	1404	1404	1405	1405	1404	1404	1405	1405	1405	1405	1405	1405	1405	1405	1405	1405	1405	1405	1404	1405	1405	1405	1404	1404	1405	1404	1404	1405	1404	1405	1404	1404	1405	1404	1405	1404	1404	1404	1405	1405	1405	1404	1405	1405	1405	1405	1404	1405	1404	1405	1405	1405	1405	1404	1405	1405	1405	1404	1405	1404	1405	1404	1404	1405	1404	1405	1405	1404	1405	1404	1404	1404	1404	1404	1404	1404	1405	1404	1405	1404	1405	1404	1405	1405	1404	1405	1405	1405	1405	1404	1405	1405	1404	1405	1405	1405	1404	1404	1405	1405
2815	377846	1406	1405	1405	1405	1404	1406	1405	1405	1405	1406	1406	1406	1406	1406	1405	1406	1405	1406	1405	1405	1405	1404	1405	1405	1405	1405	1405	1405	1405	1405	1406	1405	1405	1405	1405	1406	1405	1405	1405	1405	1405	1404	1405	1405	1405	1405	1405	1404	1405	1405	1405	1404	1405	1405	1406	1405	1406	1406	1406	1406	1405	1406	1405	1405	1406	1405	1405	1405	1405	1406	1405	1405	1405	1405	1406	1405	1406	1406	1406	1406	1405	1405	1406	1405	1406	1404	1406	1405	1406	1406	1405	1405	1405	1405	1405	1405	1405	1404	1405	1405	1405	1405	1405	1405	1405	1405	1405	1406	1405	1405	1405	1405	1405	1405	1405	1404	1404	1405	1405	1404	1405	1405	1405	1405	1404	1405	1405	1405
2816	378338	1405	1406	1405	1405	1405	1405	1405	1405	1405	1406	1404	1406	1405	1406	1406	1406	1406	1406	1406	1406	1405	1406	1407	1406	1405	1406	1406	1406	1406	1407	1406	1407	1406	1406	1406	1407	1406	1406	1406	1406	1406	1407	1406	1407	1406	1406	1406	1406	1406	1406	1406	1406	1406	1406	1405	1406	1405	1406	1406	1406	1404	1405	1405	1405	1406	1406	1405	1405	1406	1405	1405	1405	1405	1404	1406	1405	1405	1405	1406	1406	1405	1405	1405	1405	1406	1405	1405	1405	1405	1406	1405	1406	1406	1406	1406	1405	1406	1406	1406	1406	1406	1407	1407	1407	1406	1406	1407	1406	1407	1406	1406	1406	1406	1406	1406	1406	1405	1404	1406	1405	1406	1405	1406	1405	1405	1406	1405	1406
2817	378830	1405	1406	1405	1406	1406	1406	1406	1406	1407	1406	1407	1406	1406	1407	1406	1407	1407	1407	1407	1406	1407	1407	1407	1408	1405	1406	1406	1407	1406	1406	1407	1405	1406	1406	1406	1406	1406	1406	1406	1406	1406	1406	1405	1406	1406	1405	1405	1405	1406	1406	1406	1406	1406	1405	1406	1405	1406	1406	1404	1406	1405	1405	1406	1406	1406	1406	1406	1407	1406	1406	1407	1406	1406	1406	1407	1406	1405	1406	1406	1406	1407	1406	1406	1405	1406	1406	1406	1406	1406	1405	1406	1407	1407	1406	1406	1406	1406	1406	1407	1407	1406	1407	1406	1406	1406	1406	1406	1405	1406	1407	1406	1406	1406	1406	1406	1406	1407	1406	1404	1406	1405	1406	1405	1406	1406	1406	1406	1406
2818	379323	1407	1407	1406	1406	1406	1407	1406	1406	1406	1407	1406	1407	1407	1408	1407	1407	1407	1407	1407	1407	1407	1407	1406	1406	1407	1406	1407	1406	1406	1407	1407	1408	1406	1406	1407	1406	1407	1407	1406	1407	1406	1407	1407	1407	1406	1406	1406	1407	1406	1406	1406	1407	1406	1406	1407	1406	1406	1407	1407	1406	1406	1406	1407	1406	1406	1407	1407	1407	1407	1407	1406	1406	1407	1406	1406	1407	1407	1407	1407	1406	1406	1406	1407	1406	1406	1405	1407	1407	1407	1406	1406	1407	1407	1406	1406	1406	1406	1406	1407	1406	1407	1407	1407	1406	1406	1407	1407	1406	1406	1407	1406	1407	1407	1408	1407	1407	1407	1407	1407	1407	1407	1407	1407	1407	1407	1406	1406	1406
2819	379815	1407	1408	1407	1407	1407	1406	1407	1406	1408	1407	1408	1407	1408	1408	1408	1408	1407	1408	1408	1408	1408	1407	1408	1408	1408	1407	1407	1407	1406	1407	1407	1408	1407	1407	1407	1407	1406	1407	1407	1407	1407	1407	1406	1407	1407	1406	1408	1407	1408	1407	1407	1407	1407	1407	1407	1406	1408	1407	1407	1407	1407	1407	1406	1407	1406	1406	1407	1407	1406	1407	1407	1407	1408	1406	1408	1407	1407	1408	1407	1408	1407	1408	1408	1407	1407	1407	1406	1407	1407	1407	1406	1408	1407	1407	1408	1407	1407	1407	1407	1408	1407	1407	1407	1407	1407	1407	1408	1407	1408	1407	1407	1408	1406	1408	1406	1407	1407	1406	1407	1407	1407	1406	1406	1408	1408	1408	1407	1407
2820	380307	1407	1406	1408	1407	1408	1408	1407	1408	1407	1408	1408	1407	1407	1407	1408	1408	1407	1408	1408	1408	1408	1407	1407	1408	1408	1408	1408	1408	1408	1408	1408	1408	1408	1408	1408	1408	1408	1407	1408	1407	1408	1408	1408	1408	1408	1408	1408	1408	1408	1408	1408	1407	1408	1408	1407	1408	1408	1408	1408	1408	1408	1408	1408	1406	1408	1408	1408	1407	1408	1408	1408	1408	1408	1407	1408	1408	1408	1408	1408	1407	1407	1408	1409	1408	1408	1407	1408	1408	1408	1408	1408	1408	1408	1408	1408	1408	1408	1407	1407	1408	1408	1408	1408	1408	1408	1407	1408	1408	1408	1407	1408	1408	1408	1408	1409	1409	1408	1407	1408	1408	1407	1408	1408	1408	1408	1408	1408	1408
2821	380800	1408	1408	1408	1409	1409	1408	1409	1409	1408	1408	1409	1408	1409	1408	1408	1408	1409	1408	1409	1408	1408	1408	1409	1408	1408	1408	1408	1409	1408	1408	1409	1408	1408	1408	1408	1408	1408	1408	1408	1409	1408	1408	1408	1408	1408	1408	1408	1407	1408	1408	1408	1408	1408	1408	1408	1408	1408	1408	1408	1408	1408	1408	1408	1408	1408	1407	1408	1408	1408	1408	1408	1408	1408	1408	1408	1408	1408	1409	1408	1408	1409	1408	1408	1408	1409	1408	1408	1408	1408	1408	1407	1408	1408	1408	1408	1408	1408	1408	1408	1408	1408	1408	1408	1408	1408	1407	1408	1408	1408	1408	1408	1408	1408	1408	1408	1408	1408	1408	1408	1408	1408	1408	1406	1408	1407	1407	1408	1407
2822	381292	1408	1408	1409	1408	1408	1408	1408	1408	1408	1408	1408	1408	1408	1408	1408	1408	1408	1408	1408	1408	1409	1408	1408	1408	1408	1408	1408	1408	1408	1408	1408	1408	1408	1408	1408	1408	1408	1408	1408	1408	1408	1408	1409	1409	1409	1408	1409	1409	1409	1409	1408	1408	1409	1408	1408	1408	1409	1408	1408	1408	1408	1409	1409	1409	1408	1409	1409	1409	1409	1408	1408	1409	1409	1409	1408	1409	1409	1409	1409	1409	1410	1409	1409	1409	1409	1409	1409	1408	1408	1408	1409	1409	1409	1409	1408	1409	1408	1409	1408	1408	1409	1408	1408	1408	1409	1408	1408	1408	1408	1408	1409	1408	1409	1408	1409	1408	1408	1408	1408	1409	1408	1409	1409	1409	1409	1410	1408	1409
2823	381784	1409	1408	1409	1409	1409	1408	1408	1408	1408	1410	1410	1409	1409	1409	1409	1410	1408	1409	1410	1409	1409	1409	1410	1409	1409	1410	1408	1409	1409	1409	1409	1409	1408	1409	1409	1410	1410	1409	1409	1409	1409	1410	1409	1408	1409	1409	1409	1408	1409	1408	1408	1409	1408	1409	1409	1409	1408	1408	1408	1409	1409	1409	1409	1408	1408	1409	1409	1410	1409	1409	1408	1409	1410	1409	1409	1409	1409	1410	1409	1409	1410	1409	1410	1409	1409	1409	1410	1409	1409	1409	1409	1409	1409	1409	1409	1409	1409	1409	1408	1409	1409	1409	1409	1409	1409	1409	1409	1408	1409	1408	1409	1409	1408	1409	1408	1409	1409	1409	1410	1408	1409	1410	1409	1409	1409	1408	1409	1408
2824	382276	1410	1410	1410	1409	1410	1409	1409	1409	1409	1409	1409	1410	1409	1409	1409	1409	1410	1410	1409	1410	1410	1410	1410	1410	1409	1409	1409	1408	1409	1410	1409	1409	1409	1409	1409	1409	1410	1410	1409	1409	1409	1409	1410	1409	1410	1409	1409	1409	1409	1410	1411	1411	1410	1409	1410	1409	1409	1409	1409	1409	1409	1410	1409	1409	1409	1410	1410	1409	1410	1409	1410	1409	1409	1409	1409	1409	1410	1409	1409	1409	1410	1409	1409	1409	1409	1409	1409	1409	1409	1408	1409	1410	1409	1409	1409	1409	1409	1409	1409	1409	1409	1408	1408	1408	1408	1409	1409	1410	1409	1409	1408	1408	1409	1408	1409	1409	1409	1409	1409	1410	1409	1409	1409	1410	1409	1409	1409	1409
2825	382769	1410	1410	1411	1410	1410	1409	1410	1409	1410	1410	1410	1410	1409	1410	1410	1410	1411	1410	1409	1410	1410	1409	1409	1409	1410	1410	1409	1410	1409	1409	1410	1410	1409	1409	1410	1410	1409	1409	1409	1411	1410	1410	1411	1410	1411	1410	1410	1411	1410	1410	1411	1411	1410	1410	1411	1410	1410	1411	1410	1412	1409	1410	1410	1410	1410	1409	1410	1410	1410	1410	1410	1411	1410	1410	1410	1410	1410	1410	1409	1410	1410	1409	1410	1410	1409	1410	1410	1409	1410	1410	1410	1409	1409	1410	1409	1410	1409	1409	1410	1410	1410	1410	1410	1410	1409	1410	1410	1410	1409	1410	1409	1411	1409	1409	1408	1409	1410	1410	1409	1411	1410	1410	1410	1410	1411	1410	1410	1411
2826	383261	1411	1411	1411	1411	1411	1411	1411	1410	1411	1411	1411	1411	1410	1411	1411	1411	1411	1410	1411	1411	1410	1411	1411	1411	1410	1410	1411	1410	1411	1410	1410	1411	1410	1410	1411	1410	1411	1411	1411	1410	1411	1411	1410	1411	1411	1410	1410	1410	1410	1410	1410	1411	1411	1410	1410	1411	1411	1411	1411	1411	1410	1411	1411	1411	1411	1410	1410	1410	1410	1410	1410	1410	1410	1410	1410	1410	1410	1411	1410	1411	1411	1410	1410	1409	1410	1411	1410	1410	1410	1410	1410	1410	1410	1410	1411	1410	1411	1411	1411	1411	1411	1410	1411	1410	1411	1411	1410	1411	1411	1410	1410	1410	1410	1411	1410	1410	1411	1411	1411	1411	1410	1411	1411	1411	1411	1410	1411	1410
2827	383753	1411	1410	1410	1410	1410	1411	1410	1410	1410	1410	1410	1411	1410	1411	1410	1410	1410	1410	1411	1410	1410	1410	1411	1410	1410	1411	1411	1411	1411	1411	1411	1411	1411	1411	1411	1411	1412	1411	1411	1411	1411	1411	1411	1411	1411	1411	1411	1411	1412	1411	1411	1411	1411	1412	1412	1411	1411	1411	1411	1411	1411	1411	1411	1411	1410	1410	1411	1410	1410	1410	1411	1410	1411	1411	1410	1411	1411	1410	1410	1411	1410	1410	1410	1410	1410	1410	1411	1410	1410	1410	1410	1411	1410	1410	1410	1410	1411	1411	1409	1411	1411	1411	1411	1412	1411	1412	1412	1411	1411	1411	1411	1411	1410	1411	1411	1411	1411	1411	1411	1411	1411	1411	1411	1411	1409	1411	1411	1411
2828	384246	1411	1411	1411	1411	1411	1411	1411	1411	1411	1412	1411	1411	1412	1411	1411	1411	1412	1412	1412	1412	1411	1411	1412	1411	1411	1411	1411	1411	1412	1411	1411	1412	1412	1412	1412	1412	1412	1411	1412	1411	1411	1412	1412	1412	1411	1412	1412	1411	1412	1412	1411	1412	1411	1411	1411	1411	1411	1411	1411	1412	1411	1411	1411	1411	1411	1411	1412	1411	1411	1411	1411	1411	1412	1410	1412	1412	1412	1412	1411	1412	1412	1411	1411	1411	1411	1413	1411	1411	1411	1411	1411	1411	1411	1411	1412	1412	1411	1411	1412	1412	1412	1411	1411	1412	1410	1412	1411	1411	1411	1411	1412	1411	1411	1411	1411	1411	1411	1412	1412	1411	1411	1411	1412	1412	1412	1412	1411	1411
2829	384738	1412	1411	1411	1411	1412	1412	1412	1412	1412	1412	1412	1412	1412	1412	1412	1412	1412	1412	1412	1412	1412	1412	1412	1412	1412	1412	1412	1412	1412	1412	1412	1412	1411	1412	1412	1412	1412	1412	1412	1412	1412	1412	1412	1413	1412	1412	1412	1411	1412	1411	1412	1412	1412	1412	1412	1411	1412	1413	1413	1412	1412	1412	1412	1413	1412	1412	1412	1412	1412	1412	1413	1413	1412	1411	1412	1412	1412	1412	1412	1413	1412	1412	1413	1413	1412	1412	1412	1413	1412	1412	1412	1413	1412	1412	1412	1412	1412	1412	1411	1412	1412	1412	1412	1413	1412	1412	1412	1412	1412	1412	1412	1412	1413	1412	1412	1411	1412	1411	1412	1411	1411	1411	1411	1412	1411	1411	1411	1410
2830	385230	1412	1412	1412	1412	1412	1413	1412	1412	1413	1413	1413	1413	1413	1413	1413	1414	1413	1413	1412	1412	1413	1412	1412	1412	1412	1413	1412	1412	1413	1412	1413	1412	1413	1412	1412	1413	1412	1412	1412	1412	1412	1413	1412	1412	1413	1412	1412	1412	1412	1413	1412	1412	1412	1412	1413	1412	1413	1412	1413	1413	1413	1412	1412	1413	1413	1412	1412	1412	1413	1413	1413	1413	1413	1413	1413	1413	1413	1413	1413	1412	1413	1413	1413	1413	1413	1412	1412	1412	1413	1413	1413	1412	1412	1413	1412	1413	1412	1412	1412	1410	1412	1413	1412	1412	1411	1412	1412	1412	1412	1412	1412	1412	1412	1412	1412	1411	1412	1412	1412	1412	1412	1412	1412	1412	1412	1412	1412	1412
2831	385723	1413	1413	1412	1413	1413	1412	1412	1412	1413	1413	1413	1412	1412	1413	1413	1412	1413	1412	1412	1413	1413	1413	1412	1412	1413	1412	1413	1413	1412	1413	1413	1413	1414	1413	1413	1412	1413	1413	1413	1413	1412	1413	1413	1413	1413	1413	1413	1413	1414	1413	1414	1413	1413	1413	1413	1413	1413	1414	1413	1413	1413	1413	1413	1414	1413	1413	1414	1413	1413	1413	1414	1413	1413	1414	1413	1413	1413	1413	1413	1413	1413	1413	1412	1412	1412	1412	1412	1412	1413	1412	1412	1412	1412	1413	1412	1413	1413	1412	1412	1412	1412	1412	1413	1413	1412	1412	1412	1413	1412	1413	1413	1412	1413	1413	1413	1413	1412	1413	1412	1412	1413	1413	1413	1412	1413	1413	1413	1414
2832	386215	1413	1414	1413	1413	1413	1413	1414	1414	1414	1414	1413	1413	1413	1414	1414	1413	1413	1415	1414	1414	1414	1414	1414	1415	1413	1413	1413	1414	1414	1413	1414	1413	1414	1414	1414	1414	1413	1414	1414	1413	1414	1413	1414	1413	1414	1413	1413	1413	1414	1414	1413	1414	1413	1413	1414	1413	1412	1413	1413	1413	1412	1413	1412	1414	1413	1413	1413	1413	1412	1413	1412	1413	1413	1413	1413	1413	1413	1412	1413	1412	1413	1413	1412	1413	1413	1414	1414	1413	1413	1414	1413	1414	1413	1413	1412	1413	1414	1414	1414	1413	1413	1413	1413	1414	1413	1414	1414	1413	1413	1413	1414	1413	1413	1413	1413	1414	1413	1414	1413	1413	1413	1413	1414	1413	1413	1413	1413	1414
2833	386707	1415	1414	1413	1415	1414	1415	1414	1414	1414	1414	1414	1414	1414	1414	1414	1414	1414	1414	1413	1414	1414	1414	1413	1413	1414	1413	1414	1413	1414	1413	1414	1415	1414	1414	1413	1413	1413	1413	1413	1414	1413	1414	1414	1414	1414	1414	1414	1414	1414	1414	1415	1414	1414	1414	1414	1415	1414	1414	1414	1415	1414	1414	1415	1415	1415	1414	1414	1414	1414	1414	1414	1413	1414	1414	1414	1414	1414	1414	1414	1414	1414	1414	1414	1413	1414	1413	1414	1413	1414	1413	1413	1413	1413	1415	1414	1413	1414	1413	1414	1414	1414	1414	1413	1414	1414	1414	1414	1414	1414	1414	1414	1414	1413	1414	1413	1413	1413	1413	1414	1414	1415	1414	1414	1415	1414	1415	1414	1415
2834	387200	1414	1415	1415	1415	1415	1415	1414	1414	1415	1416	1415	1415	1415	1414	1415	1415	1415	1415	1415	1415	1415	1415	1415	1415	1415	1415	1415	1414	1414	1415	1414	1414	1414	1414	1414	1414	1414	1414	1414	1414	1414	1415	1415	1415	1415	1414	1414	1415	1415	1415	1415	1414	1415	1415	1415	1415	1415	1414	1415	1414	1414	1414	1414	1414	1414	1415	1415	1415	1415	1415	1414	1415	1414	1415	1415	1415	1415	1415	1415	1415	1415	1415	1415	1415	1415	1415	1415	1413	1414	1415	1415	1414	1414	1415	1415	1415	1415	1414	1415	1415	1415	1415	1414	1415	1414	1414	1414	1414	1414	1415	1414	1414	1414	1414	1415	1414	1414	1414	1414	1414	1414	1414	1414	1413	1414	1414	1414	1415
2835	387692	1415	1415	1415	1414	1415	1415	1415	1415	1415	1415	1415	1415	1415	1415	1415	1415	1415	1415	1415	1415	1415	1415	1414	1415	1415	1415	1415	1415	1415	1415	1414	1415	1414	1415	1415	1415	1415	1415	1415	1415	1415	1415	1415	1415	1415	1415	1415	1416	1414	1415	1415	1415	1416	1415	1415	1415	1415	1415	1415	1415	1413	1415	1415	1415	1415	1414	1415	1415	1415	1415	1415	1415	1415	1415	1415	1415	1415	1415	1416	1416	1415	1416	1415	1415	1415	1415	1415	1415	1416	1415	1414	1415	1415	1416	1414	1415	1415	1415	1415	1415	1415	1414	1415	1415	1415	1415	1415	1415	1416	1416	1415	1414	1415	1414	1415	1415	1415	1415	1414	1415	1415	1415	1415	1415	1415	1415	1415	1415
2836	388184	1416	1416	1416	1415	1415	1415	1415	1416	1415	1415	1415	1416	1415	1415	1415	1416	1415	1415	1416	1416	1415	1416	1416	1415	1416	1416	1415	1416	1416	1415	1415	1415	1416	1415	1415	1415	1415	1415	1415	1417	1415	1415	1416	1416	1416	1416	1415	1415	1415	1416	1415	1416	1415	1415	1415	1415	1415	1415	1415	1416	1415	1416	1415	1416	1416	1415	1416	1415	1415	1415	1416	1415	1414	1415	1415	1415	1415	1415	1415	1415	1415	1416	1415	1415	1415	1414	1415	1415	1415	1414	1415	1415	1415	1415	1415	1415	1415	1415	1415	1415	1415	1415	1416	1415	1415	1416	1416	1416	1416	1416	1416	1416	1416	1416	1415	1411	1415	1415	1416	1415	1415	1415	1416	1415	1415	1415	1415	1415
2837	388676	1416	1415	1416	1416	1415	1417	1415	1416	1416	1416	1416	1416	1416	1417	1416	1416	1416	1415	1416	1416	1417	1415	1416	1416	1416	1416	1416	1415	1416	1416	1416	1416	1416	1416	1416	1416	1415	1416	1416	1416	1416	1415	1416	1416	1416	1415	1415	1416	1415	1416	1415	1414	1414	1415	1416	1415	1415	1416	1416	1416	1415	1415	1415	1416	1416	1415	1416	1414	1415	1416	1415	1416	1415	1416	1415	1415	1416	1415	1416	1416	1415	1415	1416	1416	1415	1416	1416	1415	1416	1415	1416	1416	1416	1416	1416	1416	1416	1416	1417	1416	1416	1416	1416	1416	1416	1416	1416	1416	1416	1415	1416	1416	1416	1415	1416	1416	1416	1416	1416	1416	1416	1416	1416	1415	1415	1415	1416	1416
2838	389169	1416	1417	1416	1416	1417	1416	1417	1417	1417	1416	1416	1416	1416	1416	1416	1416	1416	1416	1416	1416	1416	1416	1416	1416	1416	1416	1416	1416	1416	1416	1416	1416	1416	1415	1416	1416	1416	1416	1416	1416	1416	1416	1416	1416	1415	1415	1416	1416	1417	1415	1417	1417	1416	1416	1416	1416	1417	1416	1416	1416	1416	1416	1416	1417	1416	1417	1417	1416	1416	1417	1417	1417	1416	1417	1417	1417	1417	1417	1417	1416	1417	1416	1416	1416	1416	1416	1416	1416	1416	1416	1417	1416	1416	1416	1416	1416	1416	1416	1416	1416	1415	1415	1416	1415	1416	1416	1415	1416	1416	1416	1417	1416	1417	1416	1417	1417	1416	1417	1416	1417	1417	1417	1416	1417	1417	1417	1417	1416
2839	389661	1417	1417	1417	1417	1417	1418	1418	1417	1418	1417	1417	1418	1417	1417	1417	1417	1417	1417	1418	1417	1417	1418	1417	1418	1418	1417	1418	1417	1417	1417	1417	1418	1417	1417	1417	1417	1418	1418	1417	1416	1417	1417	1417	1416	1417	1417	1416	1416	1416	1417	1416	1416	1417	1416	1416	1416	1416	1416	1416	1416	1416	1416	1416	1417	1416	1416	1416	1416	1416	1416	1416	1416	1416	1416	1416	1416	1416	1416	1416	1417	1417	1418	1417	1417	1417	1418	1418	1417	1417	1417	1417	1417	1417	1417	1418	1417	1417	1417	1417	1417	1417	1417	1417	1417	1417	1417	1417	1417	1418	1417	1418	1418	1417	1417	1417	1417	1417	1417	1416	1416	1417	1416	1416	1416	1416	1416	1416	1417
2840	390153	1417	1418	1417	1418	1417	1418	1418	1418	1418	1418	1417	1418	1417	1417	1417	1417	1417	1417	1417	1418	1418	1417	1417	1417	1417	1417	1417	1417	1417	1417	1417	1417	1417	1417	1418	1417	1417	1417	1417	1417	1417	1417	1417	1417	1417	1417	1417	1417	1417	1417	1418	1417	1417	1417	1417	1417	1417	1417	1418	1417	1417	1417	1417	1417	1417	1418	1417	1417	1418	1417	1417	1417	1417	1418	1417	1418	1418	1417	1418	1417	1417	1417	1417	1417	1417	1416	1417	1417	1417	1417	1417	1417	1417	1417	1417	1417	1417	1417	1417	1417	1417	1417	1417	1416	1417	1417	1417	1417	1417	1417	1416	1417	1417	1417	1417	1417	1417	1418	1416	1417	1417	1417	1416	1417	1417	1417	1417	1418
2841	390646	1418	1417	1418	1417	1418	1417	1417	1418	1417	1418	1417	1418	1418	1418	1418	1417	1418	1419	1418	1418	1418	1418	1419	1418	1418	1419	1418	1418	1418	1418	1418	1418	1417	1418	1417	1418	1418	1418	1418	1418	1418	1419	1418	1418	1418	1418	1418	1417	1418	1418	1418	1417	1420	1418	1418	1418	1417	1417	1418	1418	1418	1418	1417	1418	1419	1418	1418	1418	1418	1418	1418	1417	1417	1417	1418	1418	1417	1418	1418	1417	1418	1417	1418	1418	1418	1418	1417	1418	1418	1418	1418	1418	1417	1418	1418	1419	1417	1418	1417	1418	1418	1417	1418	1418	1418	1418	1417	1418	1417	1418	1418	1417	1417	1417	1417	1418	1417	1417	1417	1417	1418	1417	1417	1417	1418	1417	1418	1418
2842	391138	1419	1418	1419	1419	1419	1419	1419	1418	1419	1418	1419	1419	1418	1418	1418	1419	1418	1419	1419	1418	1418	1419	1418	1418	1418	1418	1419	1418	1419	1418	1418	1418	1418	1419	1418	1418	1418	1418	1418	1418	1418	1418	1417	1418	1417	1418	1417	1418	1418	1417	1418	1418	1417	1418	1418	1418	1417	1418	1417	1419	1418	1418	1419	1418	1418	1418	1418	1418	1418	1418	1418	1418	1418	1417	1418	1419	1418	1418	1418	1419	1419	1419	1418	1418	1418	1419	1419	1419	1418	1419	1418	1419	1419	1419	1419	1418	1418	1418	1418	1418	1418	1418	1418	1418	1419	1418	1418	1418	1419	1417	1418	1418	1418	1418	1418	1417	1418	1417	1418	1420	1417	1418	1417	1418	1418	1418	1418	1417
2843	391630	1419	1419	1418	1418	1418	1419	1419	1419	1419	1419	1419	1419	1419	1419	1419	1419	1419	1420	1419	1419	1419	1419	1420	1419	1419	1419	1419	1419	1419	1419	1419	1419	1419	1418	1418	1418	1418	1419	1418	1419	1419	1418	1419	1418	1419	1418	1419	1418	1418	1418	1418	1419	1418	1418	1418	1418	1418	1418	1419	1418	1419	1418	1419	1418	1418	1418	1419	1418	1419	1419	1419	1419	1418	1419	1419	1419	1419	1419	1419	1419	1419	1419	1419	1420	1419	1419	1419	1419	1419	1419	1419	1418	1419	1419	1419	1419	1419	1419	1419	1419	1419	1419	1419	1419	1419	1419	1418	1419	1418	1419	1419	1419	1418	1419	1419	1419	1419	1418	1419	1418	1418	1418	1418	1419	1418	1418	1417	1418
2844	392123	1419	1419	1419	1420	1419	1418	1419	1419	1419	1419	1419	1419	1419	1419	1419	1420	1419	1420	1419	1419	1419	1419	1419	1419	1419	1419	1418	1419	1419	1419	1419	1419	1419	1419	1419	1419	1419	1419	1419	1420	1419	1418	1419	1419	1420	1419	1418	1419	1419	1420	1419	1418	1419	1419	1419	1419	1419	1419	1418	1419	1419	1419	1419	1419	1420	1419	1419	1420	1419	1420	1419	1420	1419	1420	1420	1419	1420	1419	1419	1420	1420	1420	1419	1420	1420	1420	1420	1420	1420	1420	1420	1420	1421	1419	1420	1420	1420	1419	1419	1419	1419	1418	1419	1419	1419	1418	1420	1419	1419	1419	1419	1419	1419	1419	1419	1418	1419	1419	1419	1418	1419	1418	1418	1418	1419	1419	1419	1418
2845	392615	1419	1420	1419	1419	1419	1418	1419	1419	1419	1419	1419	1419	1419	1420	1419	1419	1419	1419	1419	1420	1420	1420	1420	1419	1419	1420	1420	1420	1419	1420	1420	1420	1419	1419	1420	1420	1420	1420	1420	1420	1421	1420	1420	1420	1420	1420	1420	1420	1420	1420	1420	1421	1421	1420	1420	1421	1420	1420	1420	1420	1420	1420	1420	1420	1420	1420	1420	1420	1420	1420	1420	1420	1421	1420	1419	1419	1419	1420	1419	1420	1420	1420	1419	1419	1420	1419	1419	1420	1419	1418	1419	1419	1419	1419	1420	1418	1419	1420	1419	1420	1419	1419	1420	1419	1420	1420	1420	1420	1420	1421	1419	1419	1420	1420	1420	1420	1420	1419	1420	1420	1420	1420	1420	1420	1421	1420	1421	1421
2846	393107	1420	1420	1422	1421	1421	1420	1420	1421	1420	1420	1420	1420	1421	1421	1420	1421	1421	1421	1421	1421	1420	1419	1420	1421	1420	1421	1420	1420	1420	1419	1420	1421	1420	1420	1420	1420	1419	1420	1421	1420	1421	1419	1420	1420	1420	1420	1420	1420	1420	1420	1421	1421	1421	1420	1420	1421	1420	1421	1420	1420	1420	1420	1420	1420	1420	1420	1420	1420	1420	1421	1420	1421	1421	1421	1421	1421	1421	1421	1419	1421	1420	1420	1420	1420	1420	1421	1420	1421	1420	1421	1421	1420	1421	1420	1420	1420	1420	1423	1420	1420	1420	1420	1420	1420	1420	1420	1419	1420	1420	1420	1420	1420	1420	1420	1420	1420	1419	1420	1420	1420	1420	1420	1420	1420	1420	1420	1420	1420
2847	393600	1421	1421	1421	1421	1421	1421	1421	1421	1421	1420	1422	1422	1422	1421	1421	1421	1421	1421	1422	1420	1421	1421	1421	1421	1421	1421	1422	1421	1420	1421	1420	1421	1421	1421	1421	1421	1421	1421	1420	1420	1420	1420	1420	1420	1420	1420	1420	1420	1420	1421	1421	1421	1422	1421	1422	1420	1420	1421	1420	1421	1421	1420	1421	1420	1420	1421	1421	1421	1421	1421	1421	1421	1421	1420	1420	1421	1422	1422	1422	1421	1421	1422	1421	1421	1422	1421	1422	1421	1422	1421	1421	1421	1421	1421	1422	1421	1422	1421	1422	1421	1421	1421	1420	1420	1421	1421	1422	1421	1421	1421	1421	1422	1421	1420	1422	1421	1421	1421	1421	1421	1421	1421	1420	1421	1421	1420	1421	1420
2848	394092	1421	1421	1421	1421	1422	1421	1421	1421	1421	1421	1421	1421	1421	1421	1421	1421	1421	1422	1420	1421	1420	1421	1421	1421	1422	1421	1421	1421	1421	1422	1422	1421	1421	1422	1422	1421	1421	1421	1421	1422	1422	1422	1422	1422	1421	1421	1422	1421	1422	1421	1421	1422	1422	1421	1421	1421	1422	1421	1423	1422	1421	1422	1422	1422	1422	1421	1422	1421	1422	1421	1421	1421	1421	1421	1420	1421	1421	1421	1421	1421	1421	1421	1421	1421	1421	1421	1420	1421	1421	1421	1423	1421	1421	1421	1421	1421	1421	1420	1421	1420	1420	1421	1421	1421	1420	1421	1422	1422	1422	1421	1422	1421	1421	1421	1422	1422	1422	1422	1421	1421	1422	1422	1422	1421	1422	1422	1422	1422
2849	394584	1421	1421	1421	1421	1421	1422	1422	1421	1421	1421	1421	1420	1421	1422	1422	1422	1422	1422	1422	1421	1421	1421	1422	1422	1422	1421	1422	1422	1422	1422	1423	1423	1423	1423	1422	1422	1422	1422	1422	1422	1422	1422	1422	1422	1421	1421	1421	1422	1422	1422	1422	1421	1422	1421	1422	1422	1422	1422	1421	1421	1421	1422	1422	1421	1422	1422	1422	1422	1420	1422	1422	1422	1422	1421	1421	1422	1421	1421	1421	1421	1422	1422	1422	1421	1421	1421	1422	1421	1422	1422	1422	1422	1422	1422	1422	1422	1422	1421	1422	1421	1422	1422	1421	1422	1421	1422	1421	1422	1422	1422	1422	1422	1422	1423	1423	1423	1422	1422	1422	1422	1422	1421	1422	1421	1422	1421	1422	1422
2850	395076	1422	1421	1422	1422	1422	1422	1422	1422	1422	1422	1422	1422	1422	1422	1422	1422	1421	1422	1421	1422	1423	1421	1421	1421	1422	1422	1422	1422	1422	1422	1422	1422	1422	1423	1423	1422	1422	1422	1422	1423	1423	1422	1422	1421	1422	1422	1422	1422	1421	1422	1422	1422	1422	1422	1421	1422	1422	1422	1420	1422	1422	1423	1422	1422	1421	1422	1422	1422	1422	1422	1422	1422	1422	1421	1422	1421	1422	1424	1422	1421	1422	1422	1422	1422	1422	1423	1422	1422	1423	1422	1422	1422	1422	1423	1422	1422	1421	1422	1422	1423	1423	1422	1422	1422	1423	1423	1422	1423	1423	1422	1423	1423	1422	1423	1422	1421	1422	1422	1422	1422	1422	1422	1422	1422	1423	1422	1422	1423
2851	395569	1422	1423	1422	1422	1422	1422	1423	1422	1422	1423	1422	1422	1423	1422	1422	1422	1422	1423	1423	1422	1423	1423	1423	1422	1422	1422	1423	1422	1423	1423	1423	1423	1423	1423	1423	1423	1423	1423	1423	1423	1422	1423	1423	1423	1423	1423	1424	1423	1424	1423	1423	1423	1423	1423	1421	1423	1423	1423	1423	1422	1422	1422	1423	1422	1422	1422	1422	1422	1422	1421	1422	1422	1423	1422	1422	1424	1422	1422	1422	1422	1423	1422	1423	1422	1422	1421	1422	1423	1422	1422	1422	1422	1423	1423	1423	1423	1422	1423	1423	1423	1424	1423	1423	1422	1422	1423	1423	1424	1422	1422	1423	1423	1422	1423	1423	1423	1423	1422	1423	1423	1423	1423	1423	1423	1423	1423	1424	1423
2852	396061	1423	1423	1423	1423	1423	1423	1424	1423	1424	1423	1423	1424	1423	1424	1423	1423	1424	1423	1423	1424	1423	1423	1422	1423	1424	1423	1423	1423	1423	1423	1423	1424	1423	1423	1424	1423	1423	1423	1423	1423	1423	1423	1423	1423	1423	1423	1423	1423	1423	1422	1423	1423	1423	1423	1423	1423	1423	1423	1423	1423	1424	1424	1423	1424	1423	1423	1423	1423	1423	1423	1423	1423	1423	1423	1423	1423	1424	1423	1423	1424	1423	1423	1424	1424	1424	1423	1423	1423	1424	1424	1423	1423	1423	1423	1423	1423	1424	1423	1423	1423	1423	1422	1423	1423	1423	1423	1423	1423	1423	1423	1423	1423	1423	1423	1422	1423	1423	1423	1424	1422	1423	1423	1423	1423	1423	1423	1423	1424
2853	396553	1424	1424	1424	1423	1424	1424	1424	1424	1423	1423	1424	1424	1424	1423	1423	1423	1423	1424	1424	1424	1423	1424	1424	1424	1423	1424	1424	1424	1423	1424	1423	1422	1424	1424	1424	1424	1424	1424	1424	1424	1424	1424	1424	1425	1424	1424	1424	1425	1424	1424	1424	1424	1424	1424	1424	1424	1423	1424	1424	1424	1424	1423	1424	1424	1424	1424	1424	1424	1424	1424	1424	1424	1424	1424	1424	1424	1425	1424	1424	1423	1423	1423	1424	1424	1423	1424	1424	1424	1424	1424	1423	1424	1423	1424	1423	1423	1424	1423	1424	1423	1423	1423	1423	1423	1423	1423	1423	1423	1423	1423	1423	1423	1424	1423	1423	1424	1423	1423	1423	1423	1423	1424	1425	1424	1423	1423	1424	1424
2854	397046	1424	1424	1424	1424	1424	1424	1425	1424	1424	1424	1424	1424	1424	1424	1424	1424	1424	1424	1425	1424	1425	1424	1424	1424	1424	1424	1424	1424	1425	1425	1424	1425	1425	1424	1425	1425	1424	1424	1425	1424	1425	1424	1424	1424	1424	1425	1424	1425	1425	1425	1425	1424	1424	1424	1424	1424	1425	1424	1424	1425	1425	1424	1424	1425	1424	1424	1424	1424	1424	1424	1424	1424	1425	1424	1424	1424	1424	1425	1424	1424	1425	1424	1424	1424	1424	1424	1424	1424	1424	1424	1424	1424	1425	1424	1424	1424	1424	1425	1424	1424	1424	1424	1424	1424	1425	1424	1424	1424	1424	1424	1424	1424	1425	1424	1425	1424	1424	1424	1424	1424	1424	1424	1424	1424	1424	1425	1424	1424
2855	397538	1424	1424	1425	1425	1426	1425	1424	1425	1425	1425	1425	1424	1425	1425	1426	1426	1424	1425	1425	1425	1425	1425	1425	1425	1425	1425	1425	1424	1424	1425	1424	1424	1425	1425	1426	1425	1425	1425	1425	1425	1424	1425	1424	1424	1424	1424	1424	1423	1424	1425	1424	1424	1424	1424	1425	1424	1424	1423	1424	1425	1424	1424	1424	1424	1425	1425	1425	1425	1425	1425	1425	1425	1426	1425	1425	1425	1425	1425	1424	1425	1425	1425	1425	1425	1424	1425	1425	1425	1425	1425	1425	1425	1425	1425	1426	1426	1425	1425	1425	1425	1425	1425	1425	1425	1424	1425	1425	1424	1425	1425	1425	1425	1425	1424	1424	1424	1425	1424	1425	1424	1425	1424	1424	1424	1424	1424	1424	1424
2856	398030	1426	1425	1425	1425	1424	1426	1425	1425	1426	1425	1425	1426	1425	1426	1425	1426	1424	1425	1425	1426	1424	1425	1426	1425	1425	1425	1425	1425	1425	1425	1425	1425	1426	1425	1425	1426	1425	1425	1425	1425	1424	1425	1425	1425	1425	1425	1425	1425	1425	1425	1425	1425	1425	1424	1424	1425	1425	1425	1425	1426	1425	1425	1425	1426	1425	1424	1425	1425	1426	1425	1425	1425	1425	1424	1425	1425	1425	1424	1425	1425	1425	1425	1425	1425	1426	1426	1425	1425	1426	1425	1425	1425	1427	1425	1425	1425	1425	1425	1426	1426	1425	1425	1425	1425	1425	1425	1425	1425	1426	1426	1426	1426	1425	1425	1425	1426	1425	1425	1425	1425	1425	1425	1424	1425	1425	1425	1425	1424
2857	398523	1425	1426	1426	1426	1426	1425	1426	1426	1425	1426	1425	1425	1426	1426	1426	1425	1425	1425	1425	1425	1425	1425	1426	1426	1425	1426	1426	1426	1425	1426	1426	1425	1426	1425	1426	1425	1425	1426	1425	1426	1426	1426	1425	1425	1426	1426	1426	1426	1426	1427	1426	1426	1425	1426	1427	1426	1426	1425	1426	1425	1425	1426	1425	1425	1426	1425	1426	1425	1426	1425	1425	1426	1425	1424	1426	1426	1426	1425	1425	1425	1425	1426	1425	1425	1425	1425	1425	1425	1425	1425	1425	1425	1425	1426	1426	1426	1426	1426	1426	1425	1426	1425	1425	1425	1424	1425	1426	1425	1426	1425	1425	1426	1426	1426	1427	1426	1425	1425	1426	1426	1427	1426	1426	1426	1426	1427	1427	1427
2858	399015	1426	1426	1426	1427	1426	1426	1427	1425	1426	1427	1426	1426	1426	1426	1427	1426	1426	1426	1427	1427	1426	1426	1426	1426	1426	1427	1426	1426	1426	1427	1426	1427	1427	1427	1427	1427	1426	1427	1427	1426	1427	1425	1426	1425	1426	1427	1425	1426	1426	1426	1427	1427	1427	1426	1426	1426	1425	1426	1426	1427	1426	1425	1426	1426	1426	1426	1425	1426	1425	1425	1426	1425	1426	1426	1426	1425	1426	1426	1426	1426	1426	1426	1426	1426	1426	1426	1426	1426	1426	1426	1426	1426	1426	1426	1427	1426	1427	1427	1427	1427	1426	1426	1426	1427	1427	1427	1427	1427	1426	1427	1427	1427	1427	1427	1427	1427	1427	1427	1427	1427	1426	1426	1427	1427	1427	1427	1427	1426
2859	399507	1427	1427	1427	1427	1427	1427	1427	1427	1426	1427	1427	1427	1426	1427	1426	1427	1427	1427	1427	1427	1426	1427	1427	1427	1427	1427	1427	1427	1427	1427	1427	1427	1427	1427	1427	1428	1427	1427	1427	1427	1427	1426	1426	1427	1426	1427	1427	1427	1426	1427	1428	1427	1427	1427	1427	1427	1427	1427	1427	1427	1427	1427	1427	1427	1427	1427	1427	1426	1427	1426	1427	1427	1426	1427	1427	1427	1428	1427	1427	1427	1427	1428	1428	1427	1427	1427	1427	1427	1427	1427	1426	1427	1426	1426	1426	1427	1427	1427	1427	1427	1427	1427	1427	1427	1427	1426	1427	1427	1426	1427	1426	1426	1426	1426	1427	1426	1427	1426	1426	1426	1426	1427	1427	1427	1427	1427	1427	1427
2860	400000	1427	1428	1426	1427	1427	1427	1427	1427	1427	1427	1427	1428	1427	1427	1427	1428	1427	1427	1428	1427	1429	1427	1427	1427	1428	1427	1428	1427	1427	1427	1427	1427	1427	1427	1427	1426	1426	1427	1427	1426	1427	1426	1427	1427	1427	1427	1427	1426	1426	1427	1427	1427	1427	1426	1426	1427	1426	1427	1425	1427	1427	1426	1427	1426	1426	1427	1426	1427	1427	1427	1427	1427	1427	1427	1427	1426	1427	1429	1426	1427	1426	1427	1427	1426	1427	1426	1427	1427	1427	1427	1426	1427	1427	1427	1427	1427	1426	1427	1427	1427	1427	1427	1427	1426	1427	1427	1428	1427	1427	1428	1427	1428	1427	1427	1427	1428	1427	1428	1427	1427	1427	1427	1427	1427	1427	1426	1428	1427
2861	400492	1428	1428	1428	1428	1428	1428	1428	1428	1428	1428	1428	1428	1428	1427	1428	1428	1428	1428	1427	1428	1428	1428	1428	1428	1428	1428	1428	1427	1428	1427	1427	1427	1427	1427	1427	1427	1427	1427	1427	1428	1427	1428	1427	1427	1427	1427	1427	1426	1427	1427	1428	1427	1428	1428	1428	1428	1427	1428	1427	1427	1428	1427	1428	1427	1428	1428	1428	1428	1428	1428	1428	1428	1428	1428	1429	1429	1427	1428	1428	1428	1428	1427	1428	1428	1429	1428	1428	1428	1428	1428	1426	1428	1427	1428	1428	1428	1428	1427	1428	1428	1427	1427	1427	1428	1428	1427	1428	1427	1427	1427	1427	1427	1427	1427	1426	1426	1427	1427	1427	1427	1427	1426	1427	1427	1428	1428	1428	1428
2862	400984	1428	1429	1428	1428	1429	1429	1429	1428	1429	1428	1428	1428	1428	1428	1427	1427	1428	1428	1427	1427	1428	1428	1428	1427	1427	1427	1428	1428	1428	1427	1427	1428	1428	1428	1428	1428	1428	1428	1428	1428	1427	1428	1428	1428	1428	1428	1427	1427	1427	1428	1428	1428	1428	1428	1428	1428	1429	1429	1428	1429	1429	1428	1429	1428	1428	1428	1428	1428	1429	1428	1428	1428	1428	1428	1428	1428	1428	1427	1428	1428	1428	1428	1428	1429	1429	1428	1428	1428	1427	1428	1428	1427	1427	1427	1429	1428	1427	1428	1428	1428	1428	1428	1428	1427	1428	1428	1427	1428	1428	1429	1428	1428	1429	1428	1428	1428	1428	1428	1427	1429	1428	1428	1429	1428	1428	1429	1426	1428
2863	401476	1428	1430	1429	1429	1429	1428	1429	1429	1429	1429	1429	1429	1429	1429	1429	1428	1429	1429	1429	1429	1429	1429	1429	1428	1431	1428	1429	1429	1429	1430	1428	1428	1429	1429	1429	1428	1428	1428	1428	1429	1429	1429	1429	1429	1429	1430	1429	1429	1429	1429	1430	1428	1429	1429	1428	1428	1428	1429	1429	1428	1428	1429	1429	1428	1428	1429	1428	1428	1429	1428	1428	1429	1428	1428	1428	1428	1429	1429	1428	1428	1428	1429	1428	1429	1428	1428	1429	1428	1429	1429	1428	1428	1428	1428	1428	1428	1428	1429	1429	1429	1428	1429	1428	1428	1428	1428	1428	1428	1429	1428	1429	1428	1429	1429	1428	1429	1429	1429	1428	1429	1429	1428	1429	1428	1428	1428	1429	1429
2864	401969	1429	1430	1429	1430	1429	1430	1429	1429	1429	1429	1429	1430	1429	1429	1429	1430	1429	1429	1429	1429	1429	1429	1430	1429	1429	1430	1429	1429	1429	1430	1429	1430	1429	1429	1429	1430	1430	1429	1429	1430	1429	1428	1429	1429	1429	1430	1429	1429	1430	1429	1430	1429	1431	1429	1430	1430	1429	1429	1430	1430	1430	1429	1430	1429	1429	1429	1429	1429	1430	1429	1429	1428	1429	1429	1430	1429	1429	1429	1428	1430	1429	1429	1429	1428	1429	1429	1429	1429	1428	1429	1428	1429	1428	1429	1429	1429	1430	1429	1429	1429	1429	1429	1429	1429	1429	1429	1429	1428	1430	1429	1429	1430	1429	1429	1429	1428	1429	1429	1429	1429	1429	1429	1429	1429	1429	1430	1429	1429
2865	402461	1430	1430	1430	1430	1431	1429	1430	1430	1430	1430	1430	1429	1430	1430	1430	1430	1429	1430	1430	1430	1429	1430	1430	1430	1430	1429	1430	1430	1430	1430	1430	1429	1430	1430	1430	1429	1429	1429	1429	1429	1428	1429	1429	1429	1430	1430	1429	1430	1429	1430	1429	1430	1429	1428	1430	1429	1429	1430	1429	1429	1429	1429	1430	1429	1430	1430	1429	1429	1430	1429	1429	1429	1430	1429	1430	1430	1430	1431	1430	1431	1431	1430	1431	1430	1430	1430	1430	1430	1430	1430	1430	1430	1430	1430	1430	1430	1430	1430	1431	1430	1430	1430	1430	1431	1430	1430	1430	1430	1430	1430	1429	1430	1429	1429	1429	1429	1429	1429	1430	1429	1429	1429	1429	1430	1430	1429	1429	1429
2866	402953	1430	1430	1430	1430	1429	1429	1429	1430	1429	1429	1429	1430	1430	1430	1431	1430	1430	1431	1430	1430	1430	1429	1430	1430	1430	1431	1430	1431	1430	1431	1430	1430	1430	1430	1430	1431	1430	1430	1430	1430	1430	1430	1430	1430	1430	1430	1431	1430	1431	1431	1431	1431	1431	1430	1431	1430	1431	1430	1430	1431	1430	1431	1430	1431	1431	1430	1431	1430	1430	1431	1429	1430	1430	1431	1431	1431	1430	1429	1430	1431	1430	1430	1430	1431	1430	1431	1430	1429	1430	1430	1430	1430	1429	1430	1429	1430	1430	1430	1429	1430	1430	1430	1430	1430	1430	1430	1430	1430	1430	1430	1431	1429	1430	1429	1431	1431	1430	1431	1431	1431	1430	1430	1430	1430	1430	1429	1429	1430
2867	403446	1431	1431	1431	1431	1430	1430	1430	1431	1430	1430	1431	1430	1430	1431	1430	1431	1430	1430	1430	1430	1431	1430	1431	1430	1430	1430	1431	1431	1431	1431	1431	1431	1431	1431	1431	1431	1431	1430	1431	1431	1430	1431	1430	1431	1431	1431	1431	1431	1431	1431	1431	1431	1431	1432	1431	1432	1431	1431	1432	1432	1431	1431	1431	1430	1431	1431	1431	1431	1430	1431	1430	1431	1430	1430	1432	1431	1431	1431	1431	1431	1431	1430	1430	1430	1430	1430	1430	1430	1430	1430	1430	1430	1430	1430	1430	1430	1430	1431	1430	1430	1430	1430	1430	1430	1430	1431	1430	1430	1431	1430	1430	1431	1431	1431	1430	1430	1431	1431	1431	1431	1431	1431	1430	1431	1431	1431	1431	1431
2868	403938	1432	1431	1431	1431	1431	1431	1431	1432	1432	1431	1432	1431	1432	1431	1430	1432	1431	1432	1431	1430	1431	1431	1431	1431	1430	1431	1431	1431	1431	1431	1431	1431	1431	1430	1431	1431	1432	1431	1431	1431	1431	1431	1431	1431	1431	1431	1430	1431	1431	1431	1430	1432	1431	1432	1432	1431	1431	1431	1431	1431	1431	1431	1431	1431	1431	1431	1432	1431	1432	1432	1431	1431	1431	1432	1431	1431	1432	1431	1432	1431	1431	1432	1431	1431	1431	1431	1431	1431	1432	1432	1432	1431	1432	1432	1432	1431	1431	1431	1432	1431	1431	1431	1431	1431	1431	1431	1431	1430	1431	1430	1431	1430	1431	1431	1431	1432	1431	1431	1431	1431	1431	1430	1431	1431	1431	1431	1431	1430
2869	404430	1431	1432	1432	1431	1432	1432	1432	1432	1432	1432	1432	1432	1431	1432	1432	1432	1432	1431	1431	1432	1432	1432	1431	1431	1431	1431	1431	1431	1431	1431	1431	1431	1431	1431	1432	1431	1431	1431	1431	1432	1431	1431	1431	1432	1432	1431	1432	1431	1431	1432	1432	1432	1431	1432	1431	1432	1432	1432	1432	1433	1432	1432	1432	1432	1433	1432	1432	1432	1432	1432	1433	1432	1432	1432	1430	1432	1432	1432	1431	1431	1431	1431	1432	1432	1431	1432	1431	1432	1431	1431	1431	1431	1431	1432	1431	1432	1431	1432	1431	1431	1431	1430	1431	1431	1431	1431	1429	1431	1431	1432	1431	1432	1431	1432	1432	1431	1431	1431	1431	1432	1431	1431	1432	1431	1432	1430	1431	1432
2870	404923	1432	1432	1432	1432	1432	1432	1432	1432	1432	1433	1432	1432	1432	1432	1433	1432	1433	1433	1432	1432	1432	1432	1432	1432	1432	1432	1432	1432	1432	1431	1432	1433	1432	1432	1432	1432	1432	1432	1432	1432	1432	1432	1432	1433	1432	1432	1432	1432	1432	1432	1432	1432	1432	1432	1432	1433	1432	1432	1432	1432	1433	1433	1433	1433	1432	1433	1432	1433	1432	1432	1432	1432	1433	1432	1433	1432	1432	1432	1432	1432	1432	1432	1432	1432	1432	1433	1432	1432	1432	1432	1433	1432	1432	1432	1432	1432	1431	1432	1432	1432	1431	1431	1432	1431	1432	1431	1431	1432	1432	1431	1431	1431	1431	1431	1432	1432	1432	1432	1432	1432	1432	1432	1432	1432	1432	1432	1433	1432
2871	405415	1433	1433	1433	1433	1433	1433	1432	1432	1432	1432	1432	1433	1432	1433	1432	1433	1433	1432	1431	1432	1432	1433	1432	1432	1432	1432	1433	1432	1432	1433	1433	1432	1432	1432	1433	1433	1433	1433	1432	1432	1432	1432	1433	1433	1432	1432	1432	1433	1433	1433	1433	1432	1433	1433	1432	1432	1433	1433	1433	1432	1432	1432	1433	1432	1433	1432	1432	1433	1433	1432	1432	1432	1432	1432	1432	1431	1432	1432	1432	1432	1432	1432	1432	1432	1432	1432	1432	1432	1432	1432	1432	1432	1433	1432	1433	1433	1432	1432	1432	1432	1432	1432	1432	1432	1432	1432	1433	1433	1433	1433	1433	1432	1433	1432	1433	1433	1433	1432	1432	1433	1432	1432	1433	1432	1433	1433	1432	1433
2872	405907	1432	1434	1432	1433	1432	1433	1434	1433	1433	1432	1433	1433	1434	1433	1432	1433	1433	1433	1434	1433	1433	1433	1434	1434	1434	1433	1433	1433	1433	1433	1433	1433	1433	1433	1433	1434	1433	1434	1433	1433	1433	1433	1435	1433	1433	1433	1432	1433	1433	1433	1433	1432	1432	1432	1432	1433	1432	1433	1432	1433	1432	1432	1433	1432	1433	1433	1432	1433	1433	1433	1432	1433	1432	1432	1433	1432	1432	1433	1432	1432	1433	1433	1433	1433	1433	1433	1433	1433	1433	1432	1433	1432	1433	1433	1434	1433	1434	1433	1433	1433	1433	1433	1433	1433	1433	1433	1434	1433	1433	1434	1435	1434	1434	1433	1434	1433	1433	1434	1433	1433	1432	1433	1433	1433	1434	1433	1433	1433
2873	406400	1434	1434	1434	1434	1433	1434	1434	1434	1433	1433	1434	1433	1433	1433	1433	1433	1434	1433	1433	1434	1434	1433	1433	1433	1433	1433	1433	1433	1432	1433	1432	1433	1433	1433	1434	1434	1433	1433	1433	1434	1433	1434	1432	1433	1433	1433	1434	1433	1433	1433	1433	1434	1433	1433	1433	1431	1433	1433	1433	1434	1433	1433	1434	1433	1434	1434	1433	1434	1433	1433	1433	1433	1433	1433	1433	1433	1433	1433	1433	1434	1433	1433	1434	1434	1434	1434	1433	1434	1434	1434	1434	1433	1434	1435	1434	1433	1434	1434	1434	1433	1433	1434	1433	1433	1433	1433	1433	1433	1434	1434	1434	1434	1433	1434	1433	1433	1433	1433	1433	1433	1433	1433	1433	1434	1433	1433	1434	1433
2874	406892	1433	1434	1433	1434	1434	1434	1434	1433	1434	1433	1433	1434	1433	1432	1433	1434	1434	1434	1434	1434	1434	1435	1434	1435	1435	1435	1435	1434	1435	1434	1434	1434	1434	1434	1434	1434	1435	1434	1434	1433	1434	1434	1434	1433	1434	1434	1434	1435	1435	1434	1435	1435	1434	1434	1434	1435	1434	1435	1434	1433	1434	1434	1434	1434	1434	1434	1434	1434	1434	1434	1434	1434	1434	1434	1434	1434	1434	1434	1435	1434	1434	1434	1434	1434	1433	1433	1433	1434	1434	1433	1434	1434	1434	1435	1435	1435	1434	1434	1435	1436	1435	1435	1435	1435	1435	1435	1434	1435	1434	1435	1435	1434	1435	1434	1435	1434	1435	1434	1434	1434	1434	1434	1434	1434	1434	1433	1434	1435
2875	407384	1434	1433	1434	1434	1434	1434	1434	1435	1434	1434	1434	1433	1434	1434	1435	1434	1434	1434	1434	1435	1434	1434	1434	1434	1435	1433	1434	1436	1434	1435	1434	1435	1435	1435	1435	1435	1435	1435	1435	1435	1435	1435	1435	1434	1435	1435	1435	1434	1433	1435	1435	1435	1434	1434	1435	1434	1435	1434	1434	1435	1434	1434	1434	1435	1434	1434	1434	1436	1433	1433	1433	1434	1434	1434	1434	1434	1434	1434	1434	1434	1434	1434	1433	1434	1434	1435	1434	1434	1434	1434	1434	1435	1434	1435	1434	1434	1435	1434	1434	1434	1434	1435	1434	1435	1435	1435	1435	1435	1436	1435	1435	1434	1435	1435	1434	1435	1435	1435	1435	1435	1435	1435	1435	1435	1435	1436	1434	1435
2876	407876	1435	1435	1435	1435	1435	1435	1435	1435	1434	1435	1435	1434	1435	1434	1434	1435	1435	1435	1435	1435	1435	1435	1435	1435	1435	1435	1436	1435	1434	1435	1434	1436	1435	1436	1435	1435	1436	1435	1435	1435	1435	1435	1435	1436	1436	1435	1435	1435	1435	1437	1435	1435	1435	1435	1434	1435	1434	1435	1434	1434	1435	1435	1435	1435	1435	1435	1436	1435	1435	1435	1435	1435	1435	1435	1435	1435	1435	1435	1435	1435	1435	1435	1436	1435	1435	1436	1435	1434	1435	1435	1436	1435	1436	1435	1436	1435	1435	1435	1435	1436	1435	1435	1435	1435	1435	1435	1435	1436	1435	1434	1435	1435	1435	1435	1436	1435	1435	1435	1435	1435	1435	1435	1435	1435	1435	1433	1435	1435
2877	408369	1436	1436	1435	1436	1435	1436	1435	1435	1436	1436	1435	1435	1435	1436	1436	1436	1435	1435	1436	1435	1435	1434	1435	1435	1435	1435	1436	1435	1435	1435	1435	1435	1435	1435	1435	1435	1435	1436	1436	1434	1435	1434	1435	1435	1436	1435	1435	1435	1435	1436	1435	1435	1435	1435	1435	1435	1435	1435	1438	1435	1435	1435	1435	1436	1436	1435	1436	1435	1436	1436	1435	1436	1435	1435	1436	1435	1435	1434	1436	1436	1435	1435	1436	1436	1436	1436	1435	1436	1436	1436	1436	1435	1435	1436	1436	1435	1435	1435	1435	1435	1435	1435	1435	1435	1435	1435	1435	1436	1436	1436	1435	1436	1435	1435	1436	1436	1435	1435	1435	1436	1436	1436	1436	1436	1435	1435	1436	1435
2878	408861	1436	1436	1436	1437	1436	1436	1436	1436	1436	1436	1436	1436	1436	1436	1437	1437	1436	1436	1436	1437	1437	1436	1436	1436	1436	1436	1436	1436	1436	1436	1436	1436	1436	1436	1436	1436	1435	1436	1436	1436	1436	1436	1436	1436	1436	1437	1436	1435	1436	1436	1436	1436	1436	1436	1436	1435	1435	1436	1436	1436	1435	1435	1433	1436	1436	1436	1436	1436	1436	1436	1436	1436	1435	1436	1436	1436	1436	1436	1436	1436	1436	1437	1436	1436	1436	1436	1437	1437	1437	1436	1436	1436	1436	1436	1437	1436	1437	1436	1437	1436	1434	1435	1436	1436	1436	1435	1436	1436	1437	1436	1436	1437	1436	1437	1436	1436	1436	1436	1436	1436	1436	1436	1436	1436	1436	1436	1435	1436
2879	409353	1436	1436	1437	1436	1436	1436	1436	1437	1436	1437	1436	1437	1437	1436	1436	1436	1437	1437	1437	1436	1437	1437	1437	1437	1437	1437	1437	1438	1437	1437	1437	1437	1438	1438	1437	1437	1437	1437	1437	1436	1436	1437	1437	1437	1437	1437	1437	1437	1437	1437	1437	1436	1436	1437	1437	1436	1437	1437	1437	1437	1436	1436	1436	1437	1437	1436	1437	1437	1437	1437	1437	1437	1436	1436	1437	1436	1437	1436	1437	1436	1436	1437	1436	1437	1437	1437	1438	1436	1437	1437	1437	1437	1437	1437	1437	1437	1437	1437	1437	1436	1438	1437	1437	1437	1437	1437	1437	1437	1436	1437	1437	1437	1437	1437	1437	1437	1436	1437	1437	1436	1437	1437	1436	1437	1437	1437	1437	1437
2880	409846	1438	1437	1438	1438	1437	1437	1437	1438	1437	1438	1438	1438	1438	1438	1438	1438	1438	1437	1437	1437	1436	1437	1436	1436	1437	1437	1436	1436	1437	1437	1437	1437	1436	1437	1437	1437	1437	1437	1437	1437	1437	1437	1438	1437	1437	1437	1437	1437	1437	1436	1437	1437	1436	1438	1437	1438	1437	1438	1436	1437	1437	1436	1436	1437	1436	1437	1437	1437	1437	1437	1437	1437	1436	1437	1437	1437	1437	1436	1437	1437	1436	1437	1436	1436	1437	1437	1437	1436	1437	1437	1437	1437	1437	1437	1437	1437	1437	1436	1436	1437	1436	1436	1436	1436	1435	1436	1436	1436	1436	1436	1437	1436	1436	1437	1436	1437	1437	1437	1437	1437	1437	1436	1436	1436	1437	1437	1436	1436
2881	410338	1438	1438	1438	1438	1438	1438	1438	1438	1438	1438	1437	1438	1438	1438	1438	1438	1438	1437	1438	1438	1438	1438	1438	1437	1437	1438	1437	1438	1437	1437	1438	1438	1438	1438	1438	1438	1437	1438	1437	1438	1438	1438	1438	1437	1438	1437	1438	1438	1437	1436	1437	1437	1437	1437	1437	1437	1437	1438	1438	1438	1438	1438	1437	1438	1437	1437	1437	1437	1437	1436	1437	1437	1437	1437	1437	1437	1438	1437	1438	1439	1438	1438	1438	1438	1438	1438	1437	1438	1438	1438	1438	1438	1437	1438	1438	1438	1438	1438	1437	1438	1438	1437	1437	1436	1437	1437	1437	1437	1437	1437	1437	1437	1437	1437	1436	1437	1437	1437	1437	1437	1437	1436	1437	1437	1437	1437	1437	1437
2882	410830	1438	1438	1438	1438	1438	1438	1438	1438	1438	1438	1438	1439	1438	1438	1438	1438	1439	1438	1438	1438	1438	1437	1438	1437	1438	1438	1438	1438	1439	1438	1438	1438	1437	1438	1438	1438	1438	1437	1438	1437	1439	1438	1437	1437	1438	1438	1438	1438	1438	1437	1438	1438	1437	1438	1438	1438	1438	1439	1439	1438	1438	1438	1440	1439	1438	1438	1439	1438	1438	1438	1438	1438	1438	1438	1438	1438	1438	1439	1438	1438	1437	1438	1439	1438	1438	1439	1438	1439	1438	1438	1436	1437	1438	1438	1438	1438	1437	1437	1438	1438	1438	1438	1438	1438	1438	1438	1438	1438	1438	1438	1437	1438	1437	1438	1438	1437	1440	1437	1438	1438	1437	1437	1438	1437	1438	1437	1437	1437
2883	411323	1438	1439	1438	1438	1438	1438	1438	1439	1438	1438	1439	1439	1439	1438	1438	1439	1438	1439	1439	1439	1439	1439	1438	1439	1439	1439	1439	1439	1439	1439	1439	1439	1439	1438	1439	1439	1439	1439	1438	1438	1439	1439	1439	1439	1439	1439	1438	1439	1438	1439	1438	1438	1438	1438	1439	1438	1438	1439	1438	1438	1438	1438	1439	1438	1438	1438	1438	1438	1438	1439	1438	1438	1439	1438	1439	1438	1439	1439	1438	1439	1438	1438	1438	1438	1439	1438	1439	1439	1440	1439	1438	1439	1438	1439	1439	1437	1439	1438	1439	1439	1438	1439	1439	1439	1438	1438	1439	1439	1439	1439	1439	1439	1439	1439	1438	1438	1439	1439	1439	1439	1439	1438	1438	1438	1438	1438	1438	1438
2884	411815	1439	1439	1439	1439	1439	1439	1439	1440	1439	1439	1439	1439	1439	1438	1439	1439	1439	1438	1438	1438	1438	1440	1439	1439	1439	1438	1439	1439	1439	1439	1439	1439	1438	1439	1438	1439	1439	1438	1439	1438	1440	1439	1439	1439	1439	1439	1439	1439	1439	1439	1439	1439	1439	1439	1439	1440	1439	1439	1439	1439	1440	1439	1439	1439	1439	1440	1439	1439	1440	1440	1439	1439	1439	1438	1439	1439	1439	1439	1439	1439	1439	1439	1439	1438	1440	1439	1439	1440	1439	1439	1439	1439	1438	1438	1439	1439	1439	1439	1439	1439	1439	1439	1438	1439	1439	1439	1439	1439	1439	1440	1439	1439	1440	1439	1440	1439	1439	1439	1439	1439	1439	1439	1439	1439	1439	1439	1438	1439
2885	412307	1439	1440	1440	1440	1440	1440	1439	1440	1440	1440	1439	1439	1439	1439	1439	1439	1440	1439	1439	1440	1440	1439	1439	1439	1439	1439	1440	1439	1440	1440	1440	1441	1439	1440	1439	1440	1441	1440	1441	1440	1440	1440	1439	1439	1439	1440	1440	1440	1441	1440	1440	1440	1438	1440	1440	1440	1440	1440	1440	1439	1440	1440	1439	1440	1439	1439	1439	1440	1439	1439	1440	1439	1440	1438	1439	1439	1439	1440	1439	1439	1440	1439	1439	1439	1439	1439	1438	1439	1439	1438	1439	1439	1439	1440	1439	1439	1440	1440	1439	1439	1439	1439	1440	1439	1440	1439	1440	1440	1439	1439	1441	1440	1440	1440	1439	1440	1440	1441	1440	1440	1440	1440	1440	1439	1440	1439	1440	1439
2886	412800	1440	1440	1441	1440	1440	1440	1440	1440	1442	1440	1440	1440	1439	1440	1440	1440	1440	1440	1440	1440	1440	1440	1440	1439	1440	1440	1440	1439	1440	1439	1439	1439	1440	1439	1439	1440	1440	1439	1440	1440	1440	1439	1440	1440	1439	1439	1440	1440	1439	1439	1440	1440	1440	1440	1439	1440	1439	1440	1439	1440	1440	1440	1440	1440	1440	1440	1440	1441	1440	1440	1440	1440	1440	1440	1440	1440	1440	1440	1440	1441	1440	1440	1440	1440	1440	1440	1440	1440	1440	1440	1440	1441	1440	1439	1440	1440	1440	1440	1440	1440	1440	1440	1440	1439	1440	1440	1440	1440	1440	1440	1439	1440	1440	1440	1440	1440	1440	1440	1441	1441	1441	1440	1440	1440	1440	1440	1440	1440
2887	413292	1441	1441	1442	1441	1441	1441	1440	1441	1440	1441	1441	1440	1441	1440	1441	1441	1441	1441	1441	1441	1441	1441	1441	1440	1440	1441	1440	1440	1440	1441	1440	1440	1440	1440	1440	1440	1440	1439	1440	1440	1439	1440	1439	1440	1440	1440	1440	1440	1440	1440	1439	1440	1439	1439	1440	1440	1440	1440	1441	1440	1440	1440	1440	1440	1440	1440	1440	1440	1440	1440	1440	1440	1441	1440	1441	1440	1441	1440	1441	1441	1441	1440	1440	1441	1441	1440	1440	1440	1440	1440	1440	1440	1440	1441	1440	1440	1440	1440	1441	1441	1441	1441	1440	1441	1441	1441	1441	1441	1440	1440	1440	1440	1440	1440	1439	1440	1440	1440	1440	1441	1441	1440	1440	1441	1440	1441	1440	1440
2888	413784	1441	1441	1441	1442	1441	1441	1441	1441	1441	1441	1441	1441	1441	1441	1440	1441	1441	1441	1441	1441	1441	1440	1441	1441	1441	1441	1441	1441	1441	1441	1441	1441	1440	1441	1440	1441	1441	1440	1440	1440	1440	1440	1440	1440	1441	1441	1440	1440	1440	1441	1441	1440	1440	1440	1441	1441	1442	1441	1441	1441	1441	1441	1441	1441	1441	1441	1441	1441	1441	1441	1440	1440	1441	1441	1441	1442	1441	1441	1441	1441	1442	1441	1441	1441	1441	1441	1441	1441	1441	1441	1441	1440	1441	1441	1441	1441	1441	1441	1440	1441	1441	1441	1441	1441	1440	1442	1441	1440	1440	1440	1440	1440	1440	1440	1441	1440	1441	1440	1441	1440	1440	1441	1441	1440	1441	1440	1441	1440
2889	414276	1441	1441	1442	1443	1441	1441	1442	1442	1442	1441	1441	1442	1441	1442	1441	1442	1441	1442	1442	1441	1440	1441	1442	1441	1441	1441	1441	1441	1442	1441	1442	1441	1442	1441	1442	1442	1442	1442	1442	1441	1442	1441	1441	1442	1442	1441	1441	1441	1442	1441	1441	1442	1441	1441	1442	1441	1441	1442	1441	1441	1442	1441	1441	1442	1442	1441	1441	1442	1442	1441	1442	1441	1441	1441	1441	1441	1441	1442	1442	1442	1442	1442	1442	1442	1442	1443	1442	1442	1442	1442	1442	1442	1442	1442	1442	1442	1442	1442	1442	1442	1442	1442	1442	1441	1442	1442	1442	1442	1442	1442	1442	1442	1442	1442	1442	1441	1441	1442	1441	1441	1441	1441	1442	1440	1441	1441	1441	1441
2890	414769	1442	1441	1441	1442	1442	1442	1442	1442	1442	1442	1442	1442	1442	1442	1442	1442	1442	1442	1442	1441	1441	1442	1441	1442	1441	1441	1442	1441	1441	1442	1442	1441	1442	1442	1441	1442	1441	1442	1442	1442	1442	1442	1441	1442	1441	1441	1441	1442	1442	1442	1442	1441	1442	1441	1442	1442	1442	1442	1441	1441	1442	1442	1443	1442	1442	1442	1442	1443	1442	1442	1442	1442	1442	1442	1442	1442	1442	1442	1441	1441	1442	1442	1442	1442	1442	1441	1442	1442	1442	1442	1442	1442	1441	1442	1441	1442	1442	1441	1441	1441	1441	1442	1441	1441	1442	1442	1442	1442	1442	1441	1442	1442	1442	1443	1442	1442	1442	1442	1442	1442	1442	1441	1442	1441	1442	1441	1441	1442
2891	415261	1442	1443	1443	1443	1443	1442	1443	1443	1443	1443	1443	1443	1443	1443	1442	1443	1443	1442	1442	1442	1443	1444	1443	1443	1443	1442	1442	1444	1442	1443	1442	1443	1443	1443	1443	1443	1443	1443	1442	1441	1442	1442	1443	1442	1442	1442	1442	1442	1442	1443	1443	1442	1443	1442	1442	1442	1443	1442	1441	1442	1441	1442	1442	1442	1442	1442	1441	1442	1442	1442	1442	1442	1442	1440	1443	1443	1443	1443	1443	1442	1442	1443	1442	1443	1443	1443	1443	1442	1443	1442	1443	1443	1443	1443	1443	1443	1443	1442	1443	1443	1442	1442	1442	1442	1443	1442	1443	1442	1442	1442	1443	1443	1442	1443	1442	1442	1442	1442	1442	1442	1443	1442	1442	1442	1442	1443	1442	1442
2892	415753	1443	1442	1443	1443	1443	1443	1443	1443	1443	1443	1445	1442	1443	1443	1442	1442	1443	1443	1443	1443	1443	1443	1445	1443	1443	1443	1443	1443	1443	1443	1443	1443	1443	1443	1443	1443	1442	1443	1442	1442	1442	1443	1443	1443	1443	1443	1442	1442	1443	1444	1444	1443	1443	1443	1444	1443	1444	1443	1443	1443	1444	1443	1443	1443	1443	1443	1443	1443	1443	1443	1443	1444	1443	1443	1444	1443	1443	1442	1443	1443	1443	1443	1443	1443	1442	1443	1443	1443	1443	1443	1442	1443	1443	1443	1443	1443	1443	1443	1443	1443	1443	1443	1442	1443	1443	1443	1443	1443	1443	1443	1443	1443	1443	1444	1443	1443	1443	1443	1443	1443	1443	1443	1443	1442	1443	1443	1443	1443
2893	416246	1443	1443	1444	1443	1444	1443	1442	1442	1443	1444	1443	1444	1444	1443	1444	1444	1443	1443	1443	1444	1443	1443	1443	1443	1443	1443	1443	1443	1443	1444	1443	1444	1443	1444	1444	1444	1443	1444	1444	1444	1443	1443	1443	1443	1444	1443	1443	1443	1443	1444	1443	1444	1444	1444	1444	1443	1443	1443	1443	1444	1444	1443	1443	1443	1443	1443	1444	1443	1444	1444	1443	1444	1443	1443	1443	1443	1443	1443	1444	1444	1444	1444	1443	1444	1443	1444	1444	1444	1444	1443	1444	1443	1443	1444	1444	1444	1443	1444	1444	1444	1444	1443	1444	1444	1444	1444	1444	1444	1443	1444	1445	1443	1444	1443	1444	1443	1443	1444	1442	1444	1444	1443	1443	1443	1444	1443	1443	1444
2894	416738	1444	1444	1444	1444	1443	1444	1443	1444	1443	1444	1444	1444	1443	1443	1444	1444	1444	1444	1443	1443	1444	1443	1444	1445	1444	1444	1444	1444	1446	1443	1445	1444	1444	1444	1444	1443	1442	1444	1444	1444	1444	1444	1444	1444	1444	1444	1444	1445	1445	1444	1445	1444	1444	1444	1444	1444	1444	1445	1444	1444	1444	1444	1444	1444	1444	1443	1443	1444	1443	1444	1444	1444	1445	1444	1445	1444	1444	1444	1444	1444	1444	1443	1444	1444	1443	1443	1443	1443	1443	1444	1443	1443	1444	1444	1444	1443	1443	1443	1443	1444	1444	1444	1443	1443	1444	1444	1443	1444	1443	1443	1443	1444	1443	1443	1444	1444	1444	1444	1444	1444	1444	1444	1444	1444	1443	1444	1444	1444
2895	417230	1444	1444	1444	1444	1444	1444	1444	1444	1444	1445	1445	1444	1444	1444	1444	1445	1445	1444	1444	1444	1444	1445	1444	1444	1444	1445	1444	1444	1445	1444	1445	1444	1444	1444	1444	1444	1444	1444	1444	1444	1444	1444	1445	1444	1444	1444	1444	1443	1444	1444	1444	1444	1444	1443	1444	1444	1444	1444	1443	1444	1443	1444	1444	1443	1443	1443	1444	1444	1444	1444	1444	1444	1445	1443	1444	1444	1444	1444	1444	1444	1444	1444	1444	1444	1444	1443	1443	1444	1444	1445	1444	1445	1444	1444	1445	1444	1444	1444	1444	1444	1444	1444	1444	1444	1444	1444	1445	1444	1444	1444	1443	1444	1444	1445	1445	1444	1445	1444	1444	1445	1444	1445	1444	1445	1444	1445	1445	1444
2896	417723	1445	1445	1445	1445	1445	1445	1445	1445	1445	1445	1445	1445	1445	1445	1445	1445	1445	1445	1445	1445	1445	1445	1445	1444	1444	1446	1445	1445	1445	1446	1446	1445	1445	1445	1445	1445	1445	1445	1445	1444	1445	1444	1445	1444	1445	1445	1445	1446	1445	1445	1446	1445	1446	1445	1445	1445	1445	1445	1445	1446	1445	1445	1445	1443	1444	1444	1445	1444	1444	1444	1444	1444	1444	1444	1444	1444	1445	1445	1444	1445	1445	1445	1445	1445	1444	1444	1445	1444	1445	1444	1444	1444	1444	1444	1444	1444	1445	1444	1444	1444	1444	1444	1445	1445	1445	1445	1445	1445	1444	1444	1445	1445	1444	1444	1444	1445	1445	1445	1445	1445	1443	1445	1445	1444	1445	1444	1444	1445
2897	418215	1446	1446	1445	1446	1445	1445	1446	1445	1445	1445	1446	1446	1445	1446	1446	1446	1446	1445	1445	1445	1445	1446	1445	1445	1445	1445	1445	1445	1445	1445	1445	1445	1445	1445	1446	1446	1446	1445	1445	1445	1445	1445	1444	1446	1445	1446	1445	1444	1445	1444	1445	1444	1445	1445	1445	1445	1445	1446	1446	1446	1446	1445	1446	1446	1445	1446	1445	1445	1446	1445	1446	1445	1445	1446	1446	1446	1445	1446	1445	1445	1446	1446	1446	1445	1446	1446	1446	1447	1446	1446	1446	1445	1446	1446	1446	1445	1446	1445	1445	1445	1445	1445	1445	1445	1445	1445	1445	1445	1446	1446	1446	1446	1445	1445	1445	1444	1445	1445	1445	1445	1445	1445	1445	1445	1445	1445	1445	1444
2898	418707	1446	1445	1445	1446	1446	1445	1445	1445	1445	1446	1445	1445	1445	1446	1446	1446	1446	1446	1446	1446	1446	1446	1447	1446	1446	1445	1446	1446	1446	1446	1446	1446	1447	1447	1446	1446	1446	1447	1447	1446	1446	1446	1445	1447	1446	1446	1446	1446	1445	1445	1447	1446	1445	1446	1446	1446	1446	1445	1446	1446	1447	1446	1446	1446	1446	1446	1446	1445	1446	1445	1445	1446	1446	1445	1446	1446	1446	1446	1445	1446	1446	1446	1446	1446	1445	1446	1446	1446	1446	1446	1446	1446	1446	1447	1446	1446	1446	1447	1445	1446	1446	1446	1447	1446	1445	1446	1446	1446	1446	1446	1447	1446	1446	1446	1446	1447	1446	1447	1446	1446	1446	1447	1446	1446	1446	1446	1446	1446
2899	419200	1446	1447	1446	1447	1446	1447	1447	1447	1447	1446	1447	1446	1447	1446	1446	1447	1446	1447	1447	1446	1446	1447	1447	1447	1446	1446	1446	1447	1447	1447	1447	1447	1447	1447	1447	1447	1447	1447	1447	1447	1446	1447	1447	1447	1447	1446	1447	1447	1447	1447	1447	1446	1447	1445	1446	1446	1446	1447	1446	1447	1446	1446	1446	1447	1446	1445	1447	1447	1447	1447	1446	1446	1447	1447	1446	1446	1446	1446	1446	1446	1446	1446	1447	1447	1447	1447	1447	1447	1447	1447	1446	1447	1447	1447	1447	1447	1447	1446	1447	1447	1446	1447	1446	1446	1447	1446	1447	1447	1446	1447	1446	1446	1447	1447	1447	1447	1447	1446	1446	1446	1447	1446	1446	1446	1447	1446	1446	1446
2900	419692	1445	1446	1446	1447	1447	1446	1447	1446	1446	1447	1446	1447	1447	1446	1447	1447	1447	1446	1448	1447	1447	1447	1447	1447	1447	1447	1447	1447	1447	1447	1448	1448	1447	1447	1447	1447	1447	1447	1447	1447	1447	1446	1447	1447	1447	1447	1447	1447	1447	1447	1447	1447	1447	1447	1446	1447	1447	1447	1446	1447	1446	1446	1447	1446	1447	1446	1447	1447	1446	1447	1447	1446	1447	1446	1447	1447	1446	1447	1448	1446	1446	1447	1446	1447	1447	1446	1446	1446	1446	1447	1447	1447	1446	1447	1447	1447	1446	1447	1447	1447	1446	1447	1447	1448	1447	1446	1447	1447	1448	1447	1446	1447	1446	1447	1447	1447	1447	1447	1447	1446	1447	1446	1446	1447	1446	1446	1447	1447
2901	420184	1447	1447	1447	1447	1447	1447	1448	1448	1447	1448	1447	1447	1447	1447	1448	1447	1448	1448	1448	1448	1448	1447	1447	1447	1447	1447	1447	1447	1447	1447	1447	1447	1448	1447	1448	1447	1447	1448	1448	1448	1448	1447	1447	1447	1447	1447	1447	1447	1447	1447	1448	1447	1447	1448	1447	1447	1447	1447	1448	1447	1447	1447	1448	1448	1447	1448	1448	1448	1448	1447	1448	1448	1448	1448	1447	1448	1448	1448	1447	1448	1448	1448	1447	1447	1448	1448	1448	1448	1448	1448	1448	1447	1448	1448	1449	1448	1448	1447	1448	1447	1447	1447	1447	1447	1447	1447	1447	1447	1446	1447	1447	1447	1446	1447	1447	1447	1447	1447	1447	1447	1448	1447	1447	1448	1447	1447	1447	1446
2902	420676	1448	1448	1448	1448	1448	1448	1448	1447	1448	1447	1447	1447	1447	1448	1448	1448	1448	1448	1448	1448	1448	1448	1447	1448	1447	1448	1448	1447	1448	1448	1447	1447	1447	1448	1447	1447	1447	1447	1448	1448	1448	1447	1447	1448	1448	1448	1448	1448	1447	1448	1448	1447	1448	1448	1448	1447	1447	1447	1447	1448	1448	1447	1447	1447	1447	1448	1447	1448	1447	1447	1447	1447	1448	1447	1447	1448	1447	1448	1448	1447	1448	1447	1448	1448	1447	1448	1447	1448	1447	1447	1447	1448	1448	1447	1447	1448	1447	1448	1447	1447	1447	1447	1447	1446	1448	1447	1448	1448	1448	1448	1447	1448	1448	1447	1448	1448	1448	1448	1448	1448	1448	1448	1448	1449	1448	1448	1448	1448
2903	421169	1447	1448	1448	1448	1448	1448	1448	1448	1448	1447	1449	1448	1449	1448	1448	1449	1448	1448	1448	1448	1449	1448	1448	1447	1448	1448	1449	1448	1448	1449	1449	1449	1448	1448	1448	1448	1448	1449	1448	1448	1448	1448	1448	1448	1448	1448	1449	1448	1448	1448	1449	1448	1448	1448	1449	1449	1449	1448	1448	1448	1448	1449	1448	1447	1448	1448	1448	1448	1448	1448	1448	1448	1448	1448	1448	1449	1448	1448	1448	1448	1448	1448	1447	1448	1448	1448	1448	1448	1448	1448	1448	1448	1448	1448	1448	1449	1448	1448	1448	1448	1448	1448	1448	1448	1448	1447	1447	1448	1448	1449	1448	1447	1448	1449	1448	1448	1448	1448	1448	1448	1448	1448	1448	1448	1448	1447	1448	1448
2904	421661	1449	1449	1449	1449	1449	1449	1448	1449	1449	1449	1449	1449	1449	1449	1449	1449	1449	1449	1449	1449	1449	1449	1449	1449	1449	1449	1449	1449	1449	1448	1448	1449	1449	1449	1449	1449	1450	1449	1449	1449	1448	1450	1449	1449	1449	1449	1449	1449	1449	1449	1449	1449	1448	1449	1449	1449	1449	1449	1450	1449	1449	1449	1449	1449	1448	1449	1449	1449	1449	1449	1449	1449	1449	1450	1449	1450	1449	1449	1450	1448	1450	1449	1449	1449	1449	1449	1448	1449	1450	1449	1449	1450	1449	1449	1449	1449	1449	1449	1449	1448	1449	1449	1449	1449	1449	1449	1447	1449	1449	1449	1450	1449	1449	1449	1449	1448	1449	1449	1448	1449	1449	1449	1449	1449	1449	1449	1449	1449
2905	422153	1448	1449	1448	1449	1450	1449	1449	1448	1449	1449	1449	1450	1449	1449	1449	1449	1449	1449	1449	1449	1450	1449	1449	1449	1449	1449	1450	1449	1449	1450	1450	1449	1449	1449	1449	1449	1449	1448	1449	1449	1449	1449	1449	1449	1449	1449	1449	1450	1449	1449	1450	1451	1449	1449	1448	1449	1448	1449	1449	1449	1449	1449	1449	1449	1449	1449	1449	1449	1449	1449	1449	1448	1449	1449	1449	1450	1449	1450	1449	1450	1449	1450	1450	1450	1450	1449	1449	1449	1449	1449	1449	1449	1449	1449	1450	1449	1449	1449	1449	1450	1449	1450	1449	1450	1450	1449	1450	1450	1449	1450	1449	1449	1450	1450	1449	1449	1449	1449	1450	1450	1449	1449	1449	1450	1450	1449	1450	1449
2906	422646	1450	1449	1450	1450	1450	1450	1450	1450	1451	1450	1450	1450	1450	1450	1450	1451	1450	1451	1451	1450	1450	1449	1450	1450	1450	1449	1449	1450	1450	1450	1450	1450	1450	1450	1450	1450	1450	1450	1450	1450	1450	1450	1450	1450	1450	1450	1450	1449	1450	1450	1450	1450	1450	1449	1450	1450	1450	1450	1449	1450	1450	1450	1451	1450	1450	1450	1450	1451	1450	1450	1450	1451	1450	1449	1450	1450	1449	1450	1450	1449	1449	1450	1449	1449	1450	1449	1450	1450	1450	1450	1449	1450	1451	1450	1450	1450	1450	1450	1450	1450	1450	1450	1451	1450	1450	1450	1450	1450	1451	1450	1450	1449	1450	1450	1449	1449	1450	1450	1450	1449	1450	1449	1450	1450	1449	1450	1449	1449
2907	423138	1451	1451	1451	1450	1451	1450	1451	1451	1450	1450	1450	1451	1450	1450	1451	1450	1451	1451	1450	1451	1451	1451	1451	1451	1451	1451	1451	1451	1451	1451	1451	1450	1450	1451	1451	1450	1451	1450	1451	1450	1450	1451	1451	1451	1450	1451	1450	1450	1451	1451	1450	1450	1450	1451	1451	1451	1450	1450	1451	1451	1450	1450	1450	1451	1450	1451	1450	1450	1450	1450	1451	1450	1450	1451	1450	1450	1450	1450	1450	1450	1450	1450	1450	1450	1451	1451	1451	1451	1451	1451	1451	1450	1451	1451	1450	1451	1451	1451	1450	1450	1451	1450	1451	1450	1451	1450	1450	1450	1449	1450	1450	1450	1451	1450	1450	1450	1450	1450	1451	1451	1450	1451	1451	1451	1451	1450	1450	1450
2908	423630	1450	1450	1449	1451	1450	1450	1451	1450	1451	1450	1450	1450	1450	1450	1450	1450	1451	1450	1450	1450	1450	1450	1451	1450	1450	1450	1450	1450	1451	1451	1451	1451	1451	1451	1451	1451	1450	1451	1451	1450	1451	1451	1450	1451	1451	1451	1451	1452	1451	1451	1451	1451	1450	1450	1450	1450	1450	1450	1450	1450	1451	1450	1450	1451	1451	1451	1451	1450	1450	1450	1451	1450	1450	1450	1450	1451	1450	1450	1450	1450	1451	1451	1450	1450	1450	1450	1450	1450	1450	1451	1451	1450	1451	1450	1451	1450	1451	1451	1451	1451	1450	1450	1451	1450	1452	1450	1451	1451	1451	1451	1451	1451	1451	1451	1451	1451	1451	1451	1451	1451	1450	1451	1450	1451	1452	1451	1451	1451
2909	424123	1451	1452	1452	1452	1451	1451	1452	1451	1451	1451	1451	1448	1451	1451	1451	1451	1451	1451	1451	1451	1451	1451	1451	1451	1451	1451	1451	1451	1451	1451	1451	1451	1452	1451	1451	1451	1451	1451	1451	1451	1452	1451	1452	1451	1451	1452	1452	1452	1452	1451	1451	1452	1451	1451	1452	1452	1452	1452	1452	1452	1452	1452	1451	1452	1452	1451	1452	1452	1452	1452	1452	1452	1452	1451	1452	1451	1452	1451	1451	1452	1451	1452	1451	1451	1451	1451	1452	1451	1451	1451	1451	1451	1451	1451	1451	1450	1450	1450	1451	1450	1451	1450	1450	1451	1450	1451	1451	1450	1451	1451	1451	1451	1450	1451	1451	1452	1451	1451	1451	1451	1451	1451	1452	1452	1452	1451	1451	1452
2910	424615	1452	1452	1452	1452	1452	1452	1451	1452	1452	1453	1452	1452	1452	1452	1452	1452	1452	1452	1451	1452	1452	1452	1452	1452	1452	1452	1452	1452	1452	1452	1452	1452	1453	1451	1452	1452	1452	1452	1452	1452	1452	1451	1452	1452	1452	1452	1452	1451	1452	1452	1452	1453	1451	1452	1452	1451	1452	1452	1452	1452	1451	1451	1451	1452	1452	1451	1453	1452	1451	1451	1452	1452	1452	1452	1452	1452	1452	1452	1452	1452	1451	1452	1451	1452	1452	1451	1451	1451	1452	1452	1452	1452	1451	1451	1452	1452	1452	1452	1451	1452	1452	1451	1451	1451	1452	1452	1451	1451	1451	1451	1452	1451	1451	1452	1451	1452	1452	1452	1452	1452	1452	1452	1451	1452	1452	1452	1451	1451
2911	425107	1452	1452	1452	1453	1452	1452	1452	1452	1452	1452	1452	1452	1452	1452	1452	1452	1452	1452	1453	1452	1452	1452	1452	1453	1453	1452	1452	1452	1453	1453	1452	1453	1452	1453	1452	1452	1452	1452	1453	1452	1452	1452	1452	1452	1452	1452	1452	1451	1452	1452	1451	1452	1452	1452	1452	1452	1451	1452	1452	1452	1452	1452	1453	1452	1452	1452	1452	1452	1452	1452	1452	1452	1452	1452	1452	1452	1452	1452	1452	1452	1452	1452	1452	1452	1452	1452	1453	1453	1452	1453	1452	1452	1453	1452	1452	1452	1453	1452	1452	1452	1452	1453	1452	1452	1452	1452	1453	1452	1452	1452	1452	1452	1452	1452	1453	1453	1452	1452	1452	1452	1452	1453	1452	1453	1452	1453	1452	1454
2912	425600	1452	1452	1452	1452	1452	1452	1452	1452	1452	1452	1452	1452	1452	1453	1452	1452	1452	1452	1453	1452	1453	1453	1453	1452	1452	1452	1453	1452	1452	1452	1452	1453	1453	1453	1452	1453	1452	1452	1453	1452	1453	1453	1453	1453	1453	1453	1453	1454	1453	1453	1454	1453	1454	1453	1453	1453	1453	1453	1453	1454	1453	1453	1453	1453	1453	1453	1453	1453	1453	1453	1453	1453	1454	1453	1453	1453	1453	1453	1452	1452	1453	1453	1452	1453	1452	1453	1453	1453	1453	1453	1452	1453	1453	1453	1452	1453	1453	1453	1452	1453	1452	1453	1453	1453	1452	1452	1453	1452	1453	1453	1453	1453	1453	1453	1453	1452	1454	1453	1452	1453	1454	1454	1453	1453	1453	1453	1453	1453
2913	426092	1453	1453	1454	1453	1452	1454	1453	1454	1453	1453	1454	1452	1453	1453	1453	1454	1453	1453	1453	1453	1453	1453	1453	1453	1453	1452	1452	1453	1453	1452	1453	1453	1452	1452	1452	1453	1452	1452	1453	1453	1453	1453	1454	1454	1454	1454	1454	1454	1454	1453	1453	1453	1453	1454	1454	1454	1453	1454	1454	1453	1453	1454	1454	1453	1454	1454	1454	1454	1455	1453	1454	1454	1453	1453	1454	1453	1453	1453	1453	1453	1452	1453	1453	1453	1453	1453	1454	1453	1454	1454	1453	1454	1454	1454	1454	1453	1454	1454	1454	1453	1454	1453	1453	1454	1453	1452	1453	1453	1454	1453	1453	1455	1453	1454	1453	1453	1454	1453	1454	1453	1454	1453	1453	1454	1454	1454	1453	1453
2914	426584	1454	1454	1453	1453	1454	1453	1453	1454	1453	1454	1454	1454	1454	1454	1454	1453	1454	1454	1453	1454	1453	1453	1454	1454	1454	1454	1454	1454	1454	1454	1454	1454	1454	1454	1454	1453	1454	1453	1454	1453	1453	1454	1454	1455	1453	1454	1454	1454	1454	1453	1454	1454	1454	1454	1454	1454	1454	1454	1454	1455	1454	1454	1455	1455	1454	1454	1454	1455	1454	1453	1454	1453	1453	1454	1454	1454	1453	1454	1453	1454	1453	1453	1454	1453	1454	1454	1454	1454	1454	1454	1453	1454	1454	1453	1454	1454	1454	1454	1453	1453	1454	1453	1454	1454	1453	1454	1454	1453	1453	1453	1452	1454	1454	1454	1454	1453	1454	1453	1453	1454	1453	1454	1454	1454	1453	1454	1454	1453
2915	427076	1454	1454	1454	1455	1454	1455	1455	1455	1455	1455	1455	1455	1455	1455	1455	1456	1455	1455	1455	1455	1455	1455	1455	1455	1455	1455	1454	1455	1455	1454	1455	1455	1455	1454	1455	1455	1455	1455	1454	1454	1454	1453	1454	1454	1454	1454	1454	1454	1454	1454	1454	1454	1454	1454	1454	1454	1454	1453	1454	1453	1454	1454	1455	1454	1454	1454	1454	1454	1454	1454	1454	1454	1454	1454	1454	1455	1455	1454	1455	1455	1455	1454	1454	1454	1454	1455	1455	1454	1455	1454	1454	1455	1454	1455	1455	1455	1455	1455	1455	1455	1455	1454	1455	1455	1454	1455	1454	1455	1454	1454	1455	1454	1455	1454	1453	1455	1454	1454	1454	1454	1455	1454	1454	1453	1453	1454	1454	1454
2916	427569	1455	1454	1454	1455	1455	1455	1455	1455	1455	1456	1456	1455	1455	1455	1455	1455	1455	1454	1455	1455	1455	1455	1455	1455	1455	1455	1455	1455	1455	1456	1455	1455	1455	1455	1455	1456	1455	1455	1455	1456	1455	1455	1455	1455	1455	1455	1455	1455	1455	1455	1455	1455	1455	1454	1455	1455	1455	1455	1455	1455	1455	1455	1455	1455	1454	1455	1454	1454	1455	1454	1455	1455	1454	1455	1455	1454	1454	1454	1455	1454	1454	1454	1454	1455	1455	1454	1455	1455	1455	1455	1455	1455	1455	1456	1455	1455	1456	1455	1455	1455	1455	1455	1455	1455	1455	1455	1455	1456	1455	1455	1455	1455	1456	1455	1455	1455	1455	1455	1455	1455	1454	1455	1455	1454	1455	1454	1455	1455
2917	428061	1456	1455	1455	1455	1455	1456	1456	1455	1455	1455	1455	1455	1455	1455	1455	1456	1455	1455	1455	1455	1456	1455	1456	1455	1455	1456	1455	1455	1455	1455	1455	1455	1455	1455	1455	1455	1456	1456	1456	1456	1456	1455	1456	1456	1456	1456	1455	1455	1456	1455	1455	1455	1456	1455	1456	1455	1456	1455	1456	1455	1455	1455	1456	1455	1456	1456	1455	1456	1456	1456	1455	1455	1455	1455	1455	1455	1455	1454	1455	1455	1455	1455	1455	1455	1455	1454	1455	1455	1455	1455	1455	1455	1455	1455	1455	1455	1455	1455	1455	1455	1454	1455	1455	1455	1456	1454	1455	1455	1455	1455	1454	1455	1455	1456	1455	1455	1456	1456	1456	1455	1455	1455	1455	1454	1454	1455	1455	1455
2918	428553	1456	1456	1456	1456	1457	1456	1456	1456	1456	1456	1456	1456	1456	1453	1456	1456	1456	1456	1455	1456	1456	1457	1456	1456	1456	1456	1456	1456	1455	1456	1456	1456	1455	1456	1456	1456	1456	1455	1456	1456	1456	1456	1456	1455	1456	1455	1456	1456	1456	1455	1455	1455	1455	1455	1456	1456	1456	1455	1456	1456	1456	1456	1456	1456	1456	1455	1456	1456	1455	1456	1456	1456	1456	1456	1456	1455	1455	1456	1455	1456	1456	1455	1456	1456	1455	1456	1456	1456	1456	1455	1456	1456	1456	1456	1456	1455	1456	1456	1456	1456	1456	1455	1456	1456	1456	1456	1455	1456	1456	1455	1456	1456	1456	1455	1455	1455	1456	1456	1456	1456	1455	1455	1455	1456	1456	1455	1456	1455
2919	429046	1456	1456	1456	1457	1456	1456	1457	1456	1456	1456	1456	1457	1456	1456	1456	1456	1456	1456	1456	1456	1455	1456	1456	1456	1456	1456	1457	1456	1457	1456	1456	1456	1456	1457	1456	1456	1456	1457	1456	1458	1456	1456	1456	1456	1456	1456	1456	1456	1456	1456	1456	1456	1456	1456	1456	1456	1456	1457	1456	1456	1456	1456	1456	1456	1456	1456	1456	1456	1456	1456	1455	1456	1456	1456	1456	1456	1456	1456	1456	1456	1456	1456	1456	1455	1456	1456	1455	1456	1456	1456	1456	1456	1456	1456	1456	1456	1456	1456	1456	1457	1456	1456	1456	1456	1456	1455	1456	1456	1456	1456	1456	1456	1455	1456	1456	1456	1456	1457	1456	1456	1456	1457	1456	1457	1456	1456	1456	1456
2920	429538	1457	1457	1457	1457	1457	1457	1457	1457	1457	1457	1457	1457	1457	1457	1458	1457	1457	1457	1457	1457	1457	1457	1457	1457	1456	1457	1456	1457	1456	1456	1457	1456	1458	1457	1456	1457	1456	1457	1456	1456	1457	1457	1457	1457	1457	1457	1457	1456	1456	1457	1456	1456	1456	1456	1456	1456	1456	1456	1456	1457	1456	1456	1457	1456	1457	1457	1456	1458	1456	1457	1458	1457	1457	1456	1457	1457	1457	1457	1457	1457	1456	1457	1457	1457	1457	1456	1457	1457	1457	1457	1456	1457	1457	1457	1456	1456	1456	1456	1456	1456	1457	1456	1456	1456	1457	1457	1457	1456	1457	1456	1456	1457	1457	1456	1457	1457	1457	1456	1457	1457	1456	1457	1456	1456	1457	1456	1457	1456
2921	430030	1457	1458	1458	1457	1457	1457	1457	1457	1457	1457	1457	1457	1457	1457	1458	1457	1457	1458	1456	1457	1457	1457	1457	1457	1457	1457	1457	1457	1456	1457	1457	1457	1458	1457	1457	1457	1457	1457	1456	1457	1457	1457	1457	1456	1456	1457	1456	1456	1456	1456	1456	1456	1457	1456	1457	1457	1457	1457	1457	1457	1457	1457	1457	1457	1457	1457	1458	1457	1456	1457	1457	1457	1457	1458	1457	1458	1457	1458	1458	1458	1458	1458	1457	1458	1457	1457	1457	1457	1457	1457	1458	1458	1458	1457	1458	1458	1458	1458	1457	1458	1458	1457	1458	1458	1457	1457	1457	1457	1457	1457	1456	1457	1457	1456	1456	1456	1457	1457	1456	1457	1457	1457	1457	1457	1456	1456	1457	1457
2922	430523	1458	1457	1457	1457	1457	1458	1458	1458	1458	1457	1457	1457	1458	1458	1457	1458	1457	1457	1458	1457	1458	1457	1457	1457	1457	1458	1457	1458	1457	1457	1457	1457	1457	1457	1457	1457	1457	1457	1457	1457	1457	1457	1457	1457	1458	1457	1457	1457	1457	1457	1458	1457	1458	1457	1457	1457	1457	1457	1457	1457	1457	1457	1457	1457	1458	1458	1457	1457	1458	1457	1457	1458	1458	1457	1457	1457	1458	1458	1457	1457	1457	1457	1458	1457	1457	1457	1457	1457	1457	1457	1457	1457	1458	1457	1458	1458	1458	1458	1458	1458	1458	1458	1458	1458	1457	1457	1457	1457	1458	1457	1457	1458	1457	1458	1458	1457	1458	1458	1458	1457	1457	1458	1457	1458	1458	1457	1458	1457
2923	431015	1458	1458	1458	1458	1458	1458	1458	1459	1458	1459	1459	1458	1459	1458	1459	1458	1458	1458	1459	1458	1458	1458	1459	1459	1459	1458	1458	1459	1458	1459	1459	1458	1458	1458	1458	1458	1460	1458	1459	1458	1458	1458	1458	1458	1458	1458	1458	1458	1458	1458	1458	1458	1458	1458	1458	1457	1458	1458	1458	1458	1458	1458	1459	1458	1458	1458	1459	1459	1459	1459	1458	1458	1458	1458	1460	1459	1459	1459	1458	1459	1458	1459	1459	1459	1458	1458	1458	1458	1458	1458	1457	1458	1457	1459	1458	1459	1458	1458	1458	1458	1458	1459	1459	1458	1458	1458	1459	1459	1458	1458	1459	1459	1458	1458	1459	1458	1458	1458	1459	1459	1459	1458	1459	1459	1459	1458	1459	1459
2924	431507	1459	1459	1459	1459	1459	1459	1459	1459	1459	1459	1459	1459	1459	1459	1458	1458	1459	1458	1458	1458	1459	1459	1458	1459	1458	1458	1459	1459	1458	1459	1458	1459	1458	1458	1458	1458	1458	1459	1458	1459	1458	1459	1459	1459	1459	1459	1459	1459	1459	1459	1458	1459	1458	1458	1459	1459	1459	1459	1458	1458	1459	1459	1459	1459	1459	1458	1459	1460	1460	1460	1459	1459	1459	1459	1459	1459	1459	1459	1459	1459	1459	1459	1459	1459	1459	1459	1459	1459	1459	1459	1459	1459	1459	1459	1458	1459	1459	1459	1459	1459	1459	1459	1458	1458	1458	1458	1458	1459	1458	1459	1458	1459	1458	1458	1459	1458	1459	1458	1458	1459	1458	1458	1458	1458	1458	1458	1459	1459
2925	432000	1459	1459	1460	1459	1459	1459	1459	1460	1459	1459	1460	1459	1459	1460	1459	1459	1459	1460	1459	1459	1460	1459	1459	1459	1459	1459	1460	1459	1459	1459	1459	1460	1459	1459	1460	1459	1460	1459	1460	1460	1460	1460	1459	1459	1460	1460	1460	1459	1459	1459	1459	1459	1458	1459	1460	1459	1459	1459	1460	1459	1460	1459	1458	1459	1459	1459	1459	1458	1458	1459	1459	1460	1459	1459	1459	1459	1460	1459	1459	1459	1459	1459	1459	1459	1459	1460	1459	1460	1460	1459	1459	1458	1459	1459	1459	1459	1459	1460	1459	1460	1460	1459	1459	1460	1460	1459	1459	1459	1459	1459	1460	1459	1459	1459	1459	1459	1459	1460	1459	1459	1459	1459	1459	1459	1459	1459	1459	1458
2926	432492	1460	1460	1460	1460	1460	1460	1460	1460	1459	1460	1460	1460	1460	1459	1460	1460	1460	1460	1459	1459	1459	1460	1460	1459	1460	1459	1459	1459	1459	1460	1459	1459	1459	1459	1460	1459	1460	1460	1459	1460	1459	1459	1459	1460	1459	1459	1459	1459	1459	1459	1459	1459	1460	1458	1459	1459	1460	1459	1460	1460	1459	1459	1459	1459	1460	1460	1460	1460	1460	1459	1459	1460	1459	1460	1460	1460	1460	1460	1461	1461	1460	1460	1460	1461	1460	1461	1460	1460	1460	1459	1460	1460	1460	1460	1459	1459	1460	1460	1460	1460	1459	1460	1460	1460	1460	1459	1459	1460	1459	1460	1459	1459	1460	1459	1459	1459	1459	1459	1459	1459	1459	1459	1460	1459	1460	1460	1460	1460
2927	432984	1460	1461	1461	1460	1460	1461	1460	1460	1461	1460	1460	1460	1459	1459	1459	1460	1460	1460	1460	1460	1460	1460	1460	1461	1459	1460	1460	1460	1459	1460	1460	1460	1460	1459	1460	1459	1460	1460	1459	1460	1460	1459	1459	1460	1460	1460	1460	1460	1459	1460	1461	1460	1460	1460	1460	1458	1460	1460	1460	1460	1460	1461	1460	1460	1461	1460	1460	1459	1461	1461	1461	1460	1460	1460	1461	1460	1460	1461	1461	1460	1460	1461	1460	1461	1460	1460	1460	1460	1460	1461	1460	1460	1460	1463	1460	1460	1461	1460	1460	1460	1459	1460	1460	1460	1460	1460	1460	1460	1460	1461	1461	1461	1460	1460	1461	1461	1461	1460	1460	1461	1460	1460	1460	1460	1460	1460	1461	1460
2928	433476	1461	1461	1460	1460	1461	1461	1461	1461	1461	1461	1461	1461	1460	1461	1460	1460	1461	1461	1461	1461	1461	1460	1460	1460	1460	1460	1460	1460	1460	1460	1461	1460	1460	1460	1460	1459	1460	1460	1461	1460	1460	1460	1460	1460	1460	1460	1461	1460	1461	1460	1460	1461	1461	1461	1461	1460	1461	1461	1462	1460	1461	1460	1461	1460	1461	1461	1460	1460	1461	1460	1460	1460	1460	1460	1460	1460	1460	1461	1457	1461	1460	1460	1460	1461	1460	1460	1460	1460	1460	1460	1461	1460	1461	1461	1461	1460	1461	1461	1461	1462	1460	1461	1461	1461	1461	1460	1461	1461	1461	1460	1461	1461	1461	1461	1461	1461	1461	1460	1461	1461	1461	1461	1460	1461	1461	1461	1461	1460
2929	433969	1461	1461	1461	1461	1461	1461	1462	1461	1460	1461	1461	1461	1461	1461	1461	1461	1461	1461	1461	1461	1462	1462	1461	1460	1461	1462	1461	1461	1461	1461	1461	1461	1461	1460	1461	1462	1461	1460	1461	1461	1461	1461	1462	1461	1460	1461	1461	1460	1461	1461	1461	1460	1460	1461	1461	1461	1461	1462	1461	1461	1461	1461	1462	1463	1461	1462	1462	1462	1462	1462	1461	1461	1462	1461	1462	1462	1462	1462	1461	1461	1461	1461	1460	1461	1462	1461	1462	1461	1461	1462	1462	1462	1462	1462	1462	1461	1462	1462	1462	1462	1461	1461	1462	1462	1462	1461	1462	1462	1462	1462	1462	1462	1462	1462	1460	1462	1461	1461	1462	1462	1462	1461	1461	1461	1461	1462	1461	1461
2930	434461	1462	1462	1462	1462	1462	1462	1461	1462	1462	1462	1461	1462	1463	1462	1462	1462	1461	1462	1461	1462	1462	1462	1462	1462	1462	1462	1461	1462	1462	1462	1461	1462	1462	1461	1462	1461	1462	1462	1461	1462	1462	1461	1462	1460	1462	1461	1461	1462	1461	1462	1461	1461	1461	1461	1461	1461	1461	1461	1462	1461	1461	1461	1461	1462	1461	1461	1462	1462	1462	1462	1462	1461	1461	1462	1462	1462	1462	1462	1462	1461	1462	1462	1462	1462	1462	1462	1462	1462	1462	1460	1462	1462	1461	1462	1462	1462	1462	1461	1462	1461	1462	1462	1462	1461	1461	1462	1462	1462	1461	1462	1462	1462	1461	1462	1462	1462	1462	1462	1462	1462	1462	1462	1461	1462	1461	1461	1462	1462
2931	434953	1461	1462	1462	1462	1462	1462	1461	1461	1463	1462	1462	1462	1462	1463	1462	1462	1462	1462	1462	1463	1462	1463	1462	1462	1462	1462	1461	1462	1462	1462	1462	1462	1462	1462	1462	1462	1462	1461	1462	1462	1462	1463	1462	1463	1464	1462	1463	1462	1462	1463	1462	1462	1462	1462	1462	1462	1462	1462	1462	1462	1462	1462	1462	1461	1462	1462	1463	1462	1462	1461	1462	1461	1462	1462	1461	1462	1461	1462	1461	1461	1462	1461	1461	1461	1462	1462	1461	1462	1462	1462	1462	1462	1462	1462	1462	1461	1462	1462	1462	1463	1463	1464	1462	1462	1463	1463	1462	1462	1462	1462	1462	1463	1463	1463	1463	1462	1462	1463	1463	1463	1461	1463	1463	1463	1463	1462	1463	1462
2932	435446	1462	1463	1463	1463	1463	1463	1464	1464	1463	1463	1463	1463	1463	1463	1463	1463	1463	1463	1463	1462	1463	1462	1463	1463	1463	1463	1463	1464	1463	1463	1463	1464	1464	1463	1463	1463	1463	1462	1463	1463	1463	1462	1462	1462	1462	1463	1463	1462	1463	1462	1463	1462	1463	1462	1462	1462	1462	1462	1462	1462	1462	1462	1462	1463	1462	1461	1462	1462	1462	1462	1462	1462	1462	1462	1463	1462	1462	1463	1462	1462	1462	1462	1463	1462	1462	1462	1462	1463	1462	1463	1462	1462	1462	1461	1462	1462	1462	1463	1462	1462	1462	1462	1463	1463	1462	1462	1462	1462	1462	1463	1462	1462	1462	1462	1463	1462	1463	1463	1462	1462	1463	1463	1462	1463	1463	1463	1463	1462
2933	435938	1463	1463	1463	1463	1463	1463	1463	1463	1463	1463	1464	1463	1463	1462	1463	1463	1463	1463	1463	1463	1463	1464	1464	1463	1464	1463	1464	1464	1464	1464	1464	1465	1464	1464	1465	1464	1464	1464	1463	1463	1463	1462	1463	1464	1463	1463	1463	1464	1463	1464	1464	1463	1463	1463	1464	1463	1463	1462	1462	1463	1463	1463	1462	1462	1462	1462	1462	1462	1463	1462	1463	1463	1462	1463	1462	1463	1463	1463	1462	1463	1463	1462	1462	1462	1462	1462	1462	1462	1463	1463	1463	1463	1463	1463	1463	1464	1464	1464	1463	1463	1464	1464	1463	1463	1463	1463	1464	1463	1463	1463	1464	1463	1464	1463	1463	1463	1463	1463	1464	1464	1464	1463	1464	1463	1463	1464	1464	1463
2934	436430	1463	1464	1463	1464	1464	1463	1464	1463	1463	1463	1463	1463	1463	1464	1463	1463	1464	1464	1464	1463	1463	1463	1464	1463	1464	1463	1463	1464	1463	1464	1464	1464	1464	1464	1464	1464	1464	1464	1464	1463	1464	1464	1464	1464	1465	1464	1464	1464	1464	1464	1464	1463	1463	1464	1463	1464	1463	1463	1464	1463	1463	1463	1463	1464	1463	1464	1463	1463	1463	1463	1464	1463	1463	1463	1464	1464	1463	1465	1463	1463	1464	1463	1463	1463	1463	1464	1463	1463	1464	1464	1463	1464	1464	1463	1464	1464	1463	1464	1464	1463	1464	1463	1464	1464	1464	1463	1464	1463	1464	1464	1463	1463	1463	1464	1464	1464	1464	1464	1463	1464	1463	1464	1463	1464	1464	1464	1463	1464
2935	436923	1464	1464	1464	1463	1464	1464	1464	1465	1465	1464	1464	1464	1465	1464	1464	1464	1464	1465	1464	1465	1464	1464	1465	1464	1464	1464	1464	1464	1464	1464	1464	1464	1464	1464	1464	1464	1464	1464	1464	1464	1464	1464	1463	1464	1463	1464	1464	1463	1464	1464	1463	1464	1464	1464	1464	1463	1464	1464	1464	1464	1464	1463	1463	1463	1464	1464	1464	1464	1464	1465	1464	1464	1464	1464	1464	1464	1464	1464	1464	1465	1464	1464	1464	1464	1465	1464	1465	1464	1464	1464	1465	1465	1465	1465	1465	1465	1465	1465	1464	1464	1465	1464	1464	1464	1464	1464	1463	1464	1463	1464	1464	1463	1464	1465	1464	1464	1464	1464	1464	1464	1464	1463	1464	1464	1464	1464	1464	1464
2936	437415	1464	1464	1465	1464	1464	1464	1464	1464	1464	1464	1464	1464	1464	1464	1464	1464	1464	1464	1464	1464	1464	1464	1464	1464	1464	1464	1464	1464	1465	1464	1465	1465	1464	1464	1464	1464	1465	1464	1464	1464	1464	1464	1464	1465	1464	1464	1464	1465	1464	1464	1464	1464	1464	1464	1465	1465	1464	1466	1465	1465	1466	1465	1465	1465	1464	1465	1465	1465	1464	1465	1465	1465	1465	1465	1465	1465	1464	1465	1464	1464	1465	1465	1465	1465	1465	1465	1464	1465	1465	1464	1464	1464	1464	1464	1466	1465	1465	1465	1465	1466	1465	1465	1465	1464	1465	1463	1464	1464	1465	1466	1464	1464	1464	1465	1465	1464	1465	1464	1464	1465	1464	1464	1464	1464	1464	1464	1465	1464
2937	437907	1465	1465	1465	1465	1465	1465	1465	1465	1465	1466	1465	1465	1465	1466	1465	1465	1465	1465	1465	1464	1465	1465	1467	1465	1465	1464	1465	1464	1465	1464	1465	1465	1465	1465	1465	1465	1465	1464	1465	1464	1465	1462	1465	1465	1464	1464	1465	1465	1465	1465	1464	1465	1465	1465	1464	1464	1464	1465	1464	1464	1464	1464	1464	1464	1464	1464	1465	1464	1464	1465	1464	1464	1464	1465	1465	1466	1465	1465	1466	1466	1465	1465	1465	1464	1465	1464	1465	1464	1465	1465	1466	1465	1466	1465	1466	1466	1466	1465	1465	1466	1466	1465	1465	1466	1465	1465	1466	1465	1465	1466	1465	1466	1465	1465	1465	1465	1466	1465	1465	1465	1465	1465	1465	1465	1465	1465	1466	1465
2938	438400	1466	1466	1466	1465	1465	1466	1465	1466	1467	1465	1466	1466	1466	1465	1466	1465	1465	1465	1465	1466	1466	1466	1466	1465	1466	1466	1466	1465	1465	1466	1465	1465	1465	1465	1465	1464	1465	1465	1465	1465	1465	1465	1465	1465	1465	1464	1466	1464	1465	1465	1465	1466	1465	1465	1465	1466	1466	1464	1465	1465	1465	1465	1465	1466	1465	1467	1466	1465	1466	1465	1466	1466	1466	1466	1465	1466	1465	1465	1466	1465	1466	1465	1466	1465	1464	1466	1465	1465	1466	1465	1466	1465	1465	1465	1465	1466	1465	1466	1465	1465	1466	1465	1466	1466	1465	1466	1465	1465	1465	1465	1465	1464	1465	1466	1466	1466	1465	1466	1465	1465	1465	1466	1465	1466	1465	1465	1465	1465
2939	438892	1467	1467	1467	1467	1467	1467	1466	1467	1466	1466	1466	1467	1466	1466	1467	1467	1466	1467	1467	1466	1467	1466	1466	1466	1467	1467	1465	1467	1466	1466	1467	1466	1466	1466	1466	1466	1465	1466	1466	1466	1466	1465	1466	1466	1466	1466	1466	1465	1465	1465	1466	1465	1466	1465	1465	1465	1466	1463	1465	1466	1466	1466	1465	1465	1465	1466	1466	1466	1466	1465	1465	1466	1465	1465	1466	1465	1466	1466	1466	1467	1466	1466	1467	1466	1466	1466	1466	1466	1466	1466	1466	1466	1466	1465	1466	1466	1465	1467	1466	1466	1466	1467	1467	1466	1467	1467	1467	1467	1466	1465	1466	1466	1466	1466	1466	1466	1466	1465	1466	1466	1465	1466	1466	1466	1466	1466	1466	1466
2940	439384	1466	1466	1466	1467	1467	1466	1466	1467	1467	1467	1467	1467	1466	1467	1466	1467	1466	1466	1466	1466	1466	1466	1467	1466	1465	1466	1466	1467	1466	1467	1466	1466	1467	1467	1467	1466	1466	1468	1467	1467	1467	1467	1466	1467	1466	1466	1467	1466	1467	1467	1466	1467	1466	1467	1467	1466	1467	1466	1467	1466	1466	1466	1466	1466	1466	1467	1466	1465	1467	1466	1466	1466	1466	1466	1466	1467	1467	1467	1467	1467	1467	1467	1467	1467	1466	1467	1467	1467	1466	1466	1467	1466	1467	1466	1466	1467	1466	1467	1467	1467	1467	1466	1467	1466	1467	1467	1467	1466	1466	1466	1466	1466	1466	1467	1466	1466	1466	1467	1467	1467	1466	1466	1466	1467	1466	1467	1466	1466
2941	439876	1467	1468	1468	1467	1467	1467	1467	1466	1467	1467	1466	1467	1467	1466	1467	1468	1467	1467	1466	1467	1467	1467	1467	1467	1468	1466	1467	1467	1467	1467	1467	1467	1466	1467	1467	1467	1467	1467	1468	1467	1467	1467	1467	1468	1467	1467	1467	1467	1467	1466	1467	1467	1466	1467	1467	1466	1467	1467	1467	1467	1467	1467	1467	1467	1467	1467	1467	1467	1467	1467	1467	1467	1467	1467	1468	1467	1467	1467	1467	1467	1467	1467	1467	1467	1467	1467	1468	1467	1467	1467	1467	1468	1467	1467	1467	1467	1467	1466	1468	1468	1467	1467	1468	1467	1468	1467	1468	1467	1467	1467	1466	1467	1467	1467	1467	1467	1468	1466	1466	1467	1467	1467	1467	1467	1467	1468	1467	1467
2942	440369	1468	1468	1468	1468	1467	1468	1468	1467	1468	1468	1468	1467	1467	1468	1467	1468	1468	1468	1467	1467	1467	1467	1467	1467	1467	1468	1468	1468	1467	1468	1469	1468	1468	1468	1467	1467	1468	1467	1466	1467	1467	1468	1467	1467	1467	1468	1467	1468	1467	1467	1467	1468	1467	1468	1467	1467	1469	1468	1468	1468	1468	1468	1468	1469	1468	1468	1469	1468	1468	1468	1467	1468	1468	1468	1469	1468	1468	1468	1468	1468	1468	1468	1468	1468	1468	1467	1468	1467	1467	1468	1468	1467	1468	1467	1467	1468	1467	1467	1468	1467	1468	1467	1467	1468	1467	1467	1467	1468	1467	1466	1467	1467	1467	1467	1467	1468	1467	1467	1467	1467	1468	1467	1467	1470	1467	1467	1467	1466
2943	440861	1468	1468	1468	1468	1466	1467	1468	1467	1467	1467	1467	1468	1468	1467	1468	1467	1467	1468	1467	1467	1468	1468	1467	1467	1467	1467	1467	1468	1467	1467	1467	1468	1468	1468	1468	1469	1468	1468	1468	1468	1467	1468	1468	1467	1468	1468	1468	1468	1468	1468	1468	1468	1468	1468	1468	1468	1468	1468	1468	1468	1467	1468	1467	1468	1468	1468	1468	1467	1468	1467	1467	1468	1468	1469	1467	1468	1468	1468	1469	1468	1468	1468	1468	1469	1468	1468	1468	1467	1468	1468	1467	1468	1468	1468	1467	1467	1468	1468	1468	1467	1467	1467	1468	1468	1468	1468	1467	1467	1468	1467	1468	1467	1468	1468	1468	1467	1467	1467	1468	1468	1468	1468	1468	1468	1468	1469	1468	1468
2944	441353	1468	1468	1468	1469	1468	1468	1469	1469	1469	1469	1468	1468	1469	1468	1469	1468	1469	1468	1469	1469	1468	1468	1468	1468	1469	1468	1468	1468	1468	1469	1468	1469	1468	1469	1469	1469	1468	1469	1469	1469	1469	1469	1469	1469	1469	1469	1469	1469	1469	1469	1469	1468	1469	1469	1469	1469	1469	1468	1469	1469	1469	1469	1469	1470	1469	1469	1469	1468	1468	1468	1469	1468	1468	1468	1468	1468	1468	1469	1468	1469	1469	1468	1468	1468	1468	1469	1468	1468	1468	1468	1469	1469	1469	1468	1468	1469	1468	1469	1468	1468	1468	1469	1468	1468	1468	1468	1469	1469	1468	1469	1469	1469	1469	1468	1469	1469	1469	1469	1469	1469	1469	1469	1468	1469	1469	1469	1469	1468
2945	441846	1469	1469	1469	1469	1469	1469	1469	1469	1468	1469	1469	1469	1469	1469	1469	1469	1469	1469	1470	1469	1469	1469	1468	1469	1470	1469	1469	1469	1468	1469	1469	1469	1468	1468	1469	1469	1469	1468	1469	1468	1469	1469	1468	1469	1469	1469	1469	1468	1469	1469	1469	1469	1469	1469	1469	1468	1469	1469	1469	1468	1469	1469	1469	1469	1469	1468	1469	1469	1469	1469	1470	1469	1468	1469	1469	1469	1469	1469	1469	1469	1470	1469	1469	1469	1469	1470	1469	1469	1470	1470	1470	1469	1469	1470	1469	1470	1469	1469	1469	1469	1470	1469	1469	1469	1469	1470	1469	1469	1470	1469	1470	1469	1469	1469	1470	1470	1469	1469	1469	1469	1469	1468	1469	1469	1469	1468	1469	1468
2946	442338	1470	1471	1470	1470	1469	1470	1470	1469	1471	1470	1469	1470	1469	1470	1470	1469	1470	1469	1470	1469	1470	1470	1470	1470	1470	1470	1469	1470	1470	1469	1470	1470	1470	1470	1469	1470	1469	1470	1470	1470	1470	1469	1469	1469	1469	1471	1470	1470	1469	1469	1470	1469	1469	1469	1469	1469	1469	1469	1469	1470	1470	1469	1469	1469	1470	1470	1469	1469	1469	1469	1470	1470	1469	1469	1470	1469	1469	1469	1470	1469	1469	1469	1469	1469	1469	1469	1470	1469	1469	1469	1469	1469	1470	1469	1469	1470	1469	1470	1470	1470	1469	1470	1470	1470	1470	1470	1469	1470	1470	1469	1469	1470	1469	1469	1470	1469	1470	1470	1470	1470	1469	1470	1469	1469	1470	1469	1470	1469
2947	442830	1470	1469	1469	1469	1469	1470	1469	1470	1470	1470	1470	1470	1470	1470	1471	1471	1470	1470	1469	1469	1470	1469	1470	1470	1470	1470	1470	1471	1470	1470	1470	1470	1471	1470	1471	1470	1470	1471	1470	1471	1470	1470	1470	1470	1470	1469	1470	1470	1469	1470	1470	1470	1469	1470	1470	1470	1470	1470	1470	1470	1470	1470	1470	1470	1469	1470	1469	1469	1469	1469	1469	1469	1469	1470	1469	1470	1469	1470	1469	1469	1470	1469	1470	1470	1469	1470	1470	1470	1470	1470	1469	1471	1469	1470	1469	1469	1469	1470	1470	1471	1470	1470	1470	1470	1470	1470	1470	1470	1471	1470	1470	1470	1469	1470	1470	1470	1470	1470	1471	1470	1470	1470	1471	1470	1470	1471	1470	1470
2948	443323	1471	1470	1470	1470	1470	1470	1469	1471	1470	1470	1470	1470	1470	1470	1470	1470	1471	1470	1470	1470	1471	1470	1470	1470	1470	1471	1470	1470	1470	1470	1470	1470	1470	1470	1472	1470	1471	1471	1471	1471	1470	1471	1470	1470	1471	1470	1470	1470	1470	1470	1470	1470	1470	1471	1470	1470	1471	1470	1471	1470	1471	1471	1470	1470	1471	1471	1471	1471	1470	1470	1470	1470	1470	1470	1470	1471	1470	1471	1471	1471	1471	1471	1472	1470	1470	1471	1470	1471	1470	1471	1471	1470	1470	1470	1471	1471	1471	1471	1470	1470	1471	1471	1471	1470	1471	1470	1471	1471	1471	1471	1471	1470	1470	1471	1471	1471	1471	1471	1471	1470	1468	1471	1472	1471	1471	1471	1471	1471
2949	443815	1472	1471	1471	1472	1471	1472	1472	1472	1471	1472	1472	1471	1472	1470	1471	1472	1471	1472	1471	1471	1471	1471	1471	1471	1471	1471	1471	1471	1472	1472	1472	1472	1472	1471	1471	1471	1471	1471	1471	1471	1471	1470	1470	1471	1471	1471	1471	1471	1471	1471	1471	1471	1470	1471	1471	1471	1471	1471	1471	1471	1473	1471	1471	1471	1472	1471	1471	1471	1471	1471	1471	1471	1472	1472	1472	1472	1472	1472	1472	1472	1472	1472	1471	1472	1472	1471	1472	1472	1472	1472	1471	1472	1472	1471	1472	1470	1471	1472	1470	1471	1472	1472	1471	1472	1471	1472	1472	1471	1471	1471	1471	1470	1471	1471	1470	1470	1470	1472	1471	1471	1471	1470	1470	1471	1471	1471	1471	1471
2950	444307	1472	1472	1472	1472	1472	1472	1472	1472	1472	1472	1472	1472	1472	1472	1471	1471	1472	1472	1471	1471	1472	1472	1471	1472	1472	1472	1472	1472	1472	1472	1472	1472	1472	1472	1471	1471	1471	1472	1471	1471	1471	1472	1471	1472	1471	1472	1472	1471	1472	1471	1472	1472	1472	1472	1472	1472	1470	1472	1472	1472	1471	1471	1471	1471	1471	1472	1471	1471	1471	1472	1472	1472	1472	1472	1473	1472	1472	1472	1472	1472	1472	1471	1472	1472	1472	1472	1472	1472	1471	1472	1472	1472	1472	1471	1472	1472	1472	1471	1471	1471	1472	1472	1472	1471	1472	1472	1472	1472	1471	1471	1471	1471	1471	1471	1471	1470	1471	1471	1471	1471	1471	1472	1471	1471	1471	1471	1471	1471
2951	444800	1472	1472	1472	1472	1472	1472	1472	1471	1472	1472	1471	1471	1471	1470	1472	1471	1471	1472	1472	1472	1471	1471	1472	1472	1472	1472	1472	1472	1472	1472	1472	1472	1472	1472	1472	1471	1472	1472	1472	1472	1472	1472	1472	1472	1472	1472	1472	1472	1473	1472	1472	1471	1473	1473	1473	1472	1472	1472	1474	1473	1473	1472	1472	1472	1472	1472	1472	1472	1472	1471	1471	1472	1472	1471	1472	1472	1472	1472	1472	1472	1472	1472	1472	1472	1472	1472	1472	1472	1472	1471	1472	1472	1472	1471	1471	1472	1471	1471	1472	1471	1472	1472	1472	1472	1471	1472	1472	1472	1472	1472	1472	1472	1472	1472	1472	1472	1472	1472	1472	1472	1472	1472	1472	1472	1472	1472	1472	1472
2952	445292	1472	1472	1472	1473	1473	1473	1473	1473	1473	1473	1472	1473	1473	1473	1472	1472	1473	1472	1472	1472	1472	1472	1472	1472	1472	1472	1473	1473	1473	1473	1473	1474	1473	1473	1474	1473	1473	1473	1472	1472	1472	1471	1472	1472	1472	1472	1472	1472	1472	1472	1472	1472	1472	1472	1472	1472	1472	1472	1472	1472	1472	1472	1472	1472	1472	1472	1472	1472	1473	1472	1472	1473	1472	1472	1473	1473	1473	1473	1472	1473	1472	1473	1473	1473	1472	1473	1472	1473	1473	1473	1473	1472	1473	1473	1474	1473	1473	1472	1473	1473	1472	1473	1472	1474	1473	1472	1473	1474	1473	1473	1472	1472	1472	1472	1473	1472	1473	1472	1472	1472	1472	1472	1472	1472	1472	1471	1472	1472
2953	445784	1473	1472	1473	1472	1472	1473	1472	1472	1472	1472	1472	1473	1472	1472	1473	1473	1473	1473	1473	1472	1473	1473	1473	1473	1472	1473	1473	1473	1473	1473	1473	1473	1473	1472	1473	1473	1474	1473	1473	1472	1473	1473	1473	1473	1473	1473	1473	1473	1473	1474	1473	1473	1474	1473	1473	1474	1473	1474	1473	1473	1473	1473	1474	1473	1473	1472	1473	1473	1472	1472	1472	1473	1472	1472	1473	1473	1473	1474	1472	1473	1473	1473	1473	1473	1472	1473	1472	1473	1473	1473	1472	1473	1472	1472	1472	1472	1473	1472	1472	1472	1472	1472	1472	1473	1473	1473	1473	1473	1473	1474	1473	1473	1473	1473	1472	1473	1473	1472	1473	1472	1472	1473	1473	1473	1473	1473	1473	1473
2954	446276	1473	1473	1473	1474	1473	1474	1473	1472	1473	1473	1473	1473	1473	1473	1473	1473	1473	1473	1473	1473	1474	1473	1473	1474	1473	1474	1473	1473	1474	1473	1474	1473	1473	1474	1473	1474	1473	1474	1473	1473	1474	1473	1473	1473	1474	1473	1473	1473	1474	1473	1473	1473	1474	1473	1474	1473	1474	1474	1473	1473	1474	1473	1474	1473	1473	1473	1473	1473	1473	1474	1474	1474	1474	1474	1474	1474	1474	1474	1474	1474	1474	1474	1474	1473	1474	1474	1475	1475	1473	1473	1474	1474	1475	1474	1473	1473	1473	1474	1474	1473	1473	1474	1474	1474	1474	1474	1475	1474	1474	1474	1474	1474	1474	1474	1473	1474	1474	1474	1474	1473	1474	1473	1474	1473	1473	1472	1474	1473
2955	446769	1474	1474	1474	1474	1474	1473	1474	1474	1474	1474	1474	1474	1473	1473	1473	1474	1473	1474	1474	1474	1473	1474	1474	1474	1474	1474	1474	1474	1474	1474	1474	1473	1473	1473	1473	1474	1474	1473	1474	1474	1474	1474	1474	1474	1474	1474	1474	1474	1474	1473	1473	1474	1474	1474	1475	1474	1475	1474	1475	1475	1475	1475	1474	1475	1474	1475	1475	1476	1474	1474	1474	1474	1475	1474	1474	1474	1474	1474	1473	1474	1474	1474	1474	1474	1474	1473	1474	1474	1473	1474	1473	1473	1474	1474	1473	1473	1474	1474	1473	1474	1474	1474	1474	1473	1473	1473	1474	1473	1473	1473	1472	1473	1474	1472	1473	1473	1473	1474	1474	1473	1473	1473	1473	1473	1473	1473	1473	1473
2956	447261	1474	1474	1474	1475	1474	1474	1473	1474	1474	1474	1475	1474	1474	1475	1474	1474	1474	1474	1475	1474	1475	1474	1475	1475	1474	1475	1474	1475	1475	1475	1474	1474	1475	1474	1474	1475	1474	1474	1475	1475	1475	1474	1475	1475	1474	1474	1475	1475	1475	1475	1475	1475	1475	1475	1475	1475	1474	1474	1474	1474	1475	1474	1474	1475	1474	1474	1474	1474	1474	1474	1474	1474	1474	1474	1474	1473	1473	1473	1474	1474	1474	1474	1474	1475	1474	1475	1475	1475	1475	1475	1475	1475	1474	1474	1474	1474	1475	1475	1475	1475	1475	1475	1474	1475	1475	1475	1475	1475	1475	1475	1474	1475	1475	1475	1474	1474	1475	1474	1474	1474	1475	1474	1474	1474	1474	1474	1474	1474
2957	447753	1475	1475	1475	1475	1475	1475	1475	1475	1475	1476	1475	1475	1475	1475	1475	1474	1475	1475	1474	1474	1475	1475	1474	1474	1475	1474	1474	1474	1474	1475	1474	1475	1475	1474	1475	1475	1475	1474	1475	1475	1475	1475	1475	1475	1475	1474	1474	1475	1474	1474	1474	1474	1475	1475	1475	1475	1475	1475	1475	1475	1475	1475	1475	1475	1475	1475	1475	1475	1475	1475	1475	1475	1475	1475	1475	1475	1475	1475	1475	1473	1475	1475	1475	1474	1474	1475	1475	1475	1475	1474	1474	1474	1475	1475	1475	1475	1475	1475	1477	1475	1474	1474	1475	1475	1475	1475	1475	1475	1475	1475	1475	1475	1475	1475	1475	1474	1475	1474	1474	1475	1475	1475	1475	1475	1476	1475	1475	1477
2958	448246	1476	1475	1475	1475	1475	1475	1476	1475	1476	1476	1475	1475	1476	1476	1476	1476	1475	1476	1476	1476	1476	1476	1476	1476	1475	1476	1476	1476	1476	1475	1475	1476	1475	1475	1476	1476	1476	1476	1475	1476	1476	1476	1476	1476	1475	1476	1476	1476	1476	1476	1476	1475	1476	1476	1476	1475	1475	1476	1475	1476	1475	1475	1475	1475	1475	1475	1475	1476	1475	1476	1475	1475	1476	1475	1475	1475	1475	1475	1476	1475	1475	1475	1475	1475	1476	1475	1475	1475	1475	1475	1475	1475	1475	1475	1476	1475	1475	1475	1475	1475	1476	1476	1475	1476	1475	1475	1475	1475	1475	1475	1475	1475	1475	1475	1475	1475	1476	1475	1476	1476	1475	1475	1475	1475	1476	1476	1475	1476
2959	448738	1476	1476	1476	1475	1476	1476	1475	1475	1476	1475	1476	1476	1475	1476	1475	1476	1476	1475	1476	1475	1475	1476	1475	1476	1475	1476	1475	1475	1476	1476	1476	1475	1476	1476	1476	1475	1476	1476	1476	1475	1475	1476	1475	1475	1475	1475	1475	1476	1475	1476	1476	1476	1476	1476	1475	1476	1476	1476	1476	1475	1476	1475	1476	1476	1475	1476	1476	1476	1475	1475	1475	1475	1476	1476	1475	1476	1476	1476	1476	1474	1476	1476	1476	1476	1476	1476	1475	1476	1476	1476	1476	1476	1476	1476	1475	1475	1476	1476	1476	1476	1475	1476	1476	1476	1476	1476	1475	1475	1476	1475	1476	1476	1476	1476	1475	1476	1476	1476	1476	1475	1475	1476	1476	1476	1476	1476	1476	1476
2960	449230	1477	1476	1477	1476	1476	1478	1476	1476	1476	1477	1476	1476	1476	1476	1476	1476	1476	1476	1476	1477	1477	1476	1477	1477	1475	1476	1476	1476	1476	1476	1476	1475	1476	1476	1476	1476	1476	1476	1476	1476	1476	1476	1476	1475	1476	1476	1477	1477	1476	1477	1476	1476	1477	1476	1477	1476	1477	1477	1476	1476	1476	1476	1477	1476	1477	1476	1477	1476	1476	1476	1476	1477	1476	1477	1477	1477	1477	1477	1476	1476	1476	1476	1477	1477	1477	1476	1477	1476	1476	1476	1477	1476	1476	1477	1476	1476	1477	1477	1477	1476	1475	1477	1476	1476	1476	1476	1476	1476	1476	1476	1476	1476	1476	1476	1476	1476	1476	1476	1477	1478	1476	1476	1476	1476	1476	1476	1475	1476
2961	449723	1477	1476	1477	1476	1477	1477	1477	1477	1477	1477	1477	1477	1478	1476	1477	1478	1477	1477	1477	1477	1476	1477	1477	1477	1477	1477	1477	1477	1477	1477	1477	1477	1478	1477	1477	1477	1477	1477	1477	1478	1477	1476	1477	1478	1477	1476	1477	1477	1477	1477	1477	1477	1476	1477	1477	1477	1476	1476	1477	1477	1476	1477	1476	1477	1477	1477	1477	1477	1477	1477	1476	1477	1477	1477	1477	1477	1477	1476	1477	1478	1478	1477	1477	1478	1479	1478	1478	1477	1478	1477	1477	1476	1477	1478	1478	1478	1479	1477	1478	1478	1478	1477	1478	1477	1477	1479	1477	1477	1477	1478	1478	1478	1477	1477	1477	1476	1476	1477	1476	1477	1477	1476	1477	1477	1477	1477	1476	1477
2962	450215	1478	1478	1477	1477	1477	1478	1478	1478	1478	1477	1478	1477	1477	1478	1477	1477	1478	1477	1478	1477	1478	1478	1478	1477	1477	1478	1478	1478	1477	1477	1478	1477	1477	1477	1477	1477	1477	1477	1477	1478	1478	1477	1477	1477	1477	1477	1477	1478	1476	1478	1478	1477	1478	1477	1477	1477	1477	1477	1476	1477	1477	1477	1477	1477	1477	1478	1478	1478	1477	1477	1477	1478	1478	1477	1478	1477	1478	1478	1478	1478	1477	1478	1478	1477	1477	1477	1477	1478	1477	1477	1477	1477	1478	1477	1478	1477	1477	1478	1477	1477	1477	1478	1478	1477	1477	1478	1478	1478	1478	1478	1477	1478	1478	1478	1477	1477	1478	1477	1477	1477	1477	1477	1477	1478	1477	1477	1478	1477
2963	450707	1478	1478	1478	1477	1479	1478	1478	1478	1478	1478	1478	1478	1478	1478	1478	1478	1477	1476	1478	1479	1479	1478	1478	1478	1478	1478	1479	1478	1478	1478	1478	1478	1478	1478	1479	1478	1478	1478	1478	1477	1478	1478	1478	1477	1477	1478	1478	1478	1478	1477	1478	1478	1478	1478	1478	1478	1478	1478	1478	1478	1478	1478	1478	1478	1478	1478	1478	1478	1477	1478	1476	1478	1478	1477	1477	1478	1478	1478	1478	1478	1478	1478	1478	1478	1479	1478	1478	1479	1478	1478	1477	1478	1478	1478	1478	1478	1478	1478	1478	1478	1478	1478	1477	1478	1479	1478	1478	1478	1478	1478	1478	1478	1478	1478	1477	1477	1477	1477	1476	1476	1477	1476	1477	1477	1477	1477	1478	1477
2964	451200	1479	1478	1478	1479	1478	1478	1478	1478	1479	1478	1478	1479	1479	1479	1479	1479	1479	1479	1479	1479	1479	1479	1479	1479	1479	1479	1479	1479	1479	1479	1478	1479	1478	1478	1479	1478	1478	1478	1478	1478	1478	1478	1478	1478	1479	1478	1477	1478	1478	1478	1478	1478	1479	1478	1478	1479	1478	1478	1479	1478	1478	1478	1477	1478	1478	1478	1478	1477	1479	1478	1478	1479	1478	1479	1479	1479	1479	1478	1479	1479	1479	1479	1478	1479	1479	1479	1479	1479	1478	1479	1479	1479	1478	1479	1478	1480	1479	1479	1479	1479	1479	1479	1479	1478	1478	1479	1478	1478	1479	1479	1478	1478	1478	1479	1478	1479	1478	1479	1478	1478	1479	1478	1479	1478	1478	1479	1478	1479
2965	451692	1479	1479	1479	1479	1479	1479	1480	1479	1479	1479	1481	1480	1479	1479	1479	1478	1479	1478	1478	1479	1478	1478	1479	1478	1479	1478	1479	1478	1478	1479	1478	1479	1478	1478	1479	1478	1479	1479	1479	1478	1478	1479	1478	1478	1479	1478	1478	1479	1477	1480	1478	1478	1478	1479	1478	1479	1479	1479	1480	1480	1479	1479	1479	1479	1479	1479	1479	1480	1479	1479	1479	1479	1478	1479	1479	1479	1478	1479	1479	1478	1479	1479	1479	1479	1479	1479	1478	1479	1480	1479	1479	1479	1479	1479	1479	1479	1479	1478	1479	1479	1478	1479	1478	1478	1478	1479	1478	1479	1478	1478	1478	1479	1479	1479	1479	1479	1478	1479	1479	1479	1479	1479	1479	1479	1480	1479	1479	1479
2966	452184	1480	1480	1479	1479	1480	1480	1479	1479	1479	1479	1480	1480	1479	1480	1479	1480	1480	1479	1480	1479	1479	1479	1479	1479	1479	1479	1479	1479	1479	1479	1480	1479	1479	1479	1479	1479	1479	1479	1479	1480	1479	1480	1479	1479	1479	1479	1479	1479	1479	1480	1479	1479	1479	1479	1480	1479	1479	1480	1479	1479	1479	1480	1479	1480	1480	1479	1479	1479	1479	1480	1479	1479	1479	1479	1480	1479	1480	1480	1480	1479	1479	1479	1479	1480	1479	1479	1479	1480	1480	1480	1480	1479	1479	1480	1480	1479	1479	1479	1479	1479	1479	1480	1479	1479	1479	1479	1479	1479	1478	1480	1479	1479	1478	1479	1479	1480	1479	1479	1479	1479	1480	1479	1479	1479	1479	1479	1479	1479
2967	452676	1481	1480	1480	1480	1480	1480	1480	1480	1480	1479	1480	1480	1480	1480	1479	1480	1480	1479	1480	1480	1479	1479	1479	1479	1479	1479	1479	1479	1479	1479	1479	1479	1479	1479	1478	1479	1479	1479	1479	1479	1479	1479	1480	1480	1480	1480	1479	1480	1480	1480	1479	1480	1479	1479	1480	1479	1480	1480	1480	1480	1479	1480	1480	1479	1480	1479	1480	1480	1480	1480	1479	1480	1480	1480	1480	1480	1480	1480	1480	1480	1480	1479	1479	1480	1480	1480	1480	1480	1480	1480	1480	1480	1480	1480	1480	1480	1480	1479	1480	1479	1480	1479	1479	1480	1479	1479	1479	1479	1480	1480	1479	1479	1480	1480	1479	1480	1480	1480	1480	1480	1480	1480	1480	1480	1479	1480	1481	1479
2968	453169	1479	1480	1480	1481	1480	1480	1480	1480	1481	1480	1481	1480	1480	1480	1481	1480	1480	1481	1481	1481	1481	1481	1481	1481	1480	1481	1481	1480	1481	1481	1480	1480	1481	1480	1477	1480	1480	1481	1481	1481	1480	1480	1480	1480	1480	1480	1480	1479	1480	1480	1480	1480	1480	1481	1480	1480	1479	1479	1480	1480	1480	1480	1480	1479	1480	1479	1480	1480	1480	1480	1480	1480	1479	1480	1480	1480	1480	1481	1480	1480	1480	1480	1480	1480	1481	1480	1479	1480	1479	1480	1480	1479	1480	1480	1481	1481	1480	1480	1480	1481	1480	1481	1480	1480	1481	1480	1480	1480	1480	1480	1480	1481	1480	1480	1480	1480	1481	1480	1480	1480	1480	1481	1477	1480	1480	1480	1481	1480
2969	453661	1481	1481	1480	1481	1481	1481	1480	1481	1480	1480	1481	1481	1481	1481	1481	1481	1481	1481	1481	1481	1481	1482	1481	1480	1481	1481	1481	1481	1481	1481	1481	1481	1481	1481	1481	1481	1481	1481	1481	1481	1481	1481	1481	1481	1481	1481	1481	1481	1481	1481	1481	1481	1480	1481	1481	1481	1481	1481	1481	1482	1480	1481	1481	1481	1481	1481	1481	1481	1481	1481	1481	1481	1481	1481	1481	1481	1481	1480	1481	1480	1481	1481	1481	1481	1481	1481	1482	1480	1481	1481	1481	1480	1480	1481	1480	1481	1481	1480	1481	1481	1482	1480	1480	1481	1481	1482	1481	1481	1480	1480	1480	1481	1480	1480	1481	1481	1481	1480	1480	1481	1481	1480	1480	1480	1480	1481	1481	1481
2970	454153	1481	1481	1481	1481	1480	1481	1481	1481	1481	1481	1481	1481	1481	1481	1481	1481	1480	1481	1481	1480	1481	1481	1481	1481	1482	1481	1482	1482	1481	1482	1481	1481	1482	1481	1482	1482	1481	1481	1481	1482	1482	1482	1481	1481	1481	1481	1481	1481	1481	1481	1481	1481	1481	1481	1483	1481	1481	1481	1481	1481	1480	1481	1480	1481	1480	1481	1481	1481	1481	1481	1481	1481	1481	1482	1480	1481	1481	1481	1481	1482	1481	1482	1481	1481	1482	1481	1481	1481	1481	1482	1481	1481	1481	1481	1481	1480	1481	1481	1481	1482	1481	1481	1481	1481	1481	1481	1481	1481	1481	1482	1481	1482	1481	1481	1482	1482	1481	1481	1481	1481	1482	1481	1481	1481	1481	1482	1481	1480
2971	454646	1482	1481	1481	1482	1481	1482	1481	1482	1482	1481	1481	1481	1481	1481	1482	1482	1481	1481	1482	1483	1482	1482	1482	1482	1482	1482	1482	1481	1482	1482	1482	1483	1483	1482	1483	1482	1482	1483	1483	1482	1481	1482	1482	1482	1482	1481	1482	1482	1482	1482	1481	1481	1482	1481	1481	1482	1481	1482	1481	1481	1482	1482	1483	1482	1482	1482	1482	1482	1481	1481	1482	1481	1481	1482	1481	1481	1481	1482	1482	1481	1481	1481	1481	1482	1481	1481	1481	1481	1482	1482	1481	1481	1481	1482	1482	1482	1482	1482	1481	1482	1481	1482	1482	1482	1481	1481	1483	1481	1482	1481	1482	1482	1482	1482	1482	1482	1482	1482	1482	1482	1482	1482	1482	1482	1483	1482	1482	1482
2972	455138	1482	1482	1485	1482	1483	1482	1482	1483	1482	1483	1482	1483	1482	1482	1482	1482	1482	1482	1482	1483	1482	1482	1482	1483	1483	1482	1482	1483	1483	1482	1482	1482	1482	1482	1481	1482	1482	1482	1482	1481	1481	1482	1481	1482	1482	1482	1482	1482	1482	1482	1482	1482	1482	1482	1483	1483	1482	1481	1482	1483	1482	1482	1482	1482	1482	1482	1483	1482	1483	1482	1482	1482	1483	1483	1483	1483	1483	1483	1482	1482	1483	1483	1482	1483	1483	1483	1482	1482	1482	1482	1483	1482	1483	1482	1482	1483	1482	1481	1483	1482	1483	1482	1482	1482	1482	1482	1481	1483	1482	1482	1482	1482	1483	1482	1482	1482	1481	1483	1481	1482	1482	1482	1482	1482	1483	1482	1482	1482
2973	455630	1482	1483	1482	1483	1483	1483	1483	1483	1483	1483	1483	1483	1483	1483	1482	1482	1483	1484	1482	1484	1483	1483	1483	1483	1484	1483	1483	1483	1484	1484	1483	1483	1483	1483	1484	1483	1482	1482	1483	1483	1483	1482	1483	1483	1483	1483	1483	1483	1484	1484	1484	1483	1484	1483	1483	1483	1483	1483	1482	1483	1482	1482	1483	1482	1483	1482	1482	1482	1482	1482	1482	1482	1482	1482	1484	1483	1483	1483	1483	1483	1483	1483	1483	1483	1482	1483	1482	1483	1483	1484	1483	1483	1483	1483	1483	1483	1483	1483	1483	1483	1483	1483	1483	1483	1483	1483	1483	1483	1483	1483	1482	1482	1482	1482	1483	1483	1483	1483	1483	1483	1483	1483	1483	1483	1483	1483	1483	1483
2974	456123	1483	1483	1484	1483	1483	1483	1483	1484	1483	1483	1483	1483	1483	1483	1485	1484	1484	1485	1484	1484	1484	1484	1484	1484	1484	1484	1484	1484	1484	1485	1483	1484	1483	1483	1483	1483	1484	1483	1483	1484	1483	1484	1483	1484	1484	1484	1484	1483	1483	1483	1484	1483	1482	1483	1482	1483	1482	1482	1483	1482	1483	1483	1482	1482	1482	1482	1483	1482	1483	1483	1483	1482	1483	1483	1483	1484	1482	1483	1483	1483	1483	1482	1484	1483	1483	1484	1483	1484	1484	1484	1484	1484	1483	1483	1484	1484	1484	1484	1484	1484	1484	1483	1484	1484	1483	1483	1483	1483	1483	1483	1483	1483	1482	1483	1484	1483	1484	1483	1483	1484	1483	1484	1482	1484	1483	1483	1483	1484
2975	456615	1484	1483	1483	1484	1483	1484	1484	1484	1484	1484	1484	1483	1484	1484	1484	1485	1484	1484	1484	1484	1484	1484	1484	1484	1483	1484	1483	1483	1484	1484	1484	1484	1485	1483	1484	1483	1484	1484	1484	1484	1483	1483	1484	1484	1483	1483	1482	1483	1483	1483	1483	1484	1483	1483	1484	1484	1484	1483	1483	1484	1483	1484	1484	1483	1484	1484	1483	1484	1484	1484	1484	1484	1484	1484	1484	1484	1484	1484	1484	1485	1484	1483	1484	1484	1484	1484	1484	1483	1484	1484	1484	1484	1484	1484	1484	1484	1484	1484	1484	1484	1483	1484	1484	1484	1484	1483	1484	1483	1484	1483	1483	1485	1483	1484	1484	1483	1484	1483	1484	1484	1484	1484	1483	1483	1483	1484	1483	1484
2976	457107	1484	1483	1484	1483	1484	1484	1484	1484	1484	1485	1484	1485	1485	1484	1484	1483	1484	1484	1485	1485	1485	1485	1485	1485	1485	1484	1484	1485	1485	1485	1484	1485	1484	1485	1485	1485	1486	1485	1485	1485	1485	1484	1484	1485	1484	1484	1484	1484	1485	1484	1484	1485	1485	1485	1484	1484	1484	1485	1485	1484	1484	1484	1484	1483	1485	1484	1484	1484	1485	1484	1484	1484	1484	1484	1484	1484	1484	1485	1484	1484	1485	1485	1485	1485	1485	1484	1484	1485	1484	1484	1484	1483	1484	1484	1484	1484	1485	1485	1484	1484	1484	1485	1484	1485	1484	1484	1485	1485	1484	1485	1484	1485	1485	1485	1484	1484	1484	1483	1483	1484	1484	1483	1484	1484	1483	1483	1484	1484
2977	457600	1484	1485	1484	1484	1484	1483	1484	1485	1484	1484	1484	1484	1484	1484	1484	1484	1482	1484	1485	1485	1485	1484	1486	1485	1484	1485	1485	1485	1485	1484	1485	1485	1485	1486	1485	1485	1485	1485	1485	1484	1485	1486	1485	1485	1484	1485	1485	1485	1484	1484	1484	1484	1485	1484	1485	1484	1484	1484	1484	1485	1484	1484	1485	1484	1485	1485	1485	1485	1485	1484	1484	1484	1485	1485	1485	1485	1484	1484	1484	1485	1484	1484	1483	1484	1485	1484	1484	1484	1485	1484	1485	1484	1485	1485	1485	1486	1484	1485	1485	1484	1485	1484	1485	1484	1484	1485	1484	1485	1484	1485	1485	1485	1485	1486	1485	1485	1485	1485	1485	1485	1487	1485	1485	1484	1485	1485	1485	1485
2978	458092	1485	1485	1485	1485	1485	1485	1485	1484	1485	1485	1485	1485	1485	1485	1486	1485	1486	1485	1485	1486	1485	1485	1485	1485	1485	1485	1486	1486	1485	1486	1485	1486	1485	1486	1486	1486	1485	1486	1485	1485	1485	1485	1485	1485	1485	1485	1485	1486	1486	1486	1485	1484	1485	1486	1486	1486	1485	1485	1486	1485	1485	1485	1485	1485	1485	1486	1484	1485	1485	1485	1485	1485	1485	1485	1485	1485	1485	1485	1485	1485	1485	1484	1485	1486	1485	1485	1485	1485	1486	1485	1485	1486	1485	1485	1486	1485	1485	1485	1485	1486	1485	1485	1484	1485	1485	1485	1485	1485	1485	1485	1485	1485	1486	1485	1485	1485	1484	1485	1485	1485	1485	1485	1485	1484	1485	1484	1485	1485
2979	458584	1486	1486	1486	1484	1485	1486	1485	1485	1485	1485	1486	1485	1485	1485	1485	1486	1485	1485	1484	1485	1486	1485	1486	1485	1486	1486	1486	1486	1486	1486	1486	1486	1486	1486	1487	1486	1486	1486	1486	1486	1485	1486	1486	1485	1487	1486	1487	1486	1486	1486	1486	1486	1487	1487	1486	1486	1486	1486	1486	1486	1486	1486	1485	1486	1486	1486	1486	1485	1486	1486	1486	1486	1486	1486	1486	1486	1486	1486	1486	1486	1486	1486	1486	1486	1486	1486	1485	1485	1486	1486	1486	1485	1486	1486	1486	1487	1486	1486	1486	1487	1487	1486	1486	1486	1486	1486	1486	1485	1485	1486	1486	1484	1486	1485	1486	1486	1485	1486	1486	1486	1485	1486	1485	1486	1486	1485	1486	1486
2980	459076	1487	1487	1487	1486	1487	1486	1487	1487	1486	1486	1486	1487	1486	1487	1486	1486	1486	1485	1486	1486	1486	1487	1486	1487	1486	1486	1486	1486	1486	1486	1486	1486	1486	1487	1486	1486	1486	1485	1486	1486	1486	1486	1486	1486	1486	1486	1485	1486	1486	1486	1486	1485	1487	1487	1486	1487	1486	1487	1486	1486	1487	1486	1486	1486	1486	1487	1486	1487	1487	1486	1487	1486	1486	1486	1486	1486	1486	1487	1487	1487	1487	1486	1486	1487	1487	1487	1487	1487	1486	1487	1487	1486	1486	1487	1486	1487	1487	1486	1486	1486	1486	1486	1487	1486	1487	1486	1486	1486	1486	1486	1486	1486	1486	1486	1487	1486	1486	1487	1486	1487	1487	1487	1487	1486	1487	1486	1486	1487
2981	459569	1487	1487	1486	1486	1486	1487	1486	1486	1486	1487	1486	1487	1487	1486	1487	1486	1487	1486	1487	1486	1487	1487	1487	1487	1487	1488	1487	1487	1487	1488	1486	1487	1486	1487	1486	1487	1487	1487	1487	1487	1487	1487	1487	1487	1487	1487	1487	1487	1486	1486	1487	1487	1487	1487	1487	1487	1486	1487	1487	1487	1487	1486	1487	1487	1486	1487	1487	1486	1486	1487	1487	1487	1487	1486	1487	1487	1486	1487	1487	1486	1487	1486	1487	1487	1487	1487	1488	1487	1486	1487	1487	1485	1487	1487	1487	1487	1487	1486	1487	1487	1487	1487	1487	1487	1487	1486	1487	1487	1487	1487	1487	1487	1486	1487	1487	1487	1485	1487	1487	1487	1487	1487	1486	1487	1487	1486	1487	1487
2982	460061	1488	1488	1487	1488	1487	1487	1487	1487	1487	1487	1488	1487	1487	1486	1487	1487	1487	1487	1487	1487	1487	1487	1488	1487	1488	1487	1488	1487	1487	1488	1488	1488	1488	1487	1487	1488	1487	1488	1487	1487	1487	1488	1487	1487	1488	1487	1487	1487	1487	1487	1487	1487	1487	1488	1488	1487	1487	1487	1487	1487	1487	1487	1487	1487	1487	1487	1487	1487	1487	1487	1487	1487	1488	1486	1487	1486	1487	1487	1486	1487	1487	1486	1487	1487	1487	1487	1487	1487	1487	1487	1487	1488	1487	1487	1487	1487	1487	1487	1487	1487	1487	1487	1487	1487	1487	1487	1487	1486	1486	1487	1487	1487	1488	1489	1487	1487	1487	1487	1487	1487	1487	1487	1487	1487	1487	1487	1486	1487
2983	460553	1487	1488	1487	1487	1487	1487	1488	1487	1487	1487	1487	1487	1487	1487	1487	1487	1487	1488	1487	1487	1487	1488	1488	1488	1488	1487	1487	1488	1487	1487	1487	1488	1488	1489	1488	1488	1488	1488	1488	1487	1488	1488	1488	1488	1488	1488	1488	1488	1488	1487	1487	1488	1488	1487	1487	1487	1487	1488	1488	1487	1487	1488	1488	1488	1488	1488	1487	1488	1488	1487	1487	1487	1488	1488	1487	1487	1487	1488	1487	1487	1487	1487	1487	1487	1487	1487	1487	1488	1488	1487	1487	1487	1487	1487	1488	1487	1487	1488	1487	1488	1488	1487	1488	1488	1488	1488	1488	1488	1488	1488	1486	1488	1488	1488	1488	1488	1488	1488	1488	1488	1488	1488	1488	1488	1488	1488	1488	1488
2984	461046	1487	1488	1488	1487	1487	1488	1488	1487	1488	1488	1488	1488	1488	1489	1488	1488	1488	1488	1488	1488	1488	1488	1487	1488	1488	1488	1488	1488	1488	1488	1488	1488	1488	1488	1489	1488	1488	1488	1486	1488	1488	1488	1488	1488	1489	1488	1488	1488	1488	1488	1488	1488	1488	1489	1488	1488	1488	1489	1488	1488	1488	1488	1488	1488	1488	1488	1488	1487	1488	1487	1488	1489	1488	1488	1488	1488	1488	1487	1488	1488	1488	1488	1487	1488	1487	1488	1488	1488	1488	1488	1488	1488	1488	1488	1488	1488	1488	1488	1488	1488	1488	1488	1488	1489	1488	1489	1488	1489	1488	1488	1489	1488	1489	1488	1488	1489	1488	1489	1488	1488	1488	1488	1489	1488	1489	1489	1488	1489
2985	461538	1488	1488	1488	1489	1489	1488	1489	1489	1489	1489	1489	1489	1489	1489	1489	1489	1489	1489	1489	1489	1489	1489	1490	1489	1489	1490	1488	1489	1489	1489	1489	1488	1489	1489	1489	1489	1489	1487	1488	1488	1489	1488	1489	1489	1488	1489	1488	1489	1488	1489	1489	1488	1488	1488	1489	1488	1489	1488	1489	1488	1488	1489	1489	1488	1489	1488	1489	1488	1489	1489	1489	1489	1489	1489	1489	1489	1489	1488	1489	1489	1489	1489	1491	1489	1489	1488	1488	1488	1489	1489	1489	1489	1488	1489	1488	1489	1489	1489	1489	1487	1488	1488	1488	1489	1489	1488	1488	1488	1488	1488	1488	1489	1488	1488	1488	1489	1488	1488	1489	1488	1487	1488	1488	1488	1488	1488	1488	1488
2986	462030	1489	1489	1489	1489	1490	1489	1489	1489	1489	1490	1489	1489	1489	1489	1489	1489	1489	1489	1489	1489	1489	1489	1489	1489	1489	1489	1490	1490	1489	1490	1490	1489	1490	1489	1489	1489	1489	1488	1489	1489	1489	1489	1489	1489	1489	1490	1489	1489	1489	1489	1489	1489	1490	1489	1489	1490	1489	1489	1489	1489	1489	1489	1489	1489	1490	1489	1489	1489	1489	1489	1489	1489	1489	1489	1489	1489	1490	1489	1489	1490	1489	1490	1489	1490	1490	1490	1491	1489	1489	1490	1489	1490	1489	1489	1490	1489	1490	1490	1490	1489	1490	1490	1489	1490	1490	1489	1490	1490	1489	1490	1490	1490	1489	1490	1489	1490	1489	1489	1490	1490	1489	1489	1489	1489	1489	1490	1489	1489
2987	462523	1490	1489	1490	1490	1490	1490	1490	1491	1490	1490	1491	1490	1491	1490	1491	1490	1490	1489	1489	1490	1489	1489	1490	1490	1489	1490	1489	1490	1489	1489	1489	1490	1489	1489	1490	1489	1490	1490	1490	1489	1489	1489	1489	1489	1489	1489	1489	1489	1489	1489	1489	1489	1489	1490	1489	1490	1490	1490	1490	1489	1490	1490	1490	1490	1490	1490	1490	1489	1489	1490	1490	1490	1490	1489	1490	1490	1490	1490	1490	1490	1490	1490	1489	1490	1490	1489	1490	1489	1490	1489	1489	1490	1489	1490	1489	1490	1490	1490	1490	1489	1490	1490	1490	1490	1490	1490	1490	1490	1490	1489	1490	1490	1490	1490	1491	1490	1490	1490	1490	1489	1490	1489	1490	1490	1489	1490	1489	1490
2988	463015	1490	1490	1490	1490	1490	1489	1490	1491	1490	1490	1489	1490	1490	1489	1490	1490	1489	1490	1489	1489	1490	1489	1489	1489	1489	1489	1489	1490	1489	1489	1490	1489	1490	1490	1491	1490	1491	1490	1490	1491	1490	1491	1491	1490	1490	1490	1490	1490	1491	1490	1490	1491	1490	1490	1490	1490	1491	1490	1490	1491	1491	1491	1490	1491	1490	1491	1491	1491	1491	1491	1490	1490	1490	1490	1490	1490	1490	1490	1490	1490	1490	1490	1490	1491	1490	1490	1490	1489	1490	1490	1490	1490	1490	1489	1489	1490	1489	1490	1489	1489	1490	1489	1490	1489	1489	1490	1489	1490	1490	1490	1491	1489	1490	1491	1490	1490	1490	1490	1490	1490	1490	1490	1491	1490	1491	1491	1489	1490
2989	463507	1491	1491	1490	1491	1491	1491	1491	1491	1491	1491	1492	1491	1490	1491	1490	1491	1491	1491	1491	1491	1491	1491	1491	1491	1490	1490	1490	1491	1491	1491	1491	1491	1490	1491	1491	1491	1491	1491	1491	1491	1491	1491	1491	1492	1491	1491	1491	1491	1491	1491	1491	1491	1491	1491	1491	1491	1491	1491	1491	1491	1491	1491	1491	1491	1491	1491	1491	1491	1492	1491	1491	1491	1491	1491	1490	1491	1491	1491	1491	1491	1492	1491	1491	1491	1491	1491	1491	1491	1491	1490	1491	1491	1491	1490	1490	1490	1490	1490	1490	1490	1490	1490	1490	1490	1490	1490	1490	1490	1489	1490	1490	1490	1491	1491	1491	1491	1491	1491	1490	1490	1489	1490	1490	1489	1490	1490	1491	1490
2990	464000	1491	1491	1492	1492	1491	1491	1491	1492	1492	1492	1491	1491	1492	1492	1491	1491	1491	1492	1491	1491	1491	1491	1491	1491	1491	1492	1491	1492	1491	1492	1492	1491	1491	1491	1491	1491	1491	1491	1491	1491	1491	1491	1491	1491	1492	1491	1491	1492	1492	1492	1491	1492	1492	1492	1492	1491	1491	1491	1491	1492	1491	1491	1491	1491	1491	1491	1491	1491	1491	1491	1491	1491	1491	1491	1492	1491	1492	1492	1491	1492	1491	1491	1491	1491	1491	1491	1492	1491	1491	1491	1491	1491	1491	1491	1492	1491	1491	1491	1491	1491	1492	1491	1491	1491	1491	1491	1492	1491	1492	1491	1491	1491	1490	1491	1491	1491	1491	1491	1491	1491	1491	1491	1491	1492	1491	1492	1491	1492
2991	464492	1491	1492	1494	1491	1491	1491	1491	1491	1491	1492	1491	1491	1491	1491	1491	1491	1492	1492	1491	1492	1492	1491	1492	1492	1492	1493	1492	1492	1492	1492	1492	1492	1492	1492	1492	1492	1492	1492	1492	1491	1491	1492	1491	1492	1491	1492	1492	1492	1493	1492	1493	1492	1492	1493	1492	1492	1492	1491	1492	1492	1491	1491	1491	1492	1491	1491	1492	1492	1492	1491	1492	1492	1492	1492	1492	1492	1491	1492	1490	1492	1491	1491	1492	1492	1491	1491	1491	1491	1491	1492	1491	1491	1491	1492	1492	1493	1492	1492	1492	1493	1492	1493	1492	1492	1492	1492	1492	1492	1492	1492	1492	1492	1492	1492	1492	1492	1491	1492	1492	1492	1492	1492	1492	1492	1492	1491	1492	1492
2992	464984	1492	1492	1492	1492	1492	1492	1492	1492	1492	1492	1492	1492	1492	1492	1490	1492	1492	1492	1492	1492	1492	1492	1492	1492	1493	1492	1492	1492	1492	1492	1492	1492	1493	1492	1491	1492	1492	1492	1492	1492	1492	1493	1493	1493	1492	1493	1492	1492	1492	1492	1492	1493	1492	1492	1492	1493	1492	1493	1493	1492	1492	1493	1493	1492	1492	1492	1493	1492	1493	1493	1492	1493	1492	1492	1492	1492	1492	1492	1491	1492	1492	1492	1492	1492	1492	1492	1492	1492	1492	1492	1492	1491	1492	1492	1492	1492	1492	1492	1492	1492	1492	1492	1493	1492	1492	1492	1492	1492	1492	1493	1492	1492	1493	1493	1492	1493	1492	1492	1492	1493	1492	1493	1492	1492	1492	1492	1492	1493
2993	465476	1493	1493	1492	1492	1493	1492	1492	1492	1493	1492	1492	1493	1493	1493	1493	1493	1493	1493	1493	1493	1493	1493	1493	1493	1493	1493	1493	1493	1493	1492	1492	1492	1492	1493	1493	1492	1493	1492	1493	1493	1493	1493	1493	1492	1493	1492	1492	1493	1492	1492	1492	1492	1492	1492	1492	1492	1492	1493	1493	1492	1492	1492	1493	1493	1494	1493	1493	1493	1493	1493	1493	1493	1493	1492	1493	1492	1492	1493	1493	1492	1493	1493	1494	1493	1493	1494	1493	1493	1493	1493	1493	1493	1493	1494	1493	1494	1493	1493	1493	1493	1493	1493	1492	1492	1492	1492	1493	1492	1492	1493	1493	1493	1492	1493	1492	1493	1493	1492	1492	1492	1492	1492	1492	1492	1492	1492	1493	1492
2994	465969	1493	1493	1494	1494	1493	1493	1494	1493	1494	1493	1493	1493	1493	1493	1494	1494	1495	1492	1493	1493	1493	1493	1493	1493	1493	1493	1493	1494	1493	1493	1493	1493	1493	1493	1494	1494	1493	1494	1493	1494	1493	1494	1494	1493	1493	1493	1493	1494	1494	1494	1493	1494	1493	1494	1494	1494	1494	1493	1493	1493	1493	1494	1493	1493	1493	1493	1493	1493	1493	1493	1493	1493	1493	1494	1493	1493	1494	1493	1493	1493	1493	1493	1492	1494	1493	1493	1493	1493	1493	1493	1493	1493	1492	1493	1493	1493	1493	1493	1493	1493	1492	1492	1492	1492	1493	1492	1493	1492	1492	1493	1493	1493	1493	1493	1493	1493	1493	1493	1492	1493	1493	1493	1493	1493	1493	1494	1494	1493
2995	466461	1494	1493	1493	1494	1494	1493	1493	1493	1494	1493	1493	1493	1493	1493	1492	1493	1494	1494	1493	1493	1494	1494	1494	1494	1494	1493	1494	1493	1494	1494	1494	1494	1494	1494	1494	1494	1494	1494	1494	1494	1495	1494	1493	1494	1494	1493	1492	1494	1494	1494	1494	1494	1494	1494	1494	1495	1494	1494	1493	1493	1494	1494	1494	1494	1494	1495	1494	1493	1493	1494	1494	1493	1493	1493	1494	1493	1494	1494	1492	1493	1494	1494	1493	1493	1492	1493	1493	1494	1493	1493	1493	1493	1493	1494	1493	1494	1494	1493	1493	1494	1493	1494	1494	1494	1494	1494	1494	1493	1494	1494	1494	1494	1493	1494	1494	1493	1494	1494	1494	1494	1494	1494	1494	1494	1493	1494	1493	1494
2996	466953	1493	1493	1493	1494	1493	1494	1494	1493	1495	1494	1494	1494	1494	1494	1494	1494	1495	1494	1494	1494	1494	1494	1494	1495	1495	1494	1494	1495	1495	1495	1495	1495	1494	1495	1494	1495	1494	1494	1494	1495	1495	1495	1495	1495	1495	1495	1495	1495	1494	1494	1494	1494	1494	1495	1494	1495	1494	1494	1494	1494	1494	1494	1494	1494	1494	1494	1494	1494	1495	1493	1494	1494	1494	1494	1493	1494	1493	1493	1493	1493	1494	1494	1494	1494	1494	1494	1494	1495	1494	1494	1495	1494	1494	1495	1495	1494	1494	1494	1494	1495	1494	1494	1495	1495	1495	1495	1494	1494	1494	1494	1494	1494	1495	1495	1495	1494	1495	1495	1494	1495	1494	1494	1494	1494	1494	1493	1494	1493
2997	467446	1494	1494	1494	1495	1495	1494	1495	1495	1494	1495	1496	1495	1496	1495	1495	1496	1495	1496	1495	1495	1495	1495	1495	1495	1495	1495	1495	1494	1495	1495	1495	1495	1495	1495	1495	1495	1495	1495	1495	1495	1495	1495	1495	1495	1495	1495	1495	1494	1495	1495	1495	1495	1495	1495	1495	1495	1495	1495	1494	1495	1494	1494	1494	1495	1495	1494	1495	1494	1494	1495	1495	1495	1494	1495	1495	1495	1495	1494	1494	1494	1494	1495	1495	1495	1495	1494	1494	1495	1495	1495	1495	1495	1495	1495	1495	1495	1495	1495	1495	1495	1495	1495	1495	1495	1495	1495	1495	1495	1495	1495	1495	1495	1494	1495	1495	1495	1495	1495	1495	1494	1495	1495	1495	1494	1494	1494	1494	1495
2998	467938	1495	1495	1495	1495	1496	1496	1495	1495	1495	1496	1495	1495	1495	1495	1495	1495	1495	1495	1496	1496	1495	1496	1496	1496	1496	1495	1496	1495	1496	1496	1495	1495	1495	1495	1495	1495	1495	1495	1495	1495	1495	1495	1495	1496	1496	1495	1495	1495	1496	1495	1495	1496	1495	1495	1495	1496	1495	1495	1496	1495	1495	1496	1495	1496	1495	1495	1495	1495	1496	1495	1496	1496	1495	1495	1495	1495	1495	1495	1495	1495	1495	1495	1495	1495	1495	1495	1495	1495	1495	1495	1496	1495	1495	1495	1495	1495	1494	1495	1495	1495	1495	1495	1495	1495	1494	1495	1495	1495	1495	1495	1495	1494	1495	1495	1496	1495	1494	1494	1495	1495	1495	1494	1495	1495	1495	1495	1495	1495
2999	468430	1496	1496	1496	1495	1496	1496	1496	1496	1496	1496	1496	1496	1496	1496	1496	1496	1496	1495	1496	1496	1496	1496	1496	1496	1496	1496	1496	1496	1496	1496	1496	1496	1496	1496	1496	1496	1495	1496	1496	1496	1496	1496	1496	1496	1496	1495	1496	1496	1496	1496	1495	1496	1496	1497	1496	1495	1495	1495	1496	1496	1496	1496	1495	1496	1495	1496	1496	1495	1496	1496	1496	1496	1495	1496	1495	1496	1495	1496	1496	1495	1496	1495	1495	1495	1495	1495	1495	1496	1495	1496	1497	1495	1496	1495	1496	1496	1495	1496	1496	1496	1496	1496	1496	1495	1495	1496	1495	1495	1495	1496	1495	1496	1496	1495	1495	1496	1496	1497	1495	1496	1496	1496	1497	1497	1496	1496	1496	1496
3000	468923	1496	1496	1496	1496	1496	1495	1496	1496	1495	1496	1495	1496	1496	1496	1496	1497	1496	1497	1497	1497	1497	1496	1496	1496	1496	1497	1496	1496	1496	1496	1496	1496	1496	1496	1496	1496	1497	1496	1496	1496	1497	1497	1496	1496	1495	1496	1496	1496	1495	1496	1496	1496	1495	1496	1495	1495	1496	1495	1496	1495	1496	1496	1496	1496	1496	1496	1496	1495	1496	1495	1495	1496	1496	1496	1495	1496	1495	1495	1495	1496	1496	1496	1496	1495	1495	1496	1496	1496	1496	1496	1496	1496	1496	1496	1496	1498	1496	1497	1497	1496	1497	1496	1497	1496	1496	1497	1496	1497	1497	1496	1496	1496	1497	1496	1497	1496	1496	1497	1497	1496	1497	1496	1497	1497	1497	1497	1497	1497
3001	469415	1498	1496	1497	1497	1498	1497	1497	1497	1497	1497	1497	1497	1497	1496	1496	1496	1496	1497	1496	1497	1496	1496	1497	1497	1497	1496	1497	1498	1496	1496	1497	1497	1496	1496	1497	1496	1497	1496	1497	1496	1497	1496	1496	1495	1497	1497	1496	1496	1497	1497	1497	1497	1496	1497	1496	1496	1497	1497	1496	1497	1496	1496	1497	1496	1497	1496	1496	1496	1496	1497	1497	1497	1497	1496	1497	1497	1497	1496	1496	1497	1497	1497	1497	1496	1496	1496	1496	1497	1496	1496	1496	1496	1496	1496	1496	1496	1496	1496	1497	1497	1497	1496	1496	1496	1496	1496	1497	1496	1496	1497	1496	1496	1497	1497	1497	1497	1496	1496	1496	1496	1496	1496	1497	1496	1497	1497	1496	1497
3002	469907	1496	1496	1496	1496	1497	1497	1497	1496	1497	1497	1497	1496	1496	1497	1496	1496	1496	1496	1496	1496	1497	1496	1497	1497	1497	1496	1496	1497	1497	1497	1497	1497	1497	1497	1497	1498	1497	1498	1497	1498	1497	1497	1498	1497	1498	1497	1496	1497	1497	1497	1497	1497	1497	1498	1498	1497	1497	1496	1496	1497	1497	1497	1497	1496	1497	1497	1497	1497	1497	1497	1497	1497	1496	1497	1496	1496	1497	1496	1496	1497	1496	1497	1496	1496	1497	1496	1497	1497	1497	1497	1497	1497	1497	1497	1497	1497	1496	1497	1497	1497	1497	1497	1497	1496	1496	1496	1497	1497	1497	1497	1497	1497	1498	1498	1497	1497	1498	1497	1497	1497	1497	1497	1497	1497	1497	1497	1497	1497
3003	470400	1497	1497	1497	1498	1497	1498	1497	1498	1497	1497	1497	1497	1498	1497	1497	1497	1498	1497	1498	1498	1498	1497	1498	1498	1497	1498	1497	1498	1497	1497	1498	1498	1497	1498	1497	1498	1497	1498	1498	1498	1498	1498	1497	1497	1498	1498	1497	1498	1497	1498	1499	1498	1498	1497	1497	1498	1498	1497	1498	1498	1498	1498	1498	1497	1498	1498	1498	1497	1497	1497	1498	1498	1498	1497	1498	1497	1498	1498	1498	1497	1500	1498	1498	1498	1498	1498	1498	1498	1498	1498	1498	1497	1498	1498	1498	1498	1498	1497	1497	1497	1498	1497	1497	1497	1497	1497	1498	1498	1498	1498	1498	1498	1497	1497	1498	1498	1498	1497	1498	1498	1498	1497	1497	1497	1497	1497	1498	1497
3004	470892	1499	1498	1499	1498	1499	1499	1498	1498	1498	1498	1499	1498	1498	1498	1498	1499	1498	1499	1499	1498	1499	1498	1498	1499	1499	1499	1498	1498	1498	1498	1497	1498	1498	1498	1499	1498	1498	1498	1498	1499	1497	1498	1498	1498	1498	1498	1497	1498	1498	1500	1498	1498	1498	1498	1498	1498	1498	1498	1498	1499	1497	1498	1498	1498	1498	1497	1498	1499	1498	1498	1498	1498	1498	1497	1498	1497	1498	1498	1498	1498	1498	1498	1498	1498	1498	1497	1498	1497	1499	1498	1497	1498	1498	1498	1498	1498	1498	1498	1499	1499	1498	1499	1499	1499	1498	1498	1499	1499	1499	1498	1499	1499	1498	1499	1498	1499	1499	1498	1499	1499	1499	1499	1498	1498	1498	1498	1499	1499
3005	471384	1499	1499	1499	1498	1498	1498	1499	1499	1498	1498	1498	1499	1499	1499	1499	1499	1499	1499	1499	1499	1498	1499	1499	1499	1498	1498	1499	1498	1499	1498	1498	1498	1498	1499	1498	1498	1499	1498	1499	1498	1499	1499	1498	1498	1499	1499	1499	1499	1499	1499	1498	1499	1499	1499	1499	1499	1499	1498	1499	1499	1499	1498	1499	1499	1498	1498	1499	1499	1499	1499	1498	1499	1499	1499	1499	1498	1499	1499	1498	1498	1499	1498	1499	1498	1498	1499	1497	1498	1498	1498	1498	1498	1498	1498	1497	1498	1498	1497	1498	1498	1498	1498	1498	1499	1498	1499	1498	1498	1499	1498	1499	1499	1498	1498	1498	1498	1498	1498	1498	1499	1498	1498	1498	1498	1499	1499	1498	1498
3006	471876	1499	1499	1500	1499	1499	1499	1499	1499	1499	1500	1499	1499	1500	1499	1499	1499	1499	1499	1499	1499	1499	1499	1499	1498	1498	1498	1498	1499	1499	1499	1498	1499	1498	1499	1499	1499	1499	1499	1499	1499	1499	1499	1499	1499	1499	1500	1499	1500	1499	1499	1500	1499	1499	1500	1500	1499	1499	1500	1500	1499	1500	1500	1500	1500	1499	1500	1500	1500	1500	1500	1500	1500	1500	1499	1499	1499	1500	1499	1500	1499	1500	1500	1499	1499	1499	1498	1499	1499	1499	1499	1499	1500	1499	1500	1499	1499	1500	1499	1499	1499	1500	1499	1500	1499	1499	1500	1499	1500	1499	1499	1499	1499	1499	1499	1499	1499	1499	1499	1499	1499	1500	1498	1500	1499	1499	1500	1499	1499
3007	472369	1499	1500	1500	1500	1499	1499	1500	1499	1500	1499	1499	1499	1499	1499	1499	1500	1500	1500	1501	1499	1500	1500	1500	1500	1500	1500	1501	1500	1500	1499	1500	1500	1499	1500	1499	1500	1499	1502	1500	1499	1500	1499	1500	1500	1500	1500	1500	1500	1500	1499	1499	1499	1499	1499	1499	1499	1497	1499	1499	1499	1498	1498	1499	1500	1499	1499	1499	1499	1499	1499	1499	1499	1499	1500	1499	1502	1499	1499	1500	1500	1499	1499	1499	1499	1499	1499	1499	1499	1500	1499	1500	1500	1500	1499	1499	1500	1499	1500	1499	1500	1499	1500	1500	1499	1499	1500	1499	1499	1499	1500	1500	1500	1499	1498	1500	1499	1500	1499	1499	1500	1500	1500	1500	1500	1500	1499	1499	1499
3008	472861	1501	1500	1500	1500	1500	1500	1500	1500	1500	1500	1501	1501	1500	1500	1500	1501	1501	1500	1500	1500	1501	1500	1500	1500	1500	1501	1501	1500	1500	1500	1500	1500	1500	1500	1500	1500	1500	1500	1500	1500	1500	1500	1500	1500	1500	1500	1500	1499	1501	1500	1500	1500	1499	1500	1500	1500	1500	1499	1500	1499	1500	1500	1499	1500	1499	1499	1500	1499	1500	1500	1501	1499	1500	1500	1500	1500	1500	1501	1499	1500	1500	1500	1499	1499	1500	1500	1500	1500	1501	1501	1500	1500	1500	1500	1500	1501	1500	1501	1501	1501	1500	1500	1501	1500	1500	1500	1501	1500	1500	1500	1500	1500	1500	1500	1500	1500	1501	1500	1500	1500	1501	1501	1500	1500	1500	1500	1500	1500
3009	473353	1501	1501	1502	1501	1502	1501	1501	1501	1501	1502	1501	1500	1501	1501	1502	1501	1499	1500	1500	1501	1500	1500	1500	1500	1500	1500	1500	1500	1500	1501	1500	1500	1500	1500	1500	1501	1501	1500	1500	1500	1500	1500	1501	1500	1500	1500	1501	1500	1501	1500	1501	1501	1501	1500	1500	1501	1501	1501	1501	1499	1501	1501	1501	1501	1500	1501	1500	1501	1501	1500	1500	1500	1500	1499	1500	1501	1501	1501	1501	1500	1501	1501	1500	1501	1501	1500	1501	1501	1501	1500	1501	1501	1501	1500	1500	1500	1500	1501	1501	1500	1500	1501	1501	1501	1500	1500	1500	1501	1501	1500	1501	1499	1501	1501	1501	1501	1500	1501	1501	1500	1502	1500	1501	1500	1501	1501	1501	1501
3010	473846	1501	1501	1501	1501	1500	1501	1501	1501	1500	1500	1500	1501	1500	1501	1501	1501	1501	1501	1501	1501	1501	1501	1500	1501	1500	1500	1500	1500	1500	1501	1500	1500	1501	1501	1501	1500	1500	1501	1501	1501	1501	1501	1502	1501	1501	1501	1501	1502	1500	1501	1500	1500	1501	1500	1501	1500	1500	1501	1501	1501	1501	1501	1501	1501	1501	1501	1501	1501	1501	1501	1501	1501	1501	1501	1500	1501	1501	1501	1501	1500	1501	1501	1500	1501	1501	1501	1502	1501	1501	1501	1501	1501	1501	1501	1501	1501	1502	1501	1501	1500	1501	1502	1501	1501	1501	1501	1502	1501	1501	1501	1501	1501	1501	1502	1501	1501	1501	1500	1501	1501	1502	1502	1501	1501	1501	1501	1501	1501
3011	474338	1501	1501	1502	1501	1501	1502	1501	1501	1501	1501	1501	1501	1501	1501	1501	1501	1501	1502	1501	1501	1501	1501	1502	1501	1501	1501	1501	1501	1501	1501	1501	1500	1501	1502	1502	1501	1502	1502	1502	1502	1502	1502	1502	1502	1501	1501	1501	1502	1500	1501	1502	1501	1501	1502	1503	1503	1503	1502	1503	1503	1502	1503	1503	1503	1503	1502	1502	1502	1502	1503	1502	1502	1502	1502	1502	1502	1502	1502	1501	1502	1501	1502	1502	1502	1501	1502	1501	1501	1501	1501	1501	1501	1501	1502	1502	1502	1502	1501	1502	1502	1501	1501	1502	1501	1501	1501	1501	1502	1502	1501	1502	1501	1502	1502	1501	1503	1502	1502	1502	1502	1502	1502	1501	1502	1501	1501	1501	1502
3012	474830	1502	1501	1502	1502	1502	1502	1501	1502	1502	1502	1501	1502	1502	1502	1502	1501	1502	1502	1502	1502	1502	1502	1502	1502	1503	1501	1502	1502	1502	1503	1502	1502	1502	1503	1502	1502	1502	1502	1502	1503	1502	1502	1502	1502	1502	1501	1503	1501	1503	1502	1502	1502	1503	1503	1503	1503	1502	1502	1503	1502	1503	1502	1502	1503	1501	1502	1501	1501	1502	1502	1502	1502	1502	1502	1502	1502	1503	1503	1502	1502	1502	1502	1502	1502	1502	1502	1502	1503	1502	1503	1502	1501	1502	1502	1502	1502	1502	1502	1502	1502	1502	1502	1503	1502	1502	1503	1502	1502	1502	1502	1502	1502	1503	1502	1502	1502	1502	1502	1502	1502	1502	1502	1503	1503	1503	1502	1502	1503
3013	475323	1503	1503	1503	1503	1503	1503	1503	1503	1503	1503	1503	1503	1503	1503	1503	1503	1503	1503	1503	1502	1503	1502	1503	1502	1502	1502	1503	1502	1502	1503	1503	1503	1503	1503	1502	1503	1503	1503	1502	1502	1503	1502	1502	1502	1503	1502	1502	1503	1503	1503	1503	1503	1503	1502	1503	1503	1503	1503	1503	1503	1502	1503	1503	1503	1504	1503	1503	1503	1503	1503	1503	1503	1503	1503	1503	1502	1503	1503	1503	1503	1504	1503	1503	1503	1503	1504	1502	1503	1503	1503	1503	1503	1503	1503	1503	1503	1503	1503	1503	1502	1503	1502	1502	1503	1502	1502	1502	1503	1503	1503	1503	1503	1502	1503	1502	1503	1503	1502	1502	1502	1502	1503	1502	1502	1502	1502	1503	1502
3014	475815	1503	1503	1503	1504	1503	1503	1503	1504	1503	1504	1503	1504	1504	1503	1503	1502	1503	1502	1502	1503	1502	1502	1502	1503	1503	1502	1503	1502	1502	1503	1502	1503	1503	1503	1503	1503	1503	1503	1503	1502	1503	1502	1503	1503	1502	1502	1502	1502	1503	1502	1503	1502	1504	1503	1503	1504	1503	1503	1504	1503	1504	1503	1503	1503	1503	1504	1503	1503	1503	1504	1503	1503	1503	1503	1503	1503	1504	1504	1503	1503	1503	1504	1503	1503	1503	1503	1504	1503	1503	1503	1503	1502	1503	1502	1502	1503	1503	1504	1502	1503	1503	1502	1503	1503	1502	1503	1502	1502	1503	1503	1503	1502	1503	1503	1503	1503	1503	1504	1503	1502	1503	1503	1504	1503	1503	1503	1503	1503
3015	476307	1504	1503	1504	1503	1504	1503	1503	1504	1504	1504	1503	1503	1504	1504	1503	1503	1503	1503	1503	1503	1503	1503	1503	1503	1504	1504	1504	1503	1504	1504	1503	1504	1504	1504	1503	1504	1504	1504	1504	1504	1504	1504	1504	1503	1504	1504	1504	1503	1504	1504	1504	1504	1503	1503	1503	1504	1504	1503	1503	1503	1504	1504	1504	1504	1503	1504	1504	1504	1504	1504	1504	1504	1504	1504	1504	1503	1504	1504	1503	1503	1504	1504	1503	1504	1503	1503	1503	1504	1503	1503	1503	1503	1504	1503	1502	1504	1502	1503	1503	1502	1503	1503	1504	1503	1503	1503	1503	1503	1502	1503	1503	1503	1503	1504	1503	1503	1503	1503	1503	1504	1503	1504	1503	1503	1503	1503	1503	1504
3016	476800	1504	1504	1504	1504	1504	1504	1504	1503	1504	1504	1504	1504	1504	1504	1504	1505	1504	1504	1504	1504	1504	1504	1503	1504	1504	1504	1504	1503	1504	1503	1503	1503	1504	1504	1503	1504	1504	1504	1504	1504	1504	1504	1503	1504	1504	1504	1504	1504	1504	1504	1503	1504	1504	1503	1504	1504	1504	1504	1504	1504	1504	1505	1504	1504	1504	1505	1505	1504	1504	1504	1504	1504	1505	1504	1504	1503	1504	1504	1503	1503	1504	1504	1504	1504	1504	1505	1504	1504	1504	1504	1504	1504	1504	1504	1504	1504	1504	1504	1504	1504	1504	1504	1505	1504	1504	1504	1504	1503	1504	1504	1504	1504	1504	1505	1504	1504	1504	1504	1503	1504	1504	1504	1504	1504	1504	1503	1504	1504
3017	477292	1504	1504	1504	1504	1504	1504	1504	1504	1505	1505	1505	1505	1505	1505	1504	1504	1504	1505	1505	1505	1504	1504	1504	1504	1504	1504	1504	1504	1504	1505	1504	1504	1504	1504	1505	1504	1504	1504	1505	1505	1505	1504	1504	1504	1504	1504	1504	1504	1504	1504	1504	1504	1504	1504	1504	1504	1504	1504	1504	1504	1504	1504	1504	1504	1504	1505	1505	1504	1505	1505	1504	1505	1505	1505	1504	1504	1504	1505	1505	1504	1504	1505	1505	1505	1505	1505	1505	1505	1505	1505	1504	1505	1505	1505	1504	1505	1505	1505	1504	1505	1505	1504	1504	1504	1504	1504	1504	1504	1504	1504	1505	1504	1504	1504	1505	1504	1504	1504	1504	1503	1504	1503	1504	1504	1504	1504	1504	1504
3018	477784	1505	1505	1504	1505	1505	1505	1505	1505	1505	1506	1505	1505	1505	1505	1505	1506	1505	1506	1505	1505	1505	1505	1505	1505	1505	1504	1505	1505	1503	1505	1505	1505	1505	1505	1505	1505	1505	1504	1505	1504	1505	1505	1504	1505	1504	1504	1504	1505	1505	1504	1504	1503	1504	1504	1505	1505	1504	1505	1505	1505	1505	1505	1505	1505	1506	1505	1504	1504	1504	1505	1506	1504	1505	1505	1505	1506	1505	1505	1506	1506	1506	1505	1507	1505	1506	1505	1505	1505	1505	1506	1505	1505	1505	1505	1506	1504	1505	1505	1505	1505	1504	1505	1505	1505	1506	1505	1505	1506	1505	1505	1504	1505	1504	1504	1505	1504	1504	1505	1504	1505	1504	1504	1505	1505	1504	1505	1505	1504
3019	478276	1505	1506	1505	1505	1507	1505	1505	1505	1505	1504	1505	1505	1505	1505	1505	1506	1505	1505	1505	1506	1505	1505	1506	1506	1505	1506	1506	1507	1506	1506	1506	1506	1507	1506	1506	1505	1505	1506	1506	1505	1506	1506	1505	1506	1505	1505	1505	1505	1506	1506	1504	1505	1506	1506	1505	1505	1505	1505	1506	1506	1505	1506	1506	1505	1505	1504	1504	1504	1504	1505	1505	1505	1504	1505	1505	1505	1505	1504	1505	1505	1505	1506	1505	1505	1505	1505	1505	1506	1506	1505	1505	1506	1506	1506	1505	1505	1505	1506	1506	1506	1505	1506	1506	1506	1506	1506	1506	1506	1507	1505	1506	1505	1505	1506	1506	1506	1506	1506	1507	1506	1506	1506	1506	1507	1506	1506	1505	1505
3020	478769	1506	1505	1506	1506	1506	1506	1505	1506	1506	1506	1506	1506	1506	1505	1505	1506	1505	1506	1506	1506	1506	1505	1505	1506	1506	1506	1506	1505	1505	1506	1506	1506	1505	1505	1505	1505	1506	1506	1505	1505	1505	1506	1505	1505	1506	1505	1506	1506	1506	1506	1505	1506	1505	1505	1506	1505	1506	1506	1505	1505	1505	1506	1506	1506	1506	1506	1506	1506	1505	1505	1505	1506	1506	1506	1506	1505	1506	1506	1506	1506	1506	1506	1506	1507	1506	1505	1507	1506	1506	1506	1506	1506	1506	1506	1506	1505	1507	1505	1506	1506	1506	1506	1506	1506	1506	1506	1506	1506	1506	1506	1506	1505	1505	1507	1505	1506	1505	1505	1505	1505	1506	1505	1505	1506	1505	1506	1505	1506
3021	479261	1505	1506	1506	1506	1506	1506	1506	1506	1506	1506	1506	1506	1507	1506	1507	1507	1507	1507	1507	1507	1506	1507	1507	1506	1507	1507	1506	1507	1506	1507	1506	1507	1507	1507	1507	1507	1507	1507	1507	1507	1507	1507	1506	1507	1507	1506	1506	1507	1507	1506	1506	1506	1506	1506	1506	1506	1506	1506	1507	1507	1506	1507	1507	1508	1506	1506	1506	1506	1506	1506	1507	1506	1507	1507	1507	1507	1507	1507	1508	1507	1507	1507	1507	1507	1507	1507	1506	1507	1507	1507	1506	1506	1507	1506	1506	1506	1506	1507	1506	1506	1507	1507	1507	1506	1507	1507	1507	1507	1507	1507	1506	1507	1507	1507	1507	1508	1507	1507	1507	1507	1506	1507	1507	1506	1507	1507	1506	1507
3022	479753	1507	1507	1507	1507	1507	1507	1507	1507	1507	1507	1507	1507	1508	1507	1508	1507	1507	1508	1507	1507	1507	1508	1507	1507	1508	1507	1508	1507	1507	1507	1509	1506	1507	1507	1505	1507	1507	1506	1507	1507	1507	1506	1506	1507	1507	1507	1507	1507	1507	1506	1507	1506	1507	1507	1506	1506	1507	1506	1506	1507	1507	1507	1507	1507	1507	1507	1507	1507	1508	1507	1507	1508	1507	1507	1507	1507	1507	1508	1508	1508	1507	1507	1507	1507	1508	1507	1507	1507	1507	1507	1507	1507	1508	1508	1507	1508	1507	1508	1508	1507	1508	1507	1508	1507	1507	1508	1507	1507	1506	1506	1507	1506	1507	1507	1507	1506	1506	1507	1507	1507	1507	1506	1507	1507	1506	1506	1506	1506
3023	480246	1507	1508	1508	1508	1508	1508	1507	1507	1507	1507	1507	1507	1507	1506	1507	1507	1507	1507	1507	1507	1507	1507	1507	1507	1508	1506	1507	1507	1507	1507	1507	1506	1508	1507	1507	1508	1507	1508	1507	1507	1507	1507	1507	1507	1507	1507	1507	1508	1507	1508	1508	1508	1507	1507	1508	1508	1508	1508	1508	1508	1508	1507	1508	1507	1507	1507	1507	1507	1507	1507	1506	1507	1507	1507	1507	1507	1508	1507	1507	1507	1507	1507	1506	1507	1507	1507	1507	1507	1507	1507	1507	1507	1507	1507	1507	1507	1508	1507	1508	1506	1507	1507	1507	1507	1507	1507	1507	1507	1507	1508	1508	1507	1508	1506	1507	1507	1507	1507	1507	1508	1507	1507	1508	1507	1508	1508	1507	1507
3024	480738	1508	1508	1507	1507	1507	1508	1508	1507	1507	1507	1507	1508	1508	1508	1508	1508	1508	1509	1508	1508	1508	1508	1508	1508	1508	1508	1508	1508	1508	1508	1508	1508	1508	1507	1508	1508	1508	1508	1508	1508	1508	1508	1508	1508	1507	1508	1508	1507	1508	1508	1508	1508	1508	1508	1507	1508	1507	1507	1508	1507	1507	1508	1507	1508	1508	1508	1508	1508	1508	1508	1507	1508	1507	1508	1507	1507	1509	1507	1507	1507	1508	1507	1508	1508	1508	1508	1508	1508	1508	1507	1508	1508	1508	1511	1508	1508	1508	1508	1508	1507	1508	1508	1508	1508	1508	1509	1508	1508	1508	1508	1508	1507	1508	1508	1508	1507	1507	1508	1508	1507	1507	1508	1508	1507	1507	1508	1507	1508
3025	481230	1509	1509	1509	1509	1509	1510	1508	1509	1509	1508	1508	1508	1509	1508	1509	1509	1508	1508	1508	1507	1509	1509	1508	1508	1507	1508	1508	1508	1508	1508	1508	1509	1508	1508	1508	1508	1508	1508	1508	1508	1508	1508	1508	1508	1508	1509	1508	1508	1508	1509	1508	1508	1507	1508	1508	1508	1508	1508	1508	1508	1509	1509	1508	1509	1508	1509	1509	1509	1508	1510	1508	1509	1508	1508	1508	1509	1510	1508	1509	1508	1509	1508	1509	1509	1509	1509	1509	1509	1509	1509	1509	1509	1509	1509	1509	1508	1508	1509	1508	1508	1508	1508	1508	1508	1508	1508	1507	1507	1508	1508	1508	1508	1508	1508	1508	1508	1508	1508	1508	1510	1508	1508	1509	1508	1508	1508	1508	1508
3026	481723	1509	1509	1509	1509	1508	1509	1509	1509	1509	1509	1509	1509	1507	1509	1508	1508	1509	1508	1509	1510	1509	1510	1509	1509	1510	1509	1509	1509	1510	1509	1509	1510	1510	1509	1510	1509	1509	1509	1509	1509	1510	1508	1509	1509	1508	1509	1509	1510	1509	1509	1510	1510	1509	1509	1509	1509	1508	1509	1508	1509	1509	1509	1509	1509	1509	1509	1508	1508	1508	1508	1507	1508	1508	1508	1508	1508	1509	1508	1508	1509	1509	1509	1508	1508	1508	1508	1509	1508	1508	1508	1508	1507	1507	1508	1509	1509	1509	1508	1509	1509	1509	1510	1509	1509	1509	1509	1509	1508	1510	1509	1509	1509	1509	1509	1508	1509	1508	1509	1509	1509	1509	1508	1509	1509	1509	1509	1509	1508
3027	482215	1510	1510	1509	1509	1510	1509	1509	1509	1509	1509	1509	1510	1509	1510	1510	1508	1509	1509	1509	1509	1509	1510	1509	1510	1509	1509	1509	1509	1509	1510	1509	1509	1510	1510	1510	1510	1510	1510	1509	1510	1509	1509	1511	1510	1510	1510	1509	1509	1509	1510	1510	1510	1510	1510	1510	1510	1510	1510	1509	1510	1510	1510	1509	1510	1509	1509	1509	1509	1509	1509	1509	1510	1509	1510	1509	1510	1510	1509	1510	1509	1509	1509	1509	1509	1508	1509	1508	1509	1509	1508	1508	1508	1509	1510	1508	1509	1509	1509	1509	1510	1509	1509	1510	1509	1510	1509	1509	1510	1509	1509	1509	1508	1509	1509	1510	1509	1509	1510	1509	1510	1509	1510	1509	1509	1510	1510	1510	1511
3028	482707	1511	1509	1510	1510	1509	1510	1509	1510	1510	1510	1510	1509	1509	1510	1510	1510	1509	1510	1510	1509	1510	1510	1510	1509	1510	1509	1509	1510	1510	1509	1510	1509	1509	1510	1509	1510	1512	1509	1510	1510	1510	1511	1509	1509	1510	1509	1509	1509	1510	1510	1509	1510	1510	1510	1510	1510	1510	1510	1509	1510	1510	1510	1510	1510	1510	1510	1510	1510	1510	1509	1509	1510	1510	1510	1509	1510	1510	1510	1510	1510	1510	1510	1510	1509	1510	1510	1510	1510	1509	1510	1510	1509	1509	1510	1510	1510	1510	1510	1511	1510	1510	1510	1510	1510	1510	1510	1510	1510	1510	1510	1510	1510	1509	1510	1510	1510	1510	1510	1510	1511	1511	1511	1510	1511	1510	1511	1511	1510
3029	483200	1511	1510	1510	1511	1510	1511	1510	1510	1511	1510	1511	1510	1510	1511	1511	1510	1509	1510	1510	1511	1510	1510	1509	1510	1511	1511	1510	1510	1510	1509	1510	1510	1510	1510	1511	1510	1511	1510	1510	1511	1510	1510	1510	1510	1510	1510	1510	1510	1510	1511	1510	1511	1511	1510	1510	1510	1511	1511	1511	1511	1511	1511	1510	1511	1511	1510	1510	1510	1510	1510	1510	1510	1510	1510	1510	1511	1510	1510	1511	1510	1510	1510	1510	1511	1510	1510	1510	1510	1510	1510	1510	1510	1509	1511	1510	1510	1510	1510	1510	1510	1510	1510	1510	1511	1511	1511	1511	1510	1511	1510	1511	1511	1511	1511	1510	1510	1511	1510	1510	1510	1510	1511	1511	1511	1510	1510	1510	1510
3030	483692	1511	1511	1511	1511	1511	1511	1512	1511	1511	1511	1511	1511	1511	1511	1510	1510	1511	1510	1511	1511	1510	1510	1511	1511	1511	1510	1510	1510	1511	1511	1511	1511	1510	1511	1511	1511	1511	1510	1511	1511	1510	1511	1510	1511	1510	1510	1510	1510	1511	1511	1511	1510	1511	1511	1511	1511	1512	1511	1510	1511	1511	1511	1511	1510	1510	1511	1510	1510	1510	1511	1511	1511	1511	1510	1511	1512	1511	1511	1510	1511	1511	1511	1511	1511	1511	1511	1511	1510	1510	1510	1511	1510	1511	1510	1510	1510	1510	1510	1510	1510	1511	1510	1510	1510	1510	1510	1510	1510	1510	1510	1510	1511	1511	1511	1511	1510	1511	1511	1510	1511	1511	1511	1511	1511	1511	1511	1511	1511
3031	484184	1511	1511	1510	1511	1511	1511	1511	1511	1511	1512	1512	1512	1511	1512	1511	1512	1512	1511	1511	1511	1511	1512	1511	1511	1511	1512	1511	1511	1511	1511	1511	1511	1511	1511	1511	1511	1511	1511	1512	1511	1512	1511	1511	1511	1511	1511	1511	1511	1510	1511	1512	1510	1511	1511	1511	1511	1511	1511	1511	1509	1511	1511	1512	1511	1511	1511	1511	1511	1512	1511	1511	1511	1511	1511	1511	1511	1511	1510	1511	1510	1510	1511	1511	1511	1511	1511	1511	1510	1510	1511	1511	1511	1511	1511	1511	1511	1511	1512	1511	1511	1510	1511	1511	1511	1511	1511	1511	1511	1511	1512	1511	1512	1511	1511	1511	1512	1511	1512	1511	1511	1511	1511	1512	1511	1511	1511	1512	1512
3032	484676	1511	1512	1512	1511	1511	1511	1512	1511	1511	1511	1511	1511	1511	1511	1511	1511	1511	1513	1511	1512	1512	1512	1512	1512	1512	1512	1511	1512	1512	1512	1512	1512	1513	1512	1512	1513	1511	1512	1512	1512	1512	1511	1512	1512	1512	1512	1512	1512	1512	1512	1512	1512	1512	1511	1511	1510	1512	1512	1512	1511	1512	1511	1511	1512	1512	1511	1512	1511	1511	1511	1511	1511	1511	1512	1513	1512	1512	1512	1512	1511	1512	1511	1511	1512	1511	1511	1512	1511	1512	1512	1512	1512	1512	1511	1512	1512	1512	1512	1512	1512	1512	1512	1511	1512	1511	1512	1511	1512	1512	1512	1511	1512	1511	1511	1512	1512	1511	1514	1511	1512	1512	1512	1512	1512	1513	1512	1511	1512
3033	485169	1512	1513	1512	1512	1512	1512	1513	1513	1513	1512	1511	1512	1512	1511	1512	1512	1512	1512	1512	1512	1512	1511	1512	1512	1512	1512	1512	1512	1513	1513	1512	1512	1512	1512	1513	1512	1512	1512	1512	1512	1512	1512	1512	1512	1512	1512	1512	1512	1512	1512	1512	1512	1512	1513	1513	1512	1512	1513	1513	1512	1513	1513	1512	1513	1513	1513	1513	1510	1512	1512	1512	1513	1512	1513	1512	1513	1512	1512	1513	1513	1513	1512	1512	1512	1512	1513	1515	1512	1512	1512	1512	1512	1513	1512	1512	1512	1512	1513	1512	1512	1512	1512	1512	1512	1512	1511	1512	1512	1512	1512	1512	1512	1512	1511	1512	1512	1512	1512	1512	1511	1512	1512	1512	1512	1512	1512	1512	1512
3034	485661	1514	1514	1513	1513	1513	1513	1513	1513	1513	1513	1513	1512	1513	1513	1513	1512	1513	1513	1512	1512	1513	1513	1513	1513	1513	1513	1513	1513	1514	1513	1513	1513	1513	1514	1513	1513	1513	1513	1513	1513	1513	1513	1513	1514	1514	1513	1513	1514	1513	1513	1513	1513	1514	1513	1513	1513	1513	1513	1513	1513	1513	1512	1513	1512	1513	1512	1512	1512	1512	1512	1512	1512	1512	1513	1513	1512	1512	1513	1513	1513	1512	1512	1512	1512	1512	1512	1513	1512	1513	1512	1513	1512	1512	1512	1512	1512	1512	1512	1513	1513	1513	1513	1513	1514	1513	1513	1513	1513	1514	1513	1513	1513	1513	1513	1513	1513	1513	1513	1513	1513	1513	1513	1513	1513	1513	1513	1513	1513
3035	486153	1514	1513	1513	1513	1513	1513	1514	1513	1514	1513	1513	1514	1513	1513	1513	1513	1514	1512	1513	1512	1513	1513	1513	1514	1513	1513	1513	1514	1513	1513	1513	1513	1513	1513	1513	1513	1513	1513	1512	1514	1513	1513	1514	1513	1513	1514	1513	1513	1513	1514	1514	1513	1514	1514	1514	1513	1513	1514	1512	1513	1513	1513	1513	1512	1512	1512	1512	1513	1513	1512	1513	1513	1513	1513	1513	1512	1513	1512	1512	1513	1512	1513	1513	1513	1513	1513	1514	1513	1513	1512	1514	1513	1513	1513	1513	1513	1513	1512	1513	1514	1513	1513	1513	1513	1514	1514	1513	1513	1513	1513	1513	1513	1513	1512	1514	1513	1514	1514	1514	1513	1513	1513	1513	1514	1513	1513	1513	1513
3036	486646	1514	1514	1513	1514	1513	1513	1513	1513	1513	1513	1513	1514	1514	1514	1514	1514	1514	1514	1514	1514	1514	1514	1514	1514	1513	1514	1514	1514	1513	1514	1514	1514	1514	1514	1514	1514	1513	1515	1514	1514	1514	1514	1514	1514	1514	1514	1514	1514	1514	1513	1513	1514	1514	1513	1513	1514	1513	1513	1513	1514	1513	1513	1514	1513	1514	1513	1513	1513	1513	1513	1513	1513	1513	1513	1513	1513	1514	1513	1513	1513	1513	1513	1513	1513	1513	1513	1514	1513	1514	1514	1514	1515	1514	1513	1514	1514	1515	1514	1514	1514	1514	1514	1513	1513	1514	1514	1513	1513	1513	1513	1514	1513	1515	1513	1513	1514	1514	1514	1514	1514	1514	1514	1514	1514	1514	1514	1514	1513
3037	487138	1514	1514	1514	1514	1513	1514	1514	1514	1514	1514	1514	1514	1514	1515	1515	1514	1514	1514	1514	1514	1515	1514	1514	1515	1514	1515	1514	1514	1515	1514	1515	1515	1515	1513	1514	1514	1514	1514	1514	1514	1514	1514	1515	1514	1515	1514	1515	1514	1514	1515	1514	1514	1515	1514	1514	1513	1514	1514	1514	1514	1513	1514	1514	1514	1514	1513	1514	1514	1514	1513	1513	1514	1513	1513	1514	1514	1514	1513	1514	1514	1514	1514	1513	1513	1513	1513	1514	1514	1514	1514	1513	1514	1515	1515	1515	1515	1515	1515	1515	1514	1515	1515	1514	1515	1515	1515	1515	1515	1515	1516	1514	1515	1515	1514	1515	1515	1515	1515	1515	1515	1515	1515	1515	1515	1514	1514	1514	1514
3038	487630	1515	1515	1515	1515	1515	1515	1514	1514	1514	1515	1515	1515	1515	1515	1515	1515	1515	1515	1514	1515	1515	1514	1515	1514	1515	1515	1515	1515	1514	1514	1514	1515	1515	1515	1516	1515	1514	1515	1514	1515	1514	1515	1514	1514	1515	1515	1514	1514	1514	1514	1514	1514	1514	1514	1515	1514	1514	1515	1515	1514	1515	1514	1514	1514	1515	1514	1514	1514	1514	1515	1514	1515	1515	1514	1514	1514	1515	1515	1515	1515	1515	1515	1515	1515	1515	1515	1515	1514	1515	1515	1514	1515	1515	1515	1514	1514	1515	1514	1514	1515	1514	1515	1514	1516	1514	1514	1514	1515	1514	1514	1515	1515	1514	1514	1514	1515	1514	1515	1514	1514	1514	1514	1514	1514	1514	1514	1514	1514
3039	488123	1515	1516	1515	1516	1516	1515	1516	1515	1516	1516	1516	1516	1515	1515	1515	1515	1515	1515	1515	1515	1515	1516	1515	1515	1515	1516	1516	1515	1516	1516	1516	1516	1515	1515	1516	1515	1516	1515	1515	1515	1515	1516	1515	1515	1515	1515	1514	1516	1515	1516	1515	1516	1515	1515	1516	1515	1515	1516	1516	1515	1515	1515	1515	1516	1514	1515	1516	1515	1515	1515	1515	1515	1515	1516	1515	1516	1515	1516	1516	1515	1516	1515	1516	1516	1515	1515	1515	1515	1515	1514	1515	1515	1515	1515	1514	1515	1514	1515	1515	1515	1515	1514	1515	1515	1515	1515	1515	1515	1515	1515	1515	1515	1515	1515	1516	1515	1515	1515	1515	1516	1515	1515	1515	1515	1516	1516	1515	1516
3040	488615	1515	1515	1516	1516	1515	1516	1516	1516	1516	1516	1515	1515	1516	1516	1516	1516	1516	1516	1516	1516	1517	1516	1516	1516	1516	1517	1516	1516	1516	1516	1516	1516	1516	1516	1516	1515	1516	1515	1516	1516	1515	1515	1515	1516	1516	1516	1516	1515	1516	1515	1515	1516	1516	1516	1515	1516	1515	1516	1516	1515	1515	1515	1515	1515	1515	1515	1515	1516	1515	1516	1516	1515	1517	1516	1516	1516	1516	1516	1516	1516	1516	1515	1516	1516	1516	1516	1516	1517	1516	1516	1516	1516	1517	1516	1516	1515	1516	1517	1516	1517	1516	1516	1516	1515	1516	1515	1516	1515	1515	1515	1515	1515	1515	1515	1515	1515	1515	1515	1515	1516	1515	1516	1516	1516	1515	1515	1515	1515
3041	489107	1516	1516	1517	1516	1516	1516	1516	1517	1516	1517	1518	1517	1517	1517	1516	1515	1517	1517	1516	1516	1517	1517	1517	1517	1517	1517	1517	1517	1517	1517	1517	1517	1517	1518	1517	1517	1517	1516	1516	1517	1516	1516	1516	1516	1516	1516	1516	1516	1516	1517	1517	1516	1517	1517	1517	1517	1516	1516	1516	1516	1516	1516	1516	1516	1517	1516	1516	1516	1516	1517	1516	1516	1516	1516	1516	1515	1515	1516	1515	1516	1515	1516	1516	1516	1516	1516	1516	1516	1516	1516	1516	1516	1516	1516	1517	1516	1517	1517	1517	1517	1517	1517	1516	1516	1516	1516	1516	1516	1516	1516	1516	1517	1516	1516	1516	1516	1516	1516	1516	1515	1516	1515	1515	1516	1516	1517	1516	1516
3042	489600	1517	1517	1518	1518	1518	1518	1517	1518	1518	1518	1517	1517	1518	1517	1517	1517	1516	1517	1517	1517	1517	1516	1517	1516	1517	1516	1517	1516	1516	1517	1516	1517	1518	1516	1517	1516	1517	1517	1516	1517	1517	1516	1516	1516	1517	1517	1516	1517	1516	1516	1517	1517	1517	1516	1517	1517	1517	1516	1517	1516	1517	1517	1517	1517	1517	1516	1517	1517	1517	1517	1517	1517	1517	1517	1517	1517	1517	1517	1517	1518	1517	1518	1517	1517	1517	1517	1518	1517	1517	1517	1517	1517	1517	1517	1517	1517	1517	1516	1517	1517	1517	1517	1516	1516	1517	1517	1517	1517	1517	1517	1517	1517	1517	1517	1516	1517	1517	1517	1516	1517	1518	1517	1517	1517	1517	1517	1516	1517
3043	490092	1517	1517	1518	1518	1517	1518	1518	1518	1518	1518	1518	1517	1517	1518	1518	1518	1517	1517	1517	1517	1517	1517	1516	1517	1516	1517	1517	1516	1517	1516	1517	1517	1517	1517	1517	1517	1517	1517	1516	1517	1517	1516	1517	1516	1517	1517	1518	1517	1517	1517	1516	1517	1519	1517	1518	1517	1517	1518	1518	1518	1517	1517	1518	1518	1519	1518	1518	1518	1518	1517	1517	1518	1517	1518	1517	1517	1518	1517	1518	1518	1517	1517	1517	1518	1515	1517	1517	1517	1518	1516	1517	1517	1517	1517	1516	1517	1517	1517	1517	1517	1517	1517	1517	1519	1517	1517	1517	1517	1518	1517	1517	1517	1517	1517	1517	1517	1517	1517	1517	1517	1517	1517	1517	1517	1517	1517	1517	1517
3044	490584	1517	1517	1517	1517	1516	1517	1517	1517	1517	1517	1517	1517	1517	1518	1517	1518	1518	1516	1517	1517	1517	1517	1517	1518	1517	1517	1517	1518	1517	1518	1517	1517	1516	1517	1517	1518	1517	1517	1518	1518	1517	1517	1518	1518	1518	1517	1517	1518	1518	1518	1517	1517	1518	1517	1518	1518	1518	1518	1518	1517	1518	1518	1518	1518	1518	1518	1518	1518	1518	1518	1518	1519	1518	1518	1515	1518	1518	1518	1518	1517	1517	1517	1517	1518	1517	1518	1518	1517	1518	1517	1518	1517	1517	1519	1517	1517	1517	1517	1517	1517	1517	1518	1517	1518	1517	1517	1517	1517	1517	1517	1517	1518	1516	1518	1518	1518	1519	1519	1519	1519	1518	1518	1518	1518	1518	1518	1518	1517
3045	491076	1518	1516	1518	1518	1518	1518	1518	1518	1518	1518	1517	1518	1518	1518	1518	1518	1518	1518	1518	1518	1518	1518	1518	1517	1519	1518	1518	1518	1518	1518	1518	1518	1518	1518	1518	1518	1518	1518	1518	1519	1518	1519	1518	1518	1518	1518	1518	1518	1518	1518	1518	1518	1518	1518	1518	1518	1518	1518	1516	1518	1518	1518	1518	1518	1519	1518	1518	1518	1518	1518	1518	1518	1518	1518	1518	1518	1519	1518	1518	1518	1518	1518	1518	1519	1517	1517	1518	1518	1518	1518	1517	1518	1517	1518	1518	1518	1519	1517	1518	1518	1517	1518	1518	1518	1518	1518	1517	1518	1518	1518	1518	1517	1518	1518	1517	1517	1517	1518	1518	1518	1518	1518	1518	1518	1519	1518	1519	1519
3046	491569	1518	1518	1519	1518	1518	1518	1518	1518	1518	1518	1518	1519	1518	1518	1519	1519	1519	1518	1518	1519	1518	1518	1519	1519	1518	1518	1518	1518	1518	1519	1518	1519	1518	1518	1518	1519	1518	1519	1518	1518	1518	1518	1518	1519	1518	1518	1518	1518	1518	1519	1518	1517	1518	1518	1518	1519	1519	1518	1519	1519	1518	1519	1519	1519	1518	1519	1519	1518	1519	1518	1518	1518	1518	1519	1519	1518	1519	1519	1519	1519	1520	1519	1519	1519	1518	1519	1518	1519	1519	1519	1520	1519	1519	1519	1519	1519	1518	1519	1518	1519	1519	1518	1519	1519	1518	1519	1519	1519	1518	1518	1518	1518	1519	1520	1519	1519	1519	1519	1519	1519	1519	1520	1519	1518	1519	1519	1519	1519
3047	492061	1520	1519	1519	1519	1519	1520	1520	1519	1520	1520	1520	1520	1520	1519	1519	1519	1519	1519	1519	1519	1519	1519	1519	1519	1518	1519	1519	1519	1519	1519	1519	1519	1519	1519	1519	1520	1519	1519	1519	1519	1520	1519	1519	1519	1519	1519	1519	1519	1519	1519	1519	1521	1519	1520	1520	1520	1520	1519	1520	1520	1520	1519	1520	1519	1519	1519	1520	1519	1520	1520	1519	1519	1520	1519	1519	1519	1519	1520	1519	1519	1519	1520	1520	1519	1520	1520	1519	1520	1519	1519	1519	1519	1519	1519	1519	1518	1519	1518	1518	1518	1518	1519	1519	1518	1519	1519	1519	1519	1519	1519	1519	1520	1519	1520	1519	1519	1519	1519	1520	1519	1518	1519	1519	1519	1519	1519	1520	1519
3048	492553	1520	1520	1520	1521	1520	1520	1520	1520	1520	1520	1520	1520	1520	1520	1520	1519	1520	1520	1520	1520	1520	1520	1520	1520	1520	1520	1520	1520	1519	1520	1520	1520	1520	1520	1520	1520	1520	1520	1520	1520	1519	1519	1519	1519	1520	1520	1520	1520	1520	1519	1520	1520	1520	1519	1520	1520	1520	1520	1520	1520	1520	1520	1520	1520	1520	1520	1519	1520	1520	1520	1521	1520	1520	1520	1520	1520	1520	1521	1521	1521	1521	1520	1520	1520	1520	1520	1520	1520	1520	1520	1520	1520	1520	1520	1520	1520	1520	1520	1520	1520	1520	1520	1520	1520	1520	1519	1520	1520	1519	1519	1520	1520	1520	1520	1519	1519	1519	1520	1519	1520	1519	1520	1520	1520	1520	1520	1520	1519
3049	493046	1520	1520	1520	1520	1520	1520	1520	1521	1520	1520	1521	1520	1520	1520	1519	1520	1520	1521	1521	1520	1520	1520	1519	1520	1520	1521	1520	1520	1520	1520	1521	1520	1520	1520	1520	1521	1520	1521	1520	1521	1520	1520	1520	1520	1520	1520	1520	1521	1520	1520	1521	1520	1521	1521	1521	1521	1520	1521	1520	1520	1521	1521	1520	1520	1521	1520	1520	1520	1520	1521	1521	1521	1521	1520	1521	1521	1521	1520	1520	1521	1521	1521	1521	1520	1521	1520	1521	1521	1520	1520	1520	1520	1520	1521	1520	1520	1520	1520	1520	1520	1520	1521	1520	1520	1520	1520	1520	1520	1521	1520	1521	1520	1520	1520	1519	1521	1520	1520	1520	1521	1520	1521	1520	1521	1521	1520	1520	1520
3050	493538	1520	1520	1520	1520	1520	1521	1520	1521	1521	1521	1521	1521	1521	1521	1521	1521	1520	1521	1521	1521	1520	1520	1520	1520	1521	1521	1520	1520	1520	1520	1520	1520	1520	1520	1520	1521	1520	1520	1521	1521	1520	1521	1520	1520	1520	1520	1520	1520	1520	1520	1521	1521	1519	1520	1520	1520	1520	1520	1520	1521	1521	1520	1521	1521	1521	1521	1521	1521	1521	1522	1521	1521	1521	1521	1520	1521	1520	1521	1521	1521	1521	1521	1521	1521	1521	1521	1521	1521	1520	1521	1521	1521	1521	1521	1521	1521	1521	1521	1521	1520	1520	1521	1521	1520	1521	1521	1520	1520	1520	1520	1521	1520	1521	1522	1521	1520	1520	1520	1520	1520	1520	1520	1520	1520	1520	1520	1520	1521
3051	494030	1521	1522	1521	1521	1521	1521	1521	1521	1522	1521	1521	1521	1520	1521	1521	1521	1523	1521	1521	1521	1521	1521	1521	1522	1521	1522	1521	1521	1521	1520	1521	1521	1521	1522	1521	1521	1522	1521	1521	1521	1521	1521	1522	1521	1520	1521	1521	1521	1521	1521	1521	1521	1521	1521	1521	1521	1520	1521	1520	1521	1521	1520	1521	1521	1520	1521	1521	1521	1521	1521	1521	1521	1521	1521	1521	1521	1521	1521	1521	1521	1521	1521	1522	1521	1522	1521	1521	1521	1521	1521	1521	1521	1521	1521	1522	1522	1521	1521	1521	1523	1522	1521	1522	1522	1522	1522	1521	1521	1521	1523	1522	1522	1521	1521	1522	1521	1522	1521	1521	1522	1522	1521	1522	1521	1522	1522	1522	1522
3052	494523	1522	1522	1521	1522	1521	1522	1522	1521	1521	1521	1522	1521	1521	1521	1522	1522	1521	1522	1522	1521	1522	1522	1521	1522	1522	1522	1521	1521	1522	1522	1522	1522	1522	1521	1522	1521	1521	1521	1521	1521	1522	1522	1522	1521	1521	1522	1522	1521	1522	1522	1522	1521	1522	1522	1522	1521	1522	1521	1521	1521	1521	1521	1521	1521	1521	1521	1520	1521	1522	1521	1521	1521	1521	1521	1521	1521	1521	1521	1521	1521	1521	1521	1521	1521	1521	1520	1521	1521	1521	1521	1521	1521	1521	1521	1522	1521	1521	1521	1522	1522	1521	1522	1521	1522	1522	1522	1522	1522	1522	1522	1522	1521	1522	1522	1522	1521	1522	1521	1521	1521	1522	1522	1522	1522	1521	1522	1521	1522
3053	495015	1521	1521	1522	1522	1522	1522	1522	1522	1522	1521	1522	1521	1522	1522	1522	1521	1522	1522	1522	1522	1521	1522	1521	1522	1521	1522	1522	1522	1523	1522	1522	1522	1523	1523	1522	1522	1522	1522	1523	1522	1523	1522	1522	1523	1522	1522	1523	1522	1523	1522	1523	1522	1522	1523	1522	1522	1522	1522	1523	1521	1522	1521	1522	1521	1522	1523	1522	1522	1522	1522	1522	1522	1522	1522	1522	1522	1521	1522	1522	1521	1522	1522	1522	1521	1522	1522	1521	1522	1522	1522	1522	1522	1522	1519	1522	1522	1522	1522	1522	1522	1522	1522	1522	1522	1522	1522	1522	1522	1522	1522	1523	1521	1522	1522	1522	1522	1523	1523	1523	1522	1522	1523	1524	1522	1522	1523	1522	1523
3054	495507	1523	1523	1523	1522	1523	1523	1522	1523	1522	1522	1523	1523	1522	1524	1523	1523	1523	1523	1523	1523	1522	1523	1522	1523	1522	1522	1523	1522	1523	1523	1523	1524	1523	1522	1523	1523	1523	1523	1524	1523	1523	1523	1523	1523	1523	1523	1523	1523	1523	1523	1523	1523	1523	1523	1523	1523	1523	1522	1522	1523	1523	1523	1523	1523	1522	1523	1523	1523	1522	1522	1523	1522	1523	1522	1522	1522	1522	1522	1522	1522	1523	1522	1523	1522	1522	1523	1523	1523	1523	1523	1523	1523	1523	1523	1522	1522	1522	1522	1523	1522	1523	1522	1523	1523	1523	1523	1522	1523	1523	1523	1523	1524	1523	1522	1523	1523	1523	1523	1523	1523	1523	1523	1523	1522	1523	1522	1522	1523
3055	496000	1523	1523	1523	1523	1523	1524	1523	1523	1523	1523	1523	1523	1523	1523	1523	1523	1523	1523	1523	1523	1524	1523	1523	1524	1524	1523	1524	1524	1524	1524	1523	1524	1523	1524	1523	1523	1524	1523	1522	1523	1523	1524	1524	1523	1523	1523	1523	1523	1523	1523	1523	1524	1524	1523	1522	1523	1524	1523	1523	1523	1523	1523	1523	1522	1523	1523	1522	1522	1522	1522	1523	1523	1523	1522	1523	1523	1523	1523	1522	1523	1522	1523	1522	1522	1523	1523	1523	1522	1523	1523	1523	1522	1522	1522	1522	1522	1523	1522	1522	1523	1523	1523	1523	1523	1523	1523	1524	1522	1523	1523	1523	1523	1523	1523	1524	1523	1524	1523	1523	1523	1523	1523	1524	1523	1523	1523	1523	1523
3056	496492	1523	1523	1523	1524	1523	1523	1523	1524	1523	1523	1523	1523	1523	1523	1524	1523	1524	1525	1525	1524	1524	1524	1524	1524	1524	1524	1524	1524	1525	1525	1523	1524	1524	1525	1525	1524	1524	1524	1524	1524	1524	1523	1523	1524	1523	1524	1523	1524	1524	1523	1524	1524	1523	1524	1523	1521	1523	1523	1524	1523	1524	1523	1524	1524	1524	1523	1523	1523	1524	1523	1523	1523	1523	1524	1525	1525	1524	1524	1524	1524	1525	1524	1524	1524	1523	1524	1524	1524	1523	1524	1524	1524	1524	1523	1524	1524	1524	1524	1524	1524	1524	1524	1524	1524	1524	1524	1524	1525	1524	1524	1524	1524	1524	1523	1523	1524	1523	1523	1523	1523	1523	1523	1523	1523	1523	1524	1523	1524
3057	496984	1523	1524	1524	1523	1524	1524	1523	1524	1524	1524	1523	1523	1524	1524	1524	1523	1523	1523	1524	1524	1523	1523	1523	1523	1524	1523	1523	1523	1523	1524	1524	1524	1523	1524	1523	1523	1523	1523	1524	1523	1524	1524	1523	1524	1523	1524	1524	1524	1525	1524	1524	1524	1524	1524	1524	1524	1524	1525	1524	1524	1524	1524	1524	1524	1524	1524	1524	1525	1524	1524	1524	1523	1524	1523	1523	1523	1524	1524	1524	1524	1524	1523	1524	1523	1523	1524	1524	1523	1523	1524	1524	1524	1524	1524	1523	1523	1523	1524	1524	1524	1523	1523	1524	1523	1524	1525	1524	1524	1524	1524	1524	1524	1525	1524	1524	1526	1524	1524	1524	1524	1524	1524	1524	1524	1524	1524	1524	1524
3058	497476	1525	1525	1525	1525	1525	1525	1525	1524	1525	1525	1525	1525	1525	1524	1524	1525	1524	1525	1524	1525	1525	1524	1525	1524	1525	1525	1525	1525	1524	1524	1524	1524	1525	1523	1524	1524	1523	1524	1524	1524	1524	1524	1524	1523	1524	1524	1524	1524	1524	1524	1524	1525	1525	1525	1524	1525	1526	1524	1525	1525	1524	1524	1525	1525	1525	1524	1525	1525	1525	1525	1525	1525	1525	1525	1525	1525	1525	1525	1525	1525	1526	1525	1525	1525	1525	1525	1525	1525	1525	1524	1524	1524	1524	1524	1525	1525	1525	1524	1525	1525	1525	1525	1525	1525	1524	1524	1525	1524	1524	1524	1524	1523	1524	1525	1524	1524	1524	1525	1524	1524	1524	1524	1524	1524	1523	1525	1525	1525
3059	497969	1525	1525	1525	1524	1525	1526	1525	1524	1525	1524	1525	1524	1524	1525	1524	1525	1525	1525	1525	1524	1526	1524	1524	1525	1525	1525	1524	1525	1525	1525	1524	1524	1525	1525	1525	1525	1525	1525	1525	1525	1525	1524	1525	1525	1525	1525	1525	1526	1525	1525	1524	1525	1525	1525	1525	1525	1525	1525	1525	1526	1525	1525	1525	1526	1526	1524	1525	1526	1525	1525	1524	1525	1525	1525	1525	1524	1525	1525	1526	1526	1525	1525	1525	1525	1525	1525	1524	1524	1525	1525	1525	1525	1524	1525	1525	1525	1525	1525	1525	1525	1525	1524	1524	1525	1525	1525	1525	1525	1526	1525	1525	1525	1525	1525	1524	1525	1525	1524	1525	1524	1525	1525	1526	1526	1525	1525	1526	1526
3060	498461	1525	1525	1525	1525	1525	1525	1525	1525	1526	1526	1525	1525	1525	1526	1525	1525	1525	1526	1526	1525	1526	1526	1525	1525	1524	1526	1526	1526	1526	1526	1526	1526	1525	1526	1526	1526	1526	1525	1526	1526	1526	1526	1526	1525	1525	1525	1526	1526	1526	1526	1525	1526	1526	1526	1526	1525	1526	1526	1525	1527	1526	1526	1525	1526	1525	1525	1525	1525	1525	1525	1525	1525	1525	1525	1525	1525	1525	1525	1526	1526	1525	1525	1526	1526	1525	1527	1526	1526	1526	1526	1526	1526	1526	1526	1525	1526	1526	1526	1526	1526	1527	1526	1527	1526	1526	1527	1526	1526	1527	1526	1527	1526	1526	1526	1526	1526	1526	1526	1526	1526	1526	1525	1526	1526	1526	1526	1526	1525
3061	498953	1526	1526	1526	1526	1526	1526	1527	1526	1526	1526	1526	1527	1526	1526	1526	1526	1526	1526	1526	1526	1526	1526	1527	1526	1526	1526	1526	1526	1526	1527	1526	1526	1526	1526	1526	1526	1525	1526	1525	1525	1526	1526	1525	1525	1526	1525	1525	1526	1526	1525	1526	1525	1526	1525	1526	1525	1526	1526	1526	1526	1526	1526	1526	1526	1526	1526	1526	1526	1526	1526	1526	1526	1526	1527	1527	1526	1526	1526	1527	1526	1526	1527	1526	1526	1526	1526	1526	1526	1526	1526	1526	1526	1526	1527	1526	1526	1526	1526	1526	1526	1526	1526	1526	1526	1527	1526	1526	1527	1526	1526	1526	1526	1527	1526	1527	1526	1526	1527	1526	1526	1526	1526	1526	1526	1527	1526	1526	1526
3062	499446	1527	1526	1526	1526	1526	1526	1527	1526	1527	1526	1526	1527	1525	1526	1526	1526	1527	1527	1527	1527	1526	1526	1526	1527	1526	1526	1527	1527	1527	1526	1527	1528	1527	1527	1526	1527	1527	1526	1527	1526	1527	1527	1526	1526	1526	1527	1526	1527	1526	1526	1527	1527	1527	1527	1527	1527	1527	1527	1526	1527	1526	1526	1527	1527	1527	1526	1527	1527	1526	1526	1526	1526	1527	1526	1526	1526	1527	1527	1527	1527	1526	1526	1527	1527	1527	1527	1526	1526	1526	1526	1526	1526	1526	1526	1527	1527	1526	1526	1527	1527	1527	1526	1527	1526	1526	1526	1526	1529	1526	1526	1527	1526	1527	1527	1527	1527	1527	1526	1526	1527	1526	1527	1527	1526	1526	1526	1527	1526
3063	499938	1527	1527	1527	1527	1528	1527	1527	1527	1527	1527	1527	1527	1527	1527	1527	1527	1526	1526	1528	1527	1527	1527	1527	1527	1527	1527	1527	1527	1527	1527	1527	1527	1527	1527	1527	1527	1527	1527	1528	1527	1527	1527	1527	1527	1527	1527	1527	1527	1528	1527	1527	1528	1527	1528	1528	1528	1527	1528	1527	1528	1527	1527	1527	1527	1527	1527	1527	1527	1527	1527	1527	1527	1527	1527	1527	1527	1527	1527	1528	1527	1527	1527	1527	1527	1527	1527	1526	1527	1527	1527	1526	1527	1527	1527	1528	1527	1527	1528	1528	1527	1528	1528	1527	1527	1527	1528	1527	1527	1528	1527	1528	1528	1527	1527	1527	1528	1527	1528	1527	1527	1528	1527	1528	1527	1528	1528	1528	1528
3064	500430	1527	1528	1527	1527	1528	1527	1527	1527	1527	1527	1527	1527	1527	1527	1527	1527	1527	1528	1527	1528	1527	1527	1527	1527	1528	1527	1528	1528	1528	1528	1528	1527	1528	1527	1528	1527	1527	1528	1528	1527	1528	1528	1528	1528	1528	1529	1528	1528	1528	1528	1528	1528	1528	1528	1528	1528	1528	1528	1528	1527	1528	1528	1528	1528	1527	1527	1528	1527	1528	1525	1527	1527	1528	1528	1528	1528	1528	1527	1528	1527	1528	1528	1527	1527	1527	1527	1527	1528	1528	1527	1528	1528	1528	1528	1527	1528	1527	1528	1528	1527	1526	1527	1528	1527	1528	1528	1528	1528	1527	1528	1528	1528	1529	1528	1528	1528	1528	1529	1528	1528	1529	1528	1528	1527	1528	1528	1528	1528
3065	500923	1529	1528	1528	1528	1528	1528	1528	1528	1527	1527	1528	1528	1528	1527	1528	1528	1528	1528	1528	1528	1528	1528	1528	1527	1528	1528	1528	1528	1528	1528	1529	1528	1528	1529	1528	1528	1528	1528	1528	1528	1528	1528	1528	1528	1529	1528	1528	1529	1528	1528	1528	1528	1528	1528	1528	1528	1527	1528	1528	1528	1528	1528	1528	1528	1529	1528	1529	1528	1529	1529	1528	1529	1528	1529	1528	1528	1529	1528	1529	1528	1528	1528	1527	1528	1528	1528	1528	1527	1528	1527	1528	1528	1528	1529	1527	1527	1528	1527	1528	1528	1528	1527	1527	1528	1527	1528	1527	1528	1527	1527	1528	1527	1526	1528	1527	1528	1527	1527	1528	1527	1528	1527	1528	1528	1528	1528	1528	1528
3066	501415	1528	1529	1529	1528	1529	1529	1528	1529	1530	1529	1528	1528	1528	1529	1528	1529	1529	1528	1529	1528	1529	1529	1529	1529	1529	1529	1529	1528	1529	1528	1529	1529	1529	1529	1529	1529	1528	1529	1528	1528	1528	1528	1529	1529	1529	1528	1529	1530	1530	1529	1528	1528	1529	1529	1528	1529	1528	1529	1528	1528	1528	1528	1528	1528	1528	1528	1528	1528	1528	1528	1528	1528	1528	1528	1529	1528	1528	1528	1528	1528	1528	1528	1527	1528	1528	1528	1528	1528	1528	1528	1528	1528	1528	1528	1528	1529	1529	1528	1528	1528	1529	1529	1528	1528	1528	1529	1528	1528	1529	1528	1528	1528	1528	1529	1528	1529	1528	1528	1529	1528	1529	1529	1529	1529	1529	1529	1529	1528
3067	501907	1529	1529	1530	1529	1529	1530	1528	1529	1528	1529	1529	1529	1529	1528	1529	1528	1529	1529	1529	1529	1528	1529	1528	1529	1529	1529	1529	1529	1529	1529	1529	1529	1528	1529	1528	1528	1529	1529	1529	1528	1529	1529	1528	1529	1529	1529	1529	1528	1529	1528	1528	1529	1528	1529	1529	1529	1529	1529	1529	1529	1529	1529	1529	1529	1529	1528	1529	1529	1529	1529	1529	1529	1528	1529	1529	1530	1528	1529	1529	1529	1530	1529	1530	1530	1529	1530	1530	1529	1530	1530	1530	1529	1529	1528	1529	1529	1529	1529	1530	1529	1530	1529	1529	1530	1529	1529	1529	1528	1529	1528	1528	1528	1528	1528	1529	1529	1528	1528	1529	1529	1529	1528	1529	1529	1529	1528	1529	1529
3068	502400	1530	1530	1530	1530	1530	1529	1530	1530	1530	1529	1530	1529	1529	1530	1529	1529	1529	1529	1531	1529	1530	1530	1529	1530	1529	1530	1530	1529	1529	1529	1529	1529	1529	1530	1529	1530	1529	1528	1529	1529	1529	1529	1529	1529	1529	1529	1530	1529	1529	1529	1529	1530	1530	1530	1530	1530	1529	1529	1529	1529	1529	1529	1529	1529	1529	1529	1530	1530	1529	1530	1530	1529	1530	1530	1529	1530	1529	1530	1530	1530	1530	1529	1530	1529	1529	1529	1530	1530	1529	1529	1530	1529	1530	1529	1529	1529	1529	1529	1529	1529	1529	1528	1530	1528	1528	1528	1529	1529	1528	1529	1529	1529	1529	1529	1529	1528	1529	1529	1529	1528	1528	1529	1528	1529	1529	1529	1529	1529
3069	502892	1530	1530	1530	1530	1531	1529	1529	1530	1529	1530	1529	1529	1530	1529	1529	1529	1529	1530	1529	1529	1530	1529	1530	1530	1530	1529	1529	1529	1529	1529	1530	1529	1530	1529	1529	1529	1530	1531	1529	1530	1530	1530	1530	1530	1531	1531	1532	1530	1530	1530	1531	1531	1530	1529	1530	1530	1530	1530	1530	1530	1530	1530	1530	1530	1530	1530	1530	1530	1530	1531	1531	1531	1530	1530	1530	1530	1531	1530	1530	1530	1530	1530	1530	1528	1528	1530	1530	1530	1530	1530	1530	1530	1530	1530	1530	1530	1530	1530	1530	1529	1530	1530	1529	1531	1529	1530	1529	1530	1529	1530	1529	1530	1530	1529	1528	1530	1530	1530	1530	1530	1531	1530	1529	1530	1530	1530	1529	1529
3070	503384	1530	1530	1530	1529	1530	1530	1530	1530	1531	1531	1531	1531	1531	1531	1531	1531	1531	1531	1531	1531	1531	1530	1531	1530	1530	1530	1530	1530	1530	1530	1530	1530	1531	1531	1530	1530	1531	1530	1530	1531	1531	1530	1530	1530	1530	1531	1530	1530	1530	1529	1530	1531	1530	1530	1530	1531	1530	1530	1531	1530	1531	1530	1531	1531	1531	1531	1531	1531	1530	1531	1531	1531	1532	1531	1530	1530	1531	1531	1530	1530	1531	1531	1531	1530	1531	1531	1530	1531	1530	1531	1530	1531	1531	1530	1530	1530	1531	1531	1530	1531	1530	1530	1530	1531	1530	1530	1531	1530	1530	1530	1530	1531	1530	1531	1530	1529	1531	1530	1531	1530	1530	1530	1530	1530	1531	1530	1530	1531
3071	503876	1531	1531	1530	1531	1531	1530	1531	1531	1531	1530	1531	1531	1531	1531	1531	1531	1530	1531	1531	1531	1531	1531	1531	1531	1531	1531	1531	1531	1531	1531	1531	1531	1531	1531	1532	1533	1531	1532	1532	1532	1531	1532	1531	1531	1531	1531	1532	1531	1531	1531	1530	1531	1532	1530	1531	1530	1531	1531	1531	1531	1531	1532	1531	1531	1531	1532	1532	1531	1530	1531	1531	1532	1531	1530	1531	1531	1531	1531	1531	1531	1531	1531	1531	1531	1531	1532	1531	1531	1532	1531	1531	1531	1531	1531	1531	1531	1530	1531	1531	1531	1531	1531	1531	1531	1530	1531	1530	1530	1530	1531	1531	1530	1531	1531	1531	1531	1531	1531	1531	1531	1531	1530	1530	1531	1531	1531	1530	1530
3072	504369	1532	1531	1532	1532	1532	1532	1532	1531	1532	1531	1531	1531	1531	1531	1531	1531	1531	1531	1531	1531	1531	1533	1531	1532	1531	1531	1531	1532	1531	1531	1531	1531	1531	1531	1532	1531	1528	1531	1531	1531	1530	1530	1531	1531	1530	1531	1531	1531	1531	1532	1532	1532	1531	1531	1532	1532	1531	1532	1531	1531	1531	1531	1532	1531	1531	1532	1532	1532	1531	1532	1532	1532	1531	1532	1532	1532	1532	1532	1531	1532	1532	1532	1532	1531	1532	1531	1532	1530	1531	1531	1531	1531	1531	1531	1531	1531	1532	1531	1532	1532	1530	1531	1531	1531	1530	1530	1531	1531	1531	1531	1531	1531	1531	1531	1532	1531	1531	1531	1531	1531	1531	1531	1531	1531	1532	1532	1532	1531
3073	504861	1531	1532	1531	1532	1531	1532	1531	1532	1532	1532	1533	1532	1533	1532	1532	1532	1532	1532	1532	1531	1531	1532	1532	1532	1532	1532	1532	1531	1532	1532	1532	1531	1532	1532	1532	1533	1532	1532	1532	1532	1532	1532	1532	1532	1532	1531	1531	1532	1532	1532	1531	1532	1531	1531	1532	1531	1532	1532	1532	1532	1532	1532	1533	1532	1532	1532	1532	1532	1531	1532	1532	1531	1532	1531	1532	1533	1531	1532	1531	1532	1532	1532	1532	1532	1532	1532	1532	1532	1531	1532	1532	1533	1532	1532	1532	1532	1533	1533	1532	1532	1532	1533	1533	1533	1532	1533	1533	1532	1533	1533	1533	1533	1533	1533	1534	1533	1534	1533	1532	1532	1532	1532	1532	1532	1532	1532	1532	1532
3074	505353	1533	1532	1533	1532	1532	1533	1532	1533	1533	1533	1532	1532	1532	1532	1532	1532	1532	1532	1532	1533	1531	1533	1532	1532	1532	1532	1532	1533	1532	1533	1532	1533	1533	1533	1533	1532	1532	1532	1532	1533	1533	1532	1533	1533	1533	1533	1533	1532	1533	1533	1533	1532	1533	1533	1533	1532	1532	1533	1533	1533	1533	1532	1533	1533	1533	1532	1533	1533	1532	1532	1532	1532	1533	1532	1532	1532	1532	1530	1532	1532	1532	1532	1533	1533	1533	1533	1532	1533	1533	1533	1533	1533	1533	1533	1532	1532	1536	1532	1532	1532	1533	1532	1533	1533	1533	1533	1532	1532	1533	1533	1533	1532	1533	1532	1533	1532	1533	1533	1532	1533	1533	1533	1533	1532	1533	1532	1532	1533
3075	505846	1533	1532	1533	1533	1532	1532	1532	1533	1532	1532	1533	1532	1533	1533	1533	1533	1533	1533	1532	1531	1533	1533	1533	1532	1533	1533	1532	1534	1533	1534	1533	1533	1533	1533	1533	1534	1533	1532	1532	1533	1534	1533	1533	1533	1533	1533	1534	1534	1533	1534	1533	1533	1532	1533	1533	1533	1532	1537	1532	1533	1533	1533	1533	1533	1533	1533	1533	1533	1533	1533	1532	1533	1533	1533	1533	1533	1532	1532	1532	1533	1533	1532	1532	1532	1533	1533	1533	1533	1533	1532	1536	1533	1533	1533	1532	1531	1533	1533	1533	1533	1533	1533	1533	1533	1534	1533	1533	1533	1533	1534	1534	1533	1533	1533	1536	1533	1533	1533	1533	1533	1533	1533	1533	1533	1533	1533	1533	1533
3076	506338	1533	1533	1533	1533	1534	1534	1533	1533	1533	1533	1534	1533	1533	1533	1533	1533	1533	1533	1533	1533	1533	1533	1533	1534	1533	1533	1533	1534	1534	1534	1533	1533	1533	1534	1534	1534	1533	1533	1533	1533	1533	1534	1534	1534	1534	1533	1533	1533	1536	1534	1534	1533	1533	1536	1536	1534	1534	1532	1533	1534	1536	1536	1536	1533	1533	1533	1533	1536	1534	1533	1534	1533	1534	1536	1534	1533	1533	1533	1534	1533	1534	1533	1533	1533	1533	1533	1534	1533	1533	1533	1533	1533	1533	1536	1533	1536	1534	1533	1534	1533	1533	1534	1533	1534	1533	1536	1534	1533	1533	1533	1533	1534	1536	1536	1533	1533	1534	1534	1534	1536	1533	1534	1534	1536	1533	1536	1536	1534
3077	506830	1534	1536	1534	1534	1534	1533	1536	1534	1536	1536	1536	1536	1534	1536	1535	1535	1536	1536	1536	1535	1536	1536	1536	1536	1536	1536	1536	1536	1536	1536	1536	1536	1536	1536	1536	1536	1536	1536	1536	1536	1536	1534	1536	1536	1536	1536	1534	1534	1534	1534	1533	1536	1536	1536	1536	1534	1534	1534	1534	1533	1536	1533	1533	1533	1534	1534	1534	1534	1536	1536	1534	1536	1534	1534	1534	1534	1534	1534	1536	1533	1533	1534	1536	1534	1536	1534	1536	1536	1536	1534	1536	1536	1534	1534	1534	1534	1536	1536	1534	1533	1536	1536	1536	1533	1533	1534	1534	1533	1536	1534	1534	1536	1533	1534	1534	1536	1533	1534	1534	1536	1536	1534	1534	1534	1532	1533	1534	1533
3078	507323	1536	1536	1536	1536	1536	1536	1536	1536	1536	1536	1536	1536	1536	1535	1536	1536	1534	1536	1536	1536	1536	1536	1536	1536	1536	1536	1536	1536	1536	1536	1534	1534	1534	1533	1534	1536	1534	1534	1533	1534	1534	1534	1536	1536	1534	1534	1536	1536	1534	1534	1536	1536	1534	1534	1534	1536	1536	1534	1536	1536	1536	1534	1536	1536	1536	1536	1536	1536	1536	1536	1536	1536	1536	1536	1536	1536	1536	1536	1536	1536	1536	1536	1536	1536	1536	1536	1536	1536	1536	1536	1536	1534	1534	1536	1536	1536	1536	1536	1536	1536	1536	1536	1534	1534	1534	1534	1536	1536	1536	1536	1536	1536	1536	1536	1536	1536	1534	1536	1536	1536	1534	1536	1536	1536	1536	1536	1536	1536
3079	507815	1536	1536	1536	1536	1536	1536	1536	1536	1536	1536	1536	1536	1536	1536	1536	1536	1536	1536	1536	1536	1536	1536	1536	1536	1536	1536	1536	1536	1536	1536	1536	1536	1536	1536	1536	1536	1536	1536	1536	1536	1536	1536	1536	1536	1536	1536	1536	1536	1536	1536	1536	1536	1536	1536	1536	1536	1536	1536	1536	1536	1536	1536	1536	1536	1536	1536	1536	1536	1536	1536	1536	1536	1536	1536	1536	1536	1536	1536	1536	1536	1536	1536	1536	1536	1536	1536	1536	1536	1536	1536	1536	1536	1536	1536	1536	1536	1536	1536	1537	1536	1536	1536	1536	1536	1536	1536	1536	1536	1536	1536	1536	1536	1536	1536	1536	1536	1536	1534	1536	1536	1536	1536	1536	1536	1536	1536	1536	1536
3080	508307	1536	1536	1536	1536	1536	1536	1536	1537	1536	1536	1536	1537	1536	1536	1536	1536	1536	1536	1536	1536	1536	1537	1536	1536	1536	1536	1536	1536	1537	1536	1536	1536	1536	1536	1536	1536	1536	1536	1536	1537	1537	1536	1536	1537	1536	1536	1536	1536	1536	1536	1536	1536	1536	1536	1536	1536	1536	1536	1536	1536	1536	1536	1536	1536	1536	1536	1536	1536	1536	1536	1536	1536	1536	1536	1536	1536	1536	1536	1536	1536	1536	1536	1536	1536	1537	1536	1537	1536	1536	1536	1536	1537	1536	1536	1537	1536	1536	1536	1536	1536	1536	1536	1536	1536	1536	1537	1536	1536	1536	1536	1536	1536	1536	1536	1536	1537	1538	1536	1536	1536	1536	1536	1536	1536	1536	1536	1536	1536
3081	508800	1537	1537	1536	1536	1537	1536	1537	1536	1536	1536	1536	1536	1536	1536	1537	1537	1536	1537	1537	1537	1536	1536	1536	1536	1537	1536	1537	1536	1537	1537	1536	1537	1537	1537	1537	1537	1537	1536	1537	1536	1537	1536	1536	1536	1536	1537	1536	1536	1536	1536	1536	1536	1536	1536	1536	1536	1536	1536	1537	1536	1536	1537	1537	1537	1536	1537	1537	1537	1536	1536	1536	1536	1536	1536	1536	1537	1536	1537	1537	1537	1538	1537	1536	1537	1537	1537	1537	1537	1537	1538	1537	1537	1537	1536	1537	1536	1537	1536	1536	1537	1536	1536	1537	1536	1537	1536	1536	1537	1536	1537	1536	1536	1536	1536	1536	1536	1536	1536	1536	1536	1536	1536	1536	1536	1537	1536	1536	1536
3082	509292	1537	1537	1537	1536	1536	1537	1537	1536	1537	1537	1537	1537	1537	1537	1537	1537	1537	1537	1537	1537	1536	1537	1537	1538	1536	1537	1537	1537	1537	1537	1538	1537	1536	1538	1537	1537	1537	1537	1537	1536	1537	1537	1537	1537	1538	1537	1538	1538	1537	1537	1537	1537	1538	1538	1538	1538	1538	1538	1537	1538	1537	1537	1538	1537	1538	1537	1537	1537	1538	1538	1537	1538	1538	1537	1538	1537	1537	1538	1537	1538	1537	1537	1537	1537	1537	1537	1537	1537	1536	1537	1536	1536	1537	1536	1536	1536	1536	1537	1537	1537	1536	1536	1537	1537	1537	1537	1536	1537	1536	1537	1536	1537	1536	1537	1536	1537	1537	1536	1537	1536	1536	1537	1536	1537	1537	1537	1537	1537
3083	509784	1537	1538	1538	1538	1538	1538	1538	1538	1538	1539	1538	1538	1538	1538	1538	1539	1539	1538	1538	1538	1538	1537	1538	1538	1538	1537	1538	1538	1538	1538	1539	1538	1538	1537	1538	1538	1538	1538	1539	1538	1537	1537	1538	1537	1537	1537	1537	1537	1537	1537	1537	1537	1536	1537	1537	1537	1537	1537	1537	1538	1537	1538	1537	1537	1537	1538	1538	1538	1538	1538	1538	1538	1538	1537	1538	1537	1538	1537	1537	1537	1537	1538	1538	1537	1538	1538	1537	1538	1538	1538	1538	1538	1538	1537	1538	1538	1538	1538	1537	1538	1537	1538	1538	1538	1537	1537	1537	1538	1538	1538	1537	1538	1537	1537	1538	1538	1538	1537	1537	1537	1537	1537	1537	1537	1536	1537	1536	1537
3084	510276	1539	1539	1539	1539	1538	1538	1538	1538	1539	1538	1538	1538	1538	1538	1538	1539	1538	1539	1538	1538	1538	1539	1539	1539	1539	1539	1538	1539	1538	1539	1538	1538	1538	1539	1539	1539	1538	1538	1538	1539	1539	1538	1538	1538	1537	1538	1538	1538	1538	1538	1538	1538	1537	1538	1538	1538	1538	1538	1538	1538	1538	1539	1539	1538	1538	1538	1539	1538	1538	1538	1538	1538	1538	1538	1538	1538	1538	1538	1539	1538	1539	1538	1538	1538	1538	1539	1538	1538	1538	1538	1539	1538	1538	1539	1538	1538	1539	1539	1539	1539	1539	1538	1538	1538	1538	1539	1538	1538	1539	1539	1539	1538	1538	1538	1537	1539	1538	1538	1538	1538	1538	1537	1538	1538	1538	1538	1538	1538
3085	510769	1539	1538	1539	1539	1539	1539	1539	1538	1539	1538	1538	1538	1538	1539	1539	1538	1538	1539	1539	1539	1539	1538	1539	1539	1539	1539	1538	1539	1539	1539	1538	1539	1539	1539	1539	1538	1538	1538	1539	1538	1538	1538	1539	1538	1537	1539	1539	1538	1538	1538	1538	1538	1539	1539	1538	1538	1538	1538	1539	1539	1538	1538	1538	1539	1539	1538	1538	1538	1539	1538	1538	1538	1538	1538	1538	1539	1538	1538	1539	1539	1539	1538	1539	1539	1538	1538	1538	1539	1538	1538	1538	1538	1539	1539	1539	1539	1538	1539	1539	1538	1539	1539	1539	1539	1539	1539	1538	1539	1539	1538	1539	1538	1538	1538	1538	1539	1539	1538	1538	1539	1539	1539	1539	1539	1539	1539	1539	1539
3086	511261	1539	1539	1539	1539	1539	1539	1541	1539	1539	1539	1539	1539	1539	1538	1539	1538	1539	1539	1539	1539	1539	1539	1540	1539	1539	1539	1539	1539	1539	1538	1539	1539	1539	1539	1539	1539	1539	1539	1539	1539	1540	1539	1539	1540	1540	1539	1540	1539	1540	1540	1540	1540	1539	1540	1539	1539	1539	1539	1539	1539	1539	1539	1539	1539	1539	1538	1539	1539	1540	1539	1539	1539	1538	1539	1538	1539	1538	1538	1538	1538	1538	1538	1538	1539	1538	1538	1538	1538	1539	1538	1538	1538	1539	1539	1539	1539	1539	1539	1538	1539	1539	1539	1539	1538	1538	1538	1539	1539	1539	1539	1539	1539	1540	1539	1540	1540	1539	1539	1539	1539	1540	1539	1539	1539	1539	1539	1540	1539
3087	511753	1540	1540	1540	1540	1540	1540	1540	1540	1540	1540	1540	1539	1540	1540	1541	1539	1540	1540	1540	1539	1540	1539	1540	1539	1539	1540	1539	1540	1539	1540	1539	1540	1540	1539	1540	1540	1540	1539	1540	1540	1540	1540	1539	1539	1539	1539	1540	1539	1539	1540	1540	1540	1540	1539	1540	1539	1540	1540	1539	1539	1539	1539	1539	1539	1539	1539	1542	1539	1539	1539	1539	1540	1539	1539	1540	1539	1540	1540	1540	1539	1539	1540	1540	1539	1539	1539	1539	1539	1540	1540	1540	1540	1539	1539	1539	1540	1540	1540	1540	1540	1540	1539	1539	1540	1540	1539	1539	1540	1540	1540	1540	1539	1539	1540	1540	1540	1540	1540	1540	1540	1539	1539	1540	1540	1540	1539	1540	1540
3088	512246	1539	1540	1540	1540	1540	1540	1540	1540	1539	1540	1540	1540	1540	1540	1540	1540	1541	1540	1540	1540	1540	1539	1540	1539	1540	1540	1540	1540	1541	1540	1540	1541	1541	1541	1541	1540	1541	1541	1540	1541	1540	1540	1541	1540	1541	1540	1541	1542	1540	1541	1540	1540	1541	1541	1540	1540	1541	1541	1541	1541	1541	1541	1540	1541	1540	1540	1540	1540	1540	1539	1540	1540	1540	1540	1540	1540	1540	1541	1540	1540	1540	1540	1540	1540	1539	1540	1540	1539	1540	1540	1540	1540	1540	1540	1540	1540	1540	1540	1540	1540	1540	1540	1541	1540	1540	1540	1541	1540	1540	1541	1541	1540	1540	1540	1540	1541	1540	1541	1540	1540	1540	1540	1540	1540	1540	1541	1540	1540
3089	512738	1541	1541	1541	1541	1543	1541	1541	1541	1541	1541	1541	1541	1541	1541	1541	1541	1541	1541	1541	1540	1541	1541	1541	1542	1541	1541	1541	1542	1541	1541	1541	1541	1542	1541	1541	1542	1541	1542	1541	1541	1541	1541	1541	1541	1541	1542	1541	1540	1540	1540	1540	1541	1541	1540	1541	1541	1541	1541	1540	1541	1541	1541	1541	1540	1541	1539	1542	1541	1541	1541	1541	1542	1541	1541	1542	1541	1541	1541	1541	1541	1540	1541	1541	1540	1541	1541	1541	1540	1541	1540	1540	1541	1541	1541	1541	1541	1541	1540	1541	1541	1541	1541	1540	1542	1540	1541	1541	1541	1540	1541	1541	1538	1541	1541	1541	1540	1541	1541	1541	1541	1541	1540	1540	1540	1540	1541	1540	1540
3090	513230	1541	1541	1541	1541	1540	1541	1541	1541	1541	1541	1541	1541	1541	1540	1541	1541	1541	1541	1541	1540	1541	1541	1541	1541	1541	1541	1541	1542	1541	1541	1541	1541	1541	1541	1541	1542	1541	1541	1541	1541	1542	1542	1541	1542	1542	1541	1541	1542	1542	1542	1541	1543	1542	1542	1542	1542	1541	1542	1541	1541	1541	1541	1541	1541	1541	1542	1542	1542	1542	1541	1542	1541	1541	1541	1541	1541	1540	1541	1541	1541	1541	1541	1540	1541	1541	1541	1541	1541	1541	1541	1541	1541	1541	1541	1541	1542	1541	1541	1542	1541	1542	1541	1541	1541	1540	1540	1541	1541	1540	1541	1541	1541	1540	1541	1540	1541	1541	1541	1541	1541	1541	1541	1540	1541	1541	1541	1541	1542
3091	513723	1541	1542	1543	1541	1541	1542	1542	1542	1542	1542	1542	1542	1542	1542	1542	1542	1542	1543	1542	1542	1542	1542	1542	1541	1542	1541	1542	1541	1541	1541	1542	1542	1542	1542	1542	1542	1541	1542	1541	1541	1541	1541	1541	1541	1541	1541	1541	1541	1541	1541	1541	1541	1541	1540	1541	1541	1541	1542	1542	1542	1542	1542	1542	1542	1542	1541	1542	1542	1542	1541	1541	1542	1542	1542	1541	1541	1542	1542	1543	1543	1542	1542	1542	1542	1542	1543	1543	1542	1542	1542	1542	1542	1542	1542	1542	1542	1541	1542	1542	1542	1542	1542	1541	1542	1541	1542	1542	1541	1542	1541	1542	1541	1542	1541	1541	1541	1541	1542	1542	1541	1542	1541	1542	1542	1542	1543	1542	1542
3092	514215	1541	1541	1541	1542	1541	1542	1542	1541	1542	1541	1542	1541	1542	1542	1541	1541	1542	1541	1542	1542	1542	1542	1541	1542	1542	1542	1543	1542	1542	1542	1542	1543	1541	1543	1542	1542	1543	1542	1542	1543	1542	1543	1543	1542	1542	1543	1542	1543	1542	1542	1543	1543	1542	1543	1543	1542	1542	1541	1543	1542	1542	1541	1542	1542	1542	1543	1542	1542	1542	1542	1542	1543	1543	1541	1542	1542	1542	1542	1542	1542	1541	1541	1542	1542	1542	1542	1541	1542	1541	1542	1542	1542	1542	1541	1542	1542	1542	1542	1542	1542	1542	1543	1542	1542	1542	1542	1541	1542	1542	1542	1542	1541	1542	1542	1543	1542	1543	1542	1542	1543	1542	1543	1543	1543	1543	1543	1543	1542
3093	514707	1543	1542	1543	1543	1542	1543	1542	1542	1542	1542	1543	1542	1543	1543	1543	1542	1542	1543	1543	1543	1542	1542	1543	1542	1543	1543	1543	1543	1543	1544	1543	1543	1544	1543	1543	1543	1543	1544	1543	1543	1543	1543	1544	1543	1543	1543	1543	1543	1543	1543	1543	1542	1542	1543	1543	1543	1543	1543	1543	1543	1543	1543	1543	1543	1542	1543	1542	1542	1542	1543	1542	1542	1542	1543	1542	1542	1543	1542	1543	1542	1542	1542	1542	1542	1542	1542	1543	1542	1543	1543	1543	1542	1542	1543	1543	1542	1542	1542	1542	1543	1543	1543	1542	1543	1543	1543	1543	1543	1543	1543	1543	1544	1543	1543	1543	1543	1544	1543	1543	1543	1543	1543	1543	1542	1542	1542	1542	1543
3094	515200	1544	1544	1543	1543	1544	1543	1544	1543	1543	1544	1542	1543	1543	1542	1543	1543	1543	1543	1543	1543	1543	1543	1543	1543	1543	1543	1543	1543	1543	1543	1542	1543	1543	1543	1543	1542	1543	1543	1543	1542	1542	1542	1542	1542	1542	1543	1542	1542	1543	1543	1543	1543	1543	1542	1543	1543	1542	1542	1543	1543	1543	1543	1543	1543	1543	1544	1543	1543	1544	1543	1543	1543	1543	1543	1543	1543	1544	1544	1544	1543	1543	1543	1543	1543	1543	1543	1543	1542	1543	1543	1543	1543	1542	1543	1543	1543	1542	1543	1543	1543	1543	1543	1543	1542	1544	1543	1542	1543	1542	1543	1543	1543	1543	1542	1542	1542	1542	1543	1542	1543	1543	1543	1543	1543	1543	1543	1543	1543
3095	515692	1543	1544	1544	1544	1544	1543	1543	1543	1544	1543	1544	1544	1544	1544	1543	1543	1544	1543	1544	1544	1544	1544	1543	1544	1543	1543	1544	1544	1544	1544	1544	1543	1544	1543	1544	1544	1543	1543	1543	1543	1543	1543	1543	1543	1543	1544	1543	1544	1544	1543	1544	1543	1544	1544	1544	1544	1543	1543	1543	1544	1544	1543	1543	1543	1543	1543	1543	1543	1543	1543	1544	1544	1543	1544	1543	1543	1544	1544	1544	1544	1544	1544	1544	1544	1544	1544	1545	1544	1544	1544	1544	1544	1544	1544	1544	1543	1544	1543	1544	1544	1543	1543	1543	1544	1543	1543	1543	1543	1543	1543	1542	1543	1543	1543	1543	1543	1543	1544	1543	1543	1543	1543	1543	1543	1543	1543	1543	1544
3096	516184	1545	1544	1544	1545	1544	1544	1544	1544	1544	1544	1544	1545	1543	1544	1544	1544	1545	1544	1544	1544	1544	1545	1544	1544	1545	1544	1544	1544	1544	1545	1544	1545	1544	1544	1545	1545	1544	1544	1544	1544	1545	1545	1544	1544	1544	1544	1545	1544	1544	1544	1544	1544	1544	1544	1545	1544	1544	1544	1544	1544	1545	1544	1544	1544	1544	1544	1543	1544	1544	1543	1544	1543	1544	1544	1544	1544	1543	1544	1544	1544	1544	1544	1544	1544	1544	1544	1543	1544	1544	1544	1543	1543	1544	1544	1544	1544	1544	1544	1544	1545	1544	1544	1544	1544	1545	1544	1544	1544	1544	1544	1543	1544	1544	1544	1544	1543	1544	1544	1544	1544	1544	1543	1544	1544	1544	1544	1544	1544
3097	516676	1544	1544	1544	1544	1544	1544	1544	1544	1545	1544	1544	1545	1545	1545	1545	1545	1545	1545	1544	1545	1544	1545	1545	1544	1545	1545	1545	1545	1545	1545	1544	1545	1545	1544	1545	1544	1544	1545	1544	1544	1544	1545	1545	1544	1544	1544	1545	1544	1544	1545	1544	1545	1545	1544	1544	1544	1544	1544	1544	1544	1545	1545	1544	1545	1544	1544	1544	1544	1543	1544	1544	1544	1544	1545	1544	1544	1545	1545	1545	1544	1545	1545	1544	1545	1545	1545	1545	1544	1545	1544	1545	1545	1544	1544	1545	1544	1544	1543	1544	1544	1544	1545	1544	1544	1544	1544	1544	1544	1544	1544	1544	1543	1544	1544	1544	1544	1544	1545	1544	1544	1544	1544	1544	1544	1545	1544	1544	1544
3098	517169	1545	1545	1546	1545	1545	1546	1546	1546	1546	1546	1546	1545	1546	1545	1546	1545	1545	1545	1544	1545	1545	1545	1545	1544	1545	1544	1545	1544	1545	1545	1545	1544	1545	1544	1544	1545	1544	1545	1544	1544	1545	1544	1544	1544	1544	1545	1544	1544	1544	1544	1544	1544	1544	1544	1545	1544	1545	1545	1545	1545	1545	1545	1545	1545	1545	1545	1545	1544	1545	1545	1545	1546	1545	1546	1545	1545	1546	1545	1545	1546	1545	1546	1545	1545	1546	1545	1546	1545	1545	1545	1545	1545	1545	1545	1544	1546	1544	1545	1545	1545	1546	1545	1545	1546	1545	1546	1545	1545	1545	1544	1546	1544	1545	1545	1544	1545	1544	1545	1544	1544	1545	1544	1545	1545	1545	1546	1544	1545
3099	517661	1546	1546	1546	1546	1546	1546	1545	1545	1545	1546	1546	1546	1546	1546	1546	1546	1546	1546	1546	1546	1546	1545	1546	1545	1545	1545	1545	1545	1545	1545	1545	1545	1545	1545	1544	1545	1545	1546	1545	1545	1545	1545	1547	1546	1545	1545	1545	1546	1546	1545	1545	1545	1546	1545	1545	1545	1546	1545	1546	1546	1546	1546	1546	1546	1545	1546	1546	1546	1546	1545	1546	1545	1546	1546	1546	1545	1545	1546	1546	1546	1546	1546	1546	1545	1546	1544	1546	1545	1546	1545	1545	1546	1546	1546	1546	1546	1546	1545	1545	1546	1545	1545	1545	1545	1547	1544	1546	1545	1546	1546	1545	1547	1546	1546	1545	1546	1546	1546	1546	1546	1546	1546	1546	1546	1546	1546	1546	1546
3100	518153	1546	1546	1546	1546	1546	1547	1545	1547	1546	1546	1546	1546	1547	1546	1546	1546	1546	1547	1546	1546	1546	1546	1547	1546	1546	1546	1546	1546	1546	1546	1546	1546	1546	1547	1546	1546	1547	1546	1546	1546	1547	1547	1546	1546	1545	1545	1546	1546	1546	1545	1546	1545	1546	1546	1546	1546	1546	1545	1546	1546	1545	1546	1546	1546	1546	1545	1546	1546	1546	1545	1546	1546	1546	1546	1546	1545	1545	1546	1546	1546	1546	1546	1546	1546	1546	1546	1546	1546	1546	1546	1547	1547	1546	1546	1546	1547	1546	1547	1546	1545	1545	1546	1546	1546	1546	1546	1546	1546	1546	1546	1546	1546	1546	1545	1546	1546	1544	1545	1545	1546	1546	1546	1545	1546	1545	1546	1546	1546
3101	518646	1546	1546	1545	1546	1545	1547	1546	1546	1547	1546	1546	1546	1547	1547	1545	1546	1546	1547	1547	1547	1547	1547	1547	1547	1547	1546	1547	1547	1547	1547	1546	1547	1547	1546	1547	1547	1547	1547	1547	1547	1547	1546	1547	1547	1547	1547	1547	1547	1548	1548	1547	1547	1547	1547	1547	1546	1546	1547	1546	1547	1546	1546	1546	1546	1547	1547	1546	1547	1547	1546	1546	1547	1547	1546	1546	1546	1546	1546	1546	1546	1547	1546	1547	1547	1547	1547	1547	1547	1546	1546	1547	1547	1546	1546	1546	1547	1547	1547	1547	1547	1546	1547	1547	1547	1547	1547	1547	1547	1547	1546	1547	1547	1547	1547	1547	1546	1547	1547	1546	1547	1546	1546	1546	1546	1547	1546	1547	1547
3102	519138	1547	1547	1546	1547	1547	1548	1548	1548	1548	1548	1547	1548	1547	1548	1548	1548	1548	1548	1548	1548	1548	1548	1548	1548	1547	1548	1546	1548	1547	1547	1547	1547	1546	1548	1546	1547	1547	1547	1547	1547	1547	1547	1547	1547	1547	1548	1545	1546	1547	1547	1547	1547	1547	1547	1547	1546	1546	1547	1547	1547	1546	1546	1546	1547	1546	1547	1547	1547	1547	1548	1547	1548	1547	1548	1547	1547	1547	1547	1547	1547	1547	1547	1547	1545	1547	1546	1547	1548	1547	1547	1547	1548	1548	1547	1547	1547	1547	1547	1547	1548	1547	1547	1548	1546	1546	1547	1546	1546	1546	1547	1547	1547	1547	1547	1547	1547	1547	1547	1546	1547	1547	1546	1546	1546	1546	1547	1547	1546
3103	519630	1547	1548	1548	1547	1548	1547	1547	1548	1548	1547	1547	1548	1547	1547	1547	1548	1547	1547	1547	1547	1547	1547	1547	1547	1547	1548	1548	1547	1547	1548	1547	1547	1548	1547	1547	1547	1547	1547	1547	1547	1547	1547	1547	1547	1547	1548	1547	1547	1548	1547	1548	1547	1547	1547	1547	1547	1547	1547	1547	1548	1548	1547	1548	1547	1547	1548	1547	1548	1547	1548	1548	1547	1548	1547	1548	1547	1548	1548	1548	1547	1547	1548	1548	1548	1548	1547	1547	1548	1548	1548	1547	1548	1547	1548	1547	1547	1548	1547	1548	1547	1547	1548	1547	1548	1548	1548	1548	1547	1548	1548	1548	1548	1547	1548	1547	1548	1547	1547	1548	1547	1547	1548	1547	1548	1548	1547	1547	1547
3104	520123	1548	1548	1548	1547	1547	1548	1547	1548	1548	1548	1548	1548	1548	1547	1548	1549	1548	1548	1548	1548	1548	1547	1549	1548	1548	1548	1548	1548	1548	1548	1548	1548	1548	1548	1548	1548	1548	1548	1548	1548	1548	1549	1548	1548	1548	1548	1548	1549	1548	1549	1547	1549	1548	1548	1549	1548	1548	1548	1548	1548	1547	1548	1548	1548	1548	1548	1548	1548	1548	1548	1547	1548	1548	1547	1548	1547	1547	1548	1547	1548	1548	1548	1548	1548	1549	1547	1548	1548	1548	1548	1548	1548	1549	1548	1548	1547	1548	1548	1548	1549	1548	1548	1548	1548	1548	1548	1548	1548	1548	1548	1548	1548	1549	1548	1548	1549	1548	1548	1549	1548	1548	1548	1548	1548	1548	1548	1548	1548
3105	520615	1549	1548	1549	1547	1548	1549	1548	1548	1547	1548	1547	1549	1548	1549	1548	1548	1548	1548	1548	1548	1547	1548	1548	1548	1548	1549	1549	1548	1549	1549	1549	1550	1548	1549	1549	1549	1549	1549	1549	1549	1549	1549	1548	1549	1549	1549	1548	1548	1549	1548	1549	1548	1549	1549	1548	1548	1550	1548	1548	1548	1548	1548	1549	1548	1549	1548	1548	1548	1548	1548	1549	1547	1548	1548	1548	1549	1548	1548	1548	1548	1547	1548	1548	1548	1548	1548	1548	1548	1548	1548	1549	1547	1549	1548	1548	1548	1547	1548	1548	1548	1549	1549	1547	1548	1549	1549	1549	1548	1549	1548	1548	1549	1548	1549	1549	1549	1549	1549	1549	1549	1549	1548	1548	1548	1549	1548	1548	1548
3106	521107	1549	1549	1550	1549	1550	1549	1549	1549	1550	1549	1550	1549	1549	1549	1549	1550	1549	1549	1548	1549	1549	1549	1550	1549	1549	1549	1549	1549	1548	1549	1549	1549	1549	1549	1550	1551	1550	1550	1550	1550	1549	1550	1550	1549	1550	1549	1549	1550	1549	1548	1549	1549	1550	1550	1549	1549	1550	1549	1550	1550	1550	1549	1550	1550	1550	1550	1550	1550	1550	1550	1549	1550	1549	1549	1550	1549	1549	1549	1549	1549	1549	1549	1548	1548	1549	1549	1549	1549	1549	1549	1549	1549	1551	1548	1549	1549	1549	1549	1548	1549	1549	1549	1549	1548	1549	1549	1549	1549	1549	1549	1549	1548	1549	1550	1550	1549	1549	1549	1549	1549	1549	1549	1549	1549	1549	1550	1549	1550
3107	521600	1549	1549	1549	1549	1549	1550	1549	1550	1549	1548	1550	1549	1549	1549	1550	1550	1549	1549	1550	1550	1550	1551	1550	1550	1550	1550	1550	1550	1552	1550	1549	1551	1549	1550	1550	1550	1549	1549	1550	1550	1550	1550	1549	1550	1549	1550	1549	1548	1549	1550	1549	1549	1549	1550	1550	1549	1549	1550	1550	1550	1549	1549	1549	1549	1550	1549	1549	1550	1549	1549	1549	1550	1550	1549	1550	1549	1550	1549	1550	1550	1549	1549	1550	1549	1549	1549	1550	1549	1549	1549	1550	1550	1550	1550	1549	1549	1549	1549	1550	1549	1550	1550	1550	1550	1549	1549	1549	1549	1550	1550	1549	1550	1549	1549	1549	1549	1549	1550	1550	1548	1549	1550	1549	1551	1550	1549	1550	1549
3108	522092	1550	1550	1550	1551	1550	1550	1550	1550	1551	1550	1550	1551	1550	1550	1551	1550	1551	1550	1550	1550	1550	1551	1550	1550	1550	1550	1550	1550	1551	1550	1550	1550	1550	1550	1550	1550	1550	1550	1550	1549	1550	1550	1550	1550	1549	1550	1549	1550	1550	1549	1550	1549	1550	1549	1549	1550	1549	1550	1550	1549	1550	1550	1550	1550	1550	1550	1550	1550	1550	1549	1550	1549	1550	1550	1550	1550	1550	1550	1550	1551	1549	1550	1550	1550	1550	1550	1550	1549	1550	1551	1550	1550	1550	1550	1551	1549	1550	1550	1550	1551	1550	1550	1551	1551	1551	1550	1551	1550	1551	1551	1551	1551	1550	1550	1550	1550	1551	1550	1550	1551	1550	1550	1550	1550	1551	1551	1551	1549
3109	522584	1551	1551	1551	1551	1551	1551	1551	1551	1551	1551	1551	1551	1551	1551	1551	1551	1550	1550	1550	1551	1550	1550	1550	1551	1551	1551	1551	1551	1551	1551	1551	1550	1550	1550	1551	1551	1550	1551	1550	1551	1550	1551	1550	1551	1550	1550	1551	1550	1551	1551	1551	1551	1551	1550	1551	1551	1551	1551	1551	1551	1551	1551	1551	1550	1551	1552	1551	1551	1550	1550	1551	1551	1551	1550	1550	1551	1551	1551	1551	1551	1551	1551	1551	1551	1551	1551	1551	1550	1551	1551	1551	1550	1550	1550	1550	1551	1551	1550	1550	1551	1551	1550	1550	1551	1551	1551	1550	1550	1550	1550	1550	1551	1551	1550	1551	1551	1550	1550	1551	1550	1551	1550	1550	1550	1551	1551	1550	1550
3110	523076	1550	1550	1550	1550	1550	1550	1550	1550	1551	1550	1551	1551	1551	1550	1551	1551	1551	1551	1551	1551	1551	1551	1550	1551	1550	1551	1551	1550	1551	1551	1551	1551	1552	1551	1551	1552	1551	1552	1551	1551	1552	1551	1551	1551	1551	1551	1550	1551	1550	1551	1551	1551	1551	1550	1550	1551	1551	1551	1550	1551	1551	1551	1551	1551	1551	1551	1551	1551	1550	1551	1550	1551	1550	1550	1551	1550	1551	1551	1550	1550	1551	1551	1551	1550	1551	1550	1551	1551	1551	1551	1551	1552	1552	1551	1551	1551	1551	1551	1551	1551	1551	1551	1552	1551	1551	1551	1551	1551	1551	1551	1551	1551	1552	1552	1551	1551	1552	1551	1551	1552	1551	1551	1551	1552	1552	1551	1551	1551
3111	523569	1552	1551	1551	1552	1552	1552	1551	1551	1551	1551	1551	1551	1552	1551	1552	1551	1551	1551	1551	1551	1552	1551	1552	1552	1552	1552	1551	1552	1552	1552	1551	1551	1552	1551	1551	1552	1552	1552	1551	1552	1552	1551	1552	1551	1551	1551	1552	1552	1551	1551	1552	1551	1552	1551	1551	1552	1552	1552	1551	1551	1551	1552	1552	1551	1552	1552	1552	1552	1551	1552	1551	1552	1552	1551	1552	1551	1552	1551	1551	1552	1551	1552	1552	1551	1551	1551	1552	1552	1551	1551	1551	1551	1551	1551	1551	1551	1551	1551	1551	1552	1552	1552	1551	1551	1552	1552	1552	1551	1551	1552	1552	1551	1551	1551	1551	1552	1552	1552	1551	1551	1551	1551	1552	1551	1551	1552	1551	1552
3112	524061	1551	1551	1552	1551	1552	1552	1551	1552	1552	1552	1552	1552	1552	1552	1552	1552	1552	1552	1552	1551	1552	1552	1552	1552	1552	1552	1552	1552	1552	1552	1551	1552	1552	1552	1552	1553	1552	1552	1552	1552	1552	1552	1551	1552	1552	1551	1551	1551	1551	1551	1551	1552	1551	1551	1551	1551	1552	1551	1552	1552	1551	1552	1551	1552	1551	1551	1551	1551	1552	1551	1551	1552	1551	1551	1551	1551	1552	1551	1552	1552	1552	1552	1552	1552	1552	1553	1551	1552	1552	1551	1553	1552	1552	1552	1551	1552	1551	1552	1552	1552	1552	1551	1552	1552	1552	1552	1552	1552	1552	1553	1552	1551	1552	1552	1552	1552	1552	1553	1552	1552	1552	1551	1551	1551	1552	1552	1551	1552
3113	524553	1553	1553	1553	1553	1553	1552	1552	1552	1553	1553	1552	1552	1552	1552	1552	1553	1552	1552	1552	1552	1552	1552	1551	1551	1551	1551	1551	1552	1552	1552	1552	1552	1552	1552	1552	1552	1552	1552	1552	1553	1553	1552	1552	1552	1553	1552	1552	1553	1552	1552	1553	1552	1552	1553	1553	1553	1552	1553	1552	1553	1553	1553	1553	1552	1553	1553	1553	1553	1552	1553	1552	1552	1552	1553	1553	1552	1552	1552	1553	1552	1552	1553	1552	1552	1552	1553	1552	1552	1553	1553	1552	1552	1553	1552	1552	1552	1552	1552	1552	1552	1552	1553	1552	1552	1552	1552	1553	1552	1553	1553	1553	1553	1553	1553	1552	1552	1553	1553	1553	1552	1552	1553	1553	1552	1552	1553	1552	1552
3114	525046	1553	1553	1553	1552	1552	1553	1552	1553	1552	1552	1552	1553	1552	1553	1552	1553	1553	1552	1553	1552	1553	1553	1553	1553	1552	1553	1553	1553	1553	1553	1553	1553	1554	1553	1553	1554	1552	1553	1552	1553	1553	1553	1553	1553	1553	1552	1554	1553	1552	1554	1552	1554	1553	1552	1554	1553	1553	1553	1553	1553	1553	1553	1553	1553	1553	1552	1553	1553	1553	1553	1553	1552	1553	1553	1553	1553	1553	1553	1551	1554	1552	1552	1552	1553	1553	1553	1553	1553	1553	1553	1553	1553	1553	1553	1553	1553	1553	1553	1553	1553	1553	1553	1553	1553	1553	1553	1553	1553	1553	1552	1553	1554	1553	1554	1553	1553	1553	1553	1553	1553	1553	1554	1553	1552	1552	1553	1553	1552
3115	525538	1553	1553	1553	1553	1553	1554	1553	1553	1553	1552	1553	1553	1553	1553	1553	1553	1553	1554	1553	1554	1553	1553	1554	1554	1554	1553	1554	1554	1554	1554	1553	1553	1555	1554	1554	1553	1553	1554	1553	1553	1553	1553	1553	1552	1554	1554	1553	1554	1554	1553	1554	1554	1555	1553	1554	1553	1553	1553	1553	1553	1553	1553	1553	1553	1553	1553	1554	1553	1553	1554	1553	1553	1553	1553	1553	1553	1553	1553	1554	1553	1553	1553	1551	1553	1553	1553	1553	1554	1553	1553	1552	1553	1553	1553	1553	1554	1554	1553	1553	1553	1554	1553	1553	1553	1553	1554	1554	1554	1553	1553	1554	1554	1554	1554	1553	1554	1554	1554	1553	1553	1553	1554	1554	1553	1553	1553	1553	1553
3116	526030	1553	1554	1553	1554	1553	1553	1554	1553	1553	1553	1552	1553	1553	1554	1553	1553	1554	1553	1554	1554	1554	1554	1553	1553	1553	1554	1553	1553	1553	1553	1554	1553	1553	1555	1553	1554	1554	1554	1554	1554	1555	1554	1554	1554	1554	1555	1555	1554	1554	1554	1555	1554	1555	1555	1554	1554	1554	1554	1554	1554	1555	1554	1554	1554	1554	1555	1554	1554	1554	1553	1554	1554	1554	1554	1554	1552	1553	1554	1553	1554	1554	1554	1554	1553	1554	1553	1554	1554	1553	1554	1553	1553	1554	1554	1555	1554	1554	1554	1555	1554	1555	1555	1555	1554	1554	1554	1553	1554	1554	1554	1554	1554	1555	1554	1554	1554	1554	1554	1554	1554	1554	1554	1555	1555	1554	1554	1555	1555
3117	526523	1555	1554	1555	1555	1555	1554	1554	1554	1554	1554	1555	1554	1555	1554	1554	1554	1554	1554	1555	1555	1554	1554	1554	1554	1554	1554	1553	1553	1554	1554	1553	1554	1553	1554	1554	1553	1554	1554	1554	1554	1554	1554	1554	1554	1554	1553	1554	1555	1554	1554	1554	1554	1554	1553	1553	1553	1554	1554	1554	1554	1554	1555	1555	1555	1554	1555	1554	1554	1555	1556	1554	1554	1554	1554	1554	1554	1554	1554	1554	1555	1554	1554	1554	1554	1555	1554	1554	1554	1555	1554	1555	1555	1554	1555	1554	1554	1554	1554	1555	1554	1555	1554	1555	1555	1553	1555	1555	1554	1555	1554	1555	1554	1554	1554	1554	1554	1555	1555	1555	1554	1555	1555	1555	1555	1554	1555	1554	1555
3118	527015	1555	1555	1555	1555	1554	1555	1555	1555	1555	1555	1555	1555	1555	1555	1555	1555	1555	1555	1555	1555	1555	1555	1556	1556	1556	1555	1555	1555	1555	1555	1555	1555	1555	1556	1555	1555	1555	1555	1556	1555	1555	1555	1555	1555	1554	1555	1554	1554	1555	1555	1555	1554	1555	1555	1555	1555	1555	1555	1555	1554	1555	1554	1554	1554	1555	1555	1554	1554	1555	1554	1554	1553	1554	1554	1554	1554	1554	1554	1554	1555	1554	1555	1555	1555	1555	1555	1555	1555	1555	1555	1555	1555	1554	1555	1555	1555	1555	1554	1555	1555	1555	1555	1555	1554	1555	1555	1555	1555	1555	1556	1555	1556	1554	1555	1555	1555	1555	1555	1555	1555	1555	1555	1555	1554	1555	1555	1554	1556
3119	527507	1554	1555	1555	1556	1555	1555	1555	1555	1555	1556	1556	1555	1556	1555	1554	1555	1556	1556	1555	1555	1555	1556	1555	1556	1556	1556	1556	1556	1556	1557	1555	1556	1556	1556	1557	1556	1556	1556	1556	1556	1556	1555	1556	1556	1556	1556	1555	1555	1556	1556	1555	1557	1556	1557	1556	1556	1556	1555	1556	1555	1555	1555	1555	1556	1555	1556	1555	1555	1555	1555	1555	1555	1555	1555	1555	1555	1555	1555	1555	1555	1555	1555	1556	1555	1555	1555	1555	1556	1555	1555	1556	1555	1555	1555	1555	1555	1555	1556	1555	1556	1556	1556	1556	1555	1556	1556	1556	1556	1555	1555	1556	1556	1556	1555	1556	1556	1556	1556	1555	1556	1556	1555	1556	1556	1556	1556	1556	1555
3120	528000	1556	1556	1556	1556	1556	1556	1556	1556	1556	1556	1556	1556	1556	1556	1556	1557	1556	1556	1556	1556	1556	1556	1555	1556	1556	1555	1556	1556	1556	1556	1557	1555	1555	1556	1556	1556	1556	1556	1556	1556	1556	1556	1556	1556	1556	1556	1556	1556	1556	1556	1556	1556	1556	1556	1556	1556	1556	1556	1556	1556	1556	1557	1556	1556	1556	1556	1555	1556	1556	1556	1556	1556	1556	1555	1555	1555	1555	1555	1555	1556	1555	1556	1555	1556	1556	1555	1556	1555	1556	1555	1556	1555	1556	1555	1556	1556	1556	1556	1556	1555	1557	1556	1556	1556	1555	1556	1556	1556	1556	1556	1556	1556	1556	1556	1555	1556	1555	1555	1556	1555	1555	1556	1556	1555	1555	1556	1555	1556
3121	528492	1556	1556	1557	1556	1556	1556	1557	1556	1556	1556	1556	1556	1557	1556	1557	1557	1556	1556	1557	1557	1556	1556	1557	1557	1557	1556	1557	1557	1557	1557	1556	1557	1557	1557	1556	1556	1557	1557	1556	1556	1556	1557	1556	1557	1557	1556	1557	1557	1557	1556	1556	1557	1557	1557	1556	1556	1556	1556	1557	1556	1555	1556	1556	1558	1556	1557	1556	1556	1556	1557	1556	1556	1556	1557	1556	1556	1557	1556	1557	1556	1556	1557	1556	1557	1557	1557	1556	1557	1557	1556	1557	1555	1556	1557	1557	1557	1556	1557	1557	1557	1557	1556	1557	1557	1557	1556	1556	1556	1557	1556	1557	1557	1556	1557	1555	1556	1555	1556	1556	1556	1557	1556	1556	1556	1556	1557	1556	1556
3122	528984	1557	1557	1557	1557	1556	1557	1556	1557	1556	1557	1557	1558	1557	1556	1557	1557	1557	1557	1556	1558	1557	1557	1557	1557	1557	1558	1557	1558	1557	1557	1555	1557	1557	1557	1557	1557	1557	1557	1557	1557	1557	1557	1557	1557	1558	1557	1557	1557	1557	1556	1558	1557	1557	1557	1556	1557	1556	1557	1557	1556	1556	1557	1556	1556	1556	1556	1556	1556	1559	1557	1557	1557	1557	1557	1557	1557	1557	1557	1558	1557	1556	1557	1557	1557	1556	1557	1557	1556	1557	1557	1557	1557	1557	1558	1557	1557	1557	1557	1557	1556	1557	1557	1557	1557	1557	1557	1557	1557	1558	1557	1557	1557	1557	1557	1557	1557	1556	1556	1557	1557	1557	1556	1557	1557	1557	1557	1556	1557
3123	529476	1557	1557	1557	1557	1558	1557	1558	1557	1557	1558	1558	1557	1557	1558	1558	1557	1558	1557	1557	1558	1557	1557	1557	1557	1557	1557	1558	1557	1558	1557	1557	1558	1557	1558	1558	1557	1558	1557	1558	1557	1558	1558	1557	1557	1557	1557	1557	1557	1558	1558	1557	1556	1557	1558	1557	1558	1557	1557	1557	1558	1558	1558	1557	1557	1557	1558	1558	1558	1558	1558	1558	1558	1557	1558	1558	1557	1557	1557	1557	1557	1557	1557	1557	1557	1556	1557	1557	1557	1557	1557	1557	1557	1558	1558	1557	1558	1557	1558	1558	1558	1558	1557	1558	1557	1557	1557	1557	1557	1557	1556	1558	1560	1558	1558	1556	1557	1557	1557	1557	1557	1557	1558	1557	1557	1558	1557	1557	1557
3124	529969	1558	1558	1558	1558	1558	1558	1558	1558	1558	1558	1557	1558	1558	1557	1558	1558	1558	1558	1558	1559	1558	1559	1558	1558	1558	1558	1558	1558	1558	1558	1558	1558	1558	1558	1558	1557	1559	1558	1558	1558	1558	1558	1557	1558	1558	1558	1558	1558	1558	1557	1558	1558	1558	1558	1557	1557	1557	1557	1558	1557	1558	1558	1558	1558	1558	1558	1558	1558	1559	1558	1558	1558	1558	1558	1558	1558	1558	1558	1558	1558	1557	1557	1558	1558	1558	1558	1558	1557	1558	1557	1558	1557	1558	1558	1558	1558	1557	1558	1557	1558	1557	1557	1557	1558	1558	1557	1557	1557	1557	1558	1557	1558	1558	1558	1557	1558	1558	1558	1557	1558	1557	1558	1557	1558	1558	1558	1557	1558
3125	530461	1559	1558	1556	1559	1558	1559	1558	1558	1558	1558	1558	1557	1558	1558	1558	1558	1558	1558	1559	1558	1558	1557	1558	1558	1558	1558	1558	1558	1558	1558	1558	1559	1559	1558	1559	1558	1558	1558	1558	1558	1556	1557	1558	1558	1558	1558	1558	1559	1559	1559	1559	1559	1560	1559	1559	1559	1560	1559	1559	1559	1559	1559	1559	1559	1559	1558	1558	1558	1559	1558	1559	1558	1558	1558	1558	1558	1558	1558	1559	1558	1558	1558	1558	1558	1558	1559	1558	1557	1558	1558	1558	1557	1558	1558	1558	1558	1558	1557	1558	1558	1558	1558	1559	1559	1558	1558	1559	1559	1559	1558	1558	1559	1559	1558	1558	1559	1559	1558	1559	1559	1558	1559	1559	1559	1559	1558	1559	1559
3126	530953	1558	1558	1558	1559	1558	1558	1558	1558	1558	1558	1558	1558	1558	1558	1558	1558	1559	1559	1559	1559	1559	1558	1559	1559	1560	1559	1558	1559	1559	1559	1559	1559	1559	1559	1560	1559	1559	1560	1558	1559	1558	1559	1559	1559	1559	1560	1559	1560	1559	1560	1560	1559	1559	1559	1559	1559	1558	1559	1559	1559	1558	1560	1559	1559	1559	1559	1559	1559	1559	1559	1559	1560	1558	1558	1559	1559	1559	1558	1559	1558	1558	1559	1558	1558	1559	1558	1559	1559	1558	1559	1558	1559	1559	1559	1561	1559	1559	1558	1558	1559	1559	1559	1559	1558	1559	1559	1559	1559	1560	1559	1559	1559	1560	1559	1559	1560	1559	1559	1560	1559	1558	1559	1559	1559	1559	1559	1559	1559
3127	531446	1560	1559	1560	1560	1560	1560	1560	1560	1560	1560	1560	1560	1559	1560	1559	1560	1559	1559	1558	1559	1559	1559	1559	1559	1559	1559	1559	1558	1559	1559	1558	1559	1559	1559	1559	1560	1559	1559	1559	1559	1560	1559	1559	1559	1559	1559	1559	1559	1559	1559	1559	1559	1559	1559	1559	1559	1559	1559	1559	1560	1560	1560	1559	1559	1559	1560	1560	1560	1559	1559	1560	1559	1559	1559	1560	1559	1559	1560	1560	1560	1559	1560	1559	1560	1560	1560	1560	1560	1559	1559	1560	1560	1560	1560	1560	1559	1559	1559	1560	1559	1559	1560	1560	1560	1559	1559	1560	1560	1560	1559	1559	1560	1560	1560	1560	1560	1560	1559	1559	1559	1559	1558	1559	1559	1559	1559	1559	1559
3128	531938	1559	1560	1560	1560	1561	1560	1559	1560	1560	1559	1559	1559	1559	1559	1559	1559	1560	1559	1560	1560	1559	1560	1559	1559	1559	1560	1560	1559	1559	1560	1559	1560	1560	1560	1559	1560	1559	1559	1559	1560	1560	1559	1560	1560	1559	1560	1560	1559	1560	1560	1560	1560	1560	1559	1560	1559	1560	1560	1560	1559	1559	1559	1560	1559	1560	1559	1559	1559	1559	1560	1559	1559	1559	1560	1560	1559	1560	1560	1560	1560	1560	1560	1560	1560	1560	1560	1560	1560	1560	1560	1559	1560	1560	1560	1560	1560	1560	1560	1561	1560	1559	1560	1560	1561	1560	1560	1560	1560	1560	1561	1560	1559	1560	1560	1561	1560	1559	1560	1560	1560	1560	1560	1560	1560	1560	1560	1559	1560
3129	532430	1560	1560	1560	1560	1560	1560	1560	1560	1560	1560	1560	1560	1560	1560	1560	1560	1560	1560	1560	1560	1560	1560	1560	1560	1560	1560	1560	1560	1560	1561	1560	1561	1560	1561	1561	1561	1561	1560	1561	1560	1560	1560	1560	1560	1560	1560	1560	1560	1559	1560	1560	1561	1560	1560	1560	1560	1560	1560	1560	1560	1560	1560	1560	1560	1560	1560	1560	1559	1559	1559	1560	1559	1560	1559	1559	1560	1561	1560	1559	1560	1560	1560	1560	1560	1559	1560	1559	1560	1560	1560	1560	1560	1560	1560	1560	1559	1560	1560	1559	1560	1560	1560	1560	1560	1560	1560	1560	1560	1560	1561	1559	1561	1561	1561	1561	1560	1561	1561	1560	1561	1560	1561	1561	1561	1560	1559	1560	1560
3130	532923	1560	1560	1561	1561	1561	1561	1561	1561	1561	1561	1561	1560	1561	1561	1561	1560	1560	1561	1561	1561	1560	1561	1560	1561	1561	1561	1561	1560	1560	1560	1561	1560	1560	1560	1560	1560	1560	1560	1560	1560	1560	1560	1560	1560	1561	1560	1560	1560	1560	1561	1560	1561	1560	1560	1560	1560	1560	1561	1560	1560	1561	1560	1561	1561	1560	1561	1561	1561	1559	1561	1561	1561	1561	1561	1560	1561	1560	1561	1560	1560	1560	1560	1561	1561	1561	1562	1561	1561	1561	1561	1561	1561	1561	1561	1560	1561	1560	1561	1560	1560	1560	1560	1561	1561	1560	1560	1561	1561	1561	1560	1561	1560	1561	1561	1561	1561	1560	1561	1561	1561	1561	1561	1560	1561	1561	1560	1560	1561
3131	533415	1561	1562	1562	1561	1561	1561	1562	1561	1561	1561	1561	1561	1561	1562	1561	1561	1561	1561	1562	1561	1561	1561	1561	1562	1561	1561	1561	1561	1562	1561	1561	1561	1561	1561	1561	1561	1561	1562	1562	1561	1562	1562	1562	1561	1561	1562	1562	1561	1562	1561	1561	1561	1562	1561	1561	1561	1561	1562	1561	1561	1561	1561	1561	1561	1562	1561	1561	1562	1561	1562	1561	1561	1560	1561	1561	1560	1561	1561	1560	1561	1561	1561	1561	1561	1561	1561	1561	1561	1561	1561	1561	1562	1561	1561	1561	1561	1561	1561	1561	1561	1561	1561	1561	1561	1561	1560	1561	1561	1561	1561	1561	1561	1561	1562	1561	1561	1561	1561	1561	1561	1561	1562	1561	1561	1561	1561	1562	1560
3132	533907	1561	1561	1562	1562	1561	1562	1562	1562	1562	1561	1562	1562	1561	1562	1561	1562	1561	1562	1562	1561	1562	1562	1561	1561	1561	1562	1562	1562	1562	1562	1562	1562	1563	1562	1562	1563	1562	1562	1562	1562	1561	1562	1562	1562	1562	1562	1562	1562	1562	1562	1562	1562	1562	1562	1562	1562	1562	1562	1562	1562	1562	1562	1561	1562	1561	1562	1562	1562	1561	1561	1562	1562	1561	1561	1561	1562	1562	1561	1561	1561	1561	1561	1562	1562	1561	1562	1561	1564	1562	1561	1562	1562	1562	1562	1561	1562	1561	1562	1561	1562	1562	1561	1561	1561	1562	1561	1561	1561	1562	1562	1562	1562	1561	1561	1562	1562	1562	1562	1562	1562	1561	1561	1562	1562	1562	1562	1561	1562
3133	534400	1562	1563	1562	1563	1563	1562	1562	1562	1562	1563	1562	1562	1562	1562	1562	1563	1562	1562	1563	1563	1562	1562	1562	1563	1563	1563	1563	1562	1562	1562	1562	1562	1562	1562	1562	1562	1561	1562	1561	1562	1562	1562	1562	1562	1562	1562	1562	1562	1562	1562	1562	1563	1562	1562	1563	1562	1562	1563	1562	1562	1562	1562	1562	1561	1562	1562	1562	1563	1563	1563	1563	1563	1562	1563	1563	1563	1563	1562	1563	1562	1563	1563	1562	1562	1562	1563	1562	1562	1562	1562	1561	1562	1562	1562	1563	1563	1563	1563	1562	1563	1562	1563	1563	1562	1563	1562	1562	1562	1561	1563	1563	1562	1562	1562	1562	1562	1562	1562	1562	1563	1562	1562	1562	1562	1562	1562	1562	1562
3134	534892	1563	1563	1563	1563	1563	1563	1563	1563	1562	1563	1563	1563	1563	1562	1562	1562	1563	1563	1564	1563	1563	1563	1563	1563	1563	1563	1563	1563	1563	1563	1562	1563	1562	1563	1563	1563	1564	1563	1563	1563	1563	1563	1561	1563	1563	1563	1563	1562	1561	1563	1563	1563	1563	1563	1563	1563	1563	1563	1563	1563	1563	1563	1563	1563	1563	1563	1563	1562	1563	1563	1563	1563	1562	1564	1563	1563	1563	1563	1563	1563	1563	1563	1562	1562	1562	1563	1563	1563	1563	1562	1563	1563	1563	1563	1563	1563	1562	1563	1563	1563	1563	1563	1563	1563	1562	1563	1562	1563	1563	1563	1563	1562	1563	1562	1563	1562	1562	1562	1562	1563	1563	1562	1562	1562	1563	1562	1562	1563
3135	535384	1563	1563	1563	1563	1563	1563	1563	1563	1563	1563	1563	1563	1564	1563	1563	1563	1563	1564	1563	1563	1563	1563	1562	1563	1562	1563	1563	1563	1563	1563	1564	1563	1563	1563	1563	1563	1563	1563	1562	1562	1562	1562	1563	1564	1563	1562	1562	1563	1562	1562	1562	1563	1563	1563	1563	1562	1563	1563	1563	1563	1563	1563	1563	1564	1563	1563	1562	1563	1563	1563	1563	1563	1563	1564	1563	1563	1564	1563	1564	1563	1563	1561	1563	1563	1563	1563	1563	1563	1564	1563	1563	1563	1563	1563	1563	1563	1562	1563	1563	1562	1565	1562	1563	1563	1563	1563	1563	1563	1563	1564	1563	1562	1563	1563	1562	1563	1562	1562	1563	1562	1563	1563	1563	1563	1562	1563	1563	1563
3136	535876	1564	1564	1564	1564	1563	1564	1563	1563	1564	1563	1564	1563	1564	1563	1563	1563	1563	1563	1563	1563	1564	1563	1563	1563	1563	1563	1564	1563	1564	1563	1563	1563	1563	1563	1563	1563	1563	1563	1564	1563	1564	1564	1563	1564	1564	1564	1564	1564	1564	1563	1564	1564	1564	1564	1565	1564	1564	1564	1564	1563	1563	1564	1563	1563	1564	1564	1563	1564	1564	1564	1564	1564	1564	1564	1564	1564	1563	1563	1563	1564	1564	1564	1563	1563	1564	1563	1563	1564	1563	1564	1563	1563	1563	1563	1563	1563	1563	1563	1563	1563	1563	1564	1563	1564	1563	1563	1564	1563	1563	1564	1564	1565	1563	1563	1563	1564	1565	1563	1564	1564	1564	1565	1564	1564	1563	1564	1564	1564
3137	536369	1563	1564	1564	1564	1564	1564	1564	1563	1564	1564	1564	1564	1564	1564	1564	1564	1564	1564	1564	1564	1564	1564	1564	1564	1563	1564	1564	1565	1564	1565	1564	1564	1564	1564	1565	1564	1564	1563	1564	1564	1565	1564	1565	1564	1564	1564	1564	1564	1564	1564	1564	1564	1565	1564	1564	1564	1565	1564	1564	1565	1565	1564	1565	1564	1565	1565	1566	1564	1565	1564	1564	1565	1565	1565	1565	1565	1565	1565	1565	1565	1564	1564	1565	1565	1564	1564	1564	1565	1564	1565	1565	1564	1564	1565	1563	1564	1564	1565	1564	1564	1564	1564	1564	1564	1564	1564	1564	1564	1564	1564	1564	1564	1565	1567	1564	1564	1565	1565	1564	1564	1564	1565	1565	1564	1565	1565	1565	1564
3138	536861	1566	1565	1566	1565	1565	1566	1565	1565	1565	1565	1566	1565	1566	1564	1565	1565	1565	1565	1565	1566	1565	1565	1566	1565	1566	1565	1566	1566	1565	1565	1565	1565	1565	1564	1564	1564	1565	1564	1562	1564	1564	1565	1564	1565	1565	1564	1565	1564	1564	1564	1563	1565	1564	1564	1565	1564	1564	1564	1564	1564	1564	1564	1564	1564	1564	1564	1564	1564	1566	1565	1564	1564	1565	1565	1565	1565	1565	1565	1565	1565	1565	1565	1565	1565	1565	1565	1565	1564	1565	1565	1565	1564	1564	1565	1564	1565	1565	1565	1565	1565	1565	1565	1565	1565	1564	1566	1564	1565	1565	1564	1565	1564	1565	1564	1564	1565	1564	1565	1565	1564	1565	1564	1564	1564	1564	1565	1564	1565
3139	537353	1564	1564	1564	1565	1565	1564	1564	1564	1564	1565	1565	1566	1566	1565	1566	1565	1565	1566	1565	1566	1565	1565	1565	1566	1566	1565	1565	1565	1566	1565	1566	1566	1565	1565	1565	1565	1566	1566	1565	1565	1565	1565	1566	1566	1566	1566	1565	1565	1565	1565	1565	1565	1565	1565	1565	1565	1565	1565	1565	1565	1565	1565	1565	1565	1564	1565	1565	1564	1565	1565	1565	1565	1566	1566	1565	1566	1566	1565	1565	1565	1565	1565	1565	1565	1565	1565	1566	1565	1566	1566	1566	1565	1565	1565	1566	1566	1566	1566	1566	1566	1566	1566	1565	1566	1566	1566	1565	1566	1565	1566	1566	1565	1565	1565	1565	1566	1566	1566	1565	1565	1566	1565	1565	1565	1565	1565	1565	1565
3140	537846	1566	1566	1565	1565	1565	1565	1565	1566	1565	1565	1566	1565	1565	1566	1566	1566	1566	1566	1566	1566	1566	1566	1566	1566	1566	1566	1566	1566	1566	1566	1566	1566	1566	1567	1566	1566	1566	1565	1566	1566	1565	1566	1566	1566	1566	1566	1566	1566	1566	1567	1566	1566	1566	1566	1566	1566	1566	1565	1566	1565	1565	1566	1565	1564	1566	1566	1566	1565	1565	1565	1566	1566	1566	1565	1565	1565	1565	1566	1565	1565	1565	1565	1565	1566	1565	1565	1565	1565	1566	1566	1565	1565	1565	1566	1566	1566	1565	1566	1565	1566	1566	1566	1566	1567	1567	1566	1566	1566	1566	1567	1566	1565	1566	1566	1566	1566	1566	1565	1566	1566	1567	1565	1566	1566	1566	1565	1566	1565
3141	538338	1567	1566	1566	1566	1566	1566	1566	1565	1566	1565	1566	1566	1566	1566	1565	1566	1566	1566	1566	1566	1565	1566	1566	1567	1566	1566	1567	1566	1567	1567	1566	1567	1567	1567	1566	1566	1567	1566	1566	1566	1566	1566	1567	1567	1567	1567	1567	1567	1567	1566	1568	1567	1566	1567	1567	1567	1567	1567	1567	1567	1567	1566	1566	1566	1566	1567	1566	1566	1566	1566	1567	1566	1566	1566	1566	1567	1566	1566	1566	1566	1566	1566	1566	1566	1565	1566	1566	1566	1566	1566	1566	1566	1566	1566	1566	1566	1566	1566	1565	1566	1567	1567	1567	1566	1567	1566	1567	1566	1567	1566	1567	1566	1565	1566	1565	1567	1567	1566	1567	1567	1567	1566	1566	1567	1566	1566	1566	1566
3142	538830	1567	1566	1566	1567	1566	1567	1567	1566	1567	1567	1567	1566	1566	1567	1566	1566	1566	1566	1566	1566	1566	1566	1566	1566	1566	1566	1565	1566	1566	1566	1566	1566	1566	1566	1567	1567	1567	1567	1567	1567	1566	1567	1567	1567	1567	1567	1567	1566	1567	1567	1567	1566	1567	1567	1567	1567	1567	1567	1567	1567	1567	1567	1567	1567	1567	1566	1567	1567	1567	1566	1567	1566	1567	1566	1567	1567	1566	1566	1566	1567	1567	1566	1568	1566	1567	1567	1567	1567	1567	1566	1567	1566	1566	1566	1566	1566	1566	1566	1566	1566	1566	1566	1566	1566	1566	1567	1567	1566	1567	1567	1566	1567	1567	1567	1567	1568	1568	1566	1567	1566	1566	1567	1567	1567	1567	1567	1567	1567
3143	539323	1568	1568	1567	1568	1568	1568	1568	1568	1568	1568	1568	1568	1568	1567	1567	1568	1567	1568	1568	1568	1567	1568	1568	1567	1568	1568	1567	1567	1567	1567	1567	1568	1567	1567	1567	1567	1567	1567	1567	1567	1567	1567	1567	1566	1567	1567	1567	1567	1566	1567	1567	1568	1568	1567	1567	1567	1567	1567	1567	1567	1566	1567	1567	1567	1567	1567	1567	1567	1567	1568	1568	1567	1568	1567	1567	1567	1568	1567	1567	1568	1567	1567	1567	1567	1567	1567	1567	1567	1567	1567	1567	1567	1567	1567	1567	1567	1567	1567	1567	1567	1567	1567	1567	1567	1567	1566	1567	1565	1566	1567	1567	1567	1567	1567	1568	1567	1567	1567	1567	1567	1567	1567	1567	1566	1566	1567	1568	1567
3144	539815	1567	1567	1567	1568	1568	1568	1568	1568	1569	1568	1568	1568	1568	1569	1568	1568	1568	1568	1568	1568	1568	1568	1568	1568	1568	1568	1568	1570	1568	1568	1568	1568	1568	1568	1569	1568	1568	1568	1569	1569	1568	1568	1568	1567	1568	1568	1567	1568	1568	1568	1567	1567	1568	1568	1568	1567	1568	1568	1568	1568	1567	1568	1567	1568	1568	1568	1568	1569	1568	1568	1568	1568	1568	1568	1568	1568	1568	1567	1568	1568	1568	1568	1567	1568	1568	1568	1568	1568	1568	1568	1568	1568	1568	1568	1568	1568	1569	1568	1568	1568	1567	1568	1568	1567	1568	1567	1567	1568	1568	1568	1568	1568	1567	1568	1568	1568	1568	1567	1568	1567	1567	1567	1568	1567	1567	1567	1567	1568
3145	540307	1568	1568	1568	1569	1568	1569	1569	1568	1568	1568	1568	1568	1568	1568	1568	1568	1568	1569	1568	1568	1568	1568	1567	1568	1568	1567	1567	1568	1567	1567	1568	1568	1567	1567	1567	1567	1568	1567	1567	1567	1567	1568	1567	1568	1568	1568	1567	1568	1568	1567	1568	1568	1567	1568	1568	1569	1568	1568	1568	1568	1568	1568	1569	1568	1568	1568	1568	1569	1568	1567	1568	1568	1568	1568	1568	1569	1568	1569	1568	1569	1568	1569	1569	1568	1568	1569	1569	1569	1568	1569	1568	1569	1569	1568	1568	1568	1569	1568	1568	1568	1568	1568	1567	1569	1568	1568	1568	1568	1568	1568	1568	1568	1569	1568	1568	1568	1568	1568	1568	1568	1568	1568	1568	1568	1568	1568	1568	1568
3146	540800	1568	1568	1568	1568	1569	1569	1568	1568	1569	1570	1569	1569	1569	1569	1569	1569	1569	1568	1568	1569	1569	1569	1569	1569	1569	1569	1569	1569	1569	1570	1570	1569	1569	1570	1569	1570	1569	1569	1569	1568	1569	1569	1569	1568	1568	1568	1568	1568	1570	1568	1569	1568	1569	1569	1568	1569	1568	1568	1568	1568	1568	1568	1568	1568	1568	1569	1568	1568	1568	1568	1568	1568	1568	1568	1569	1569	1569	1569	1569	1569	1568	1569	1569	1569	1569	1569	1569	1569	1569	1569	1568	1568	1569	1569	1569	1569	1569	1569	1569	1569	1569	1568	1568	1569	1569	1568	1569	1569	1569	1569	1569	1569	1568	1568	1568	1568	1568	1568	1569	1568	1569	1569	1569	1569	1569	1569	1570	1569
3147	541292	1569	1570	1569	1570	1570	1570	1570	1570	1570	1570	1570	1570	1570	1570	1569	1568	1569	1569	1569	1569	1569	1569	1569	1569	1569	1569	1569	1568	1569	1570	1569	1570	1569	1569	1569	1569	1569	1569	1569	1569	1569	1569	1568	1569	1568	1568	1568	1569	1569	1569	1568	1569	1569	1569	1569	1569	1569	1568	1569	1569	1570	1569	1568	1569	1569	1570	1568	1569	1569	1569	1569	1568	1568	1569	1569	1570	1568	1569	1569	1569	1569	1569	1569	1569	1569	1570	1569	1569	1570	1569	1569	1568	1570	1569	1569	1569	1569	1568	1568	1569	1569	1569	1569	1569	1569	1569	1569	1569	1569	1570	1569	1570	1569	1569	1569	1569	1569	1569	1569	1569	1569	1569	1568	1569	1569	1569	1569	1569
3148	541784	1570	1571	1569	1570	1570	1569	1570	1569	1569	1570	1570	1570	1570	1569	1569	1570	1570	1569	1569	1569	1570	1570	1569	1570	1570	1569	1569	1569	1570	1569	1570	1569	1570	1569	1570	1570	1570	1570	1570	1569	1569	1570	1570	1570	1569	1570	1570	1570	1571	1570	1570	1570	1570	1570	1570	1570	1570	1571	1570	1570	1570	1570	1570	1571	1570	1571	1570	1570	1570	1570	1570	1570	1570	1571	1570	1570	1570	1570	1570	1570	1570	1570	1570	1570	1570	1570	1570	1570	1570	1571	1569	1570	1570	1569	1571	1570	1570	1570	1569	1569	1569	1570	1570	1570	1570	1570	1569	1569	1570	1570	1569	1569	1569	1569	1569	1569	1569	1569	1569	1569	1569	1569	1569	1569	1569	1569	1569	1569
3149	542276	1570	1570	1570	1571	1572	1571	1570	1570	1571	1570	1570	1571	1570	1571	1570	1571	1570	1570	1570	1569	1569	1570	1570	1571	1569	1570	1570	1570	1570	1570	1571	1570	1570	1571	1570	1570	1570	1571	1570	1571	1571	1569	1569	1570	1570	1570	1570	1570	1570	1570	1570	1569	1570	1570	1571	1571	1570	1571	1570	1570	1570	1571	1570	1570	1570	1570	1570	1570	1570	1570	1570	1570	1570	1570	1570	1570	1570	1570	1569	1570	1570	1570	1569	1570	1570	1570	1571	1570	1570	1570	1570	1570	1570	1570	1570	1570	1570	1570	1570	1569	1570	1571	1570	1569	1570	1570	1570	1570	1570	1570	1570	1570	1570	1569	1570	1570	1570	1570	1569	1570	1570	1570	1570	1570	1570	1569	1570	1569
3150	542769	1570	1570	1570	1571	1571	1570	1570	1570	1571	1570	1571	1571	1570	1570	1570	1571	1570	1571	1571	1571	1570	1570	1571	1571	1571	1571	1571	1571	1570	1571	1571	1570	1570	1570	1570	1571	1571	1570	1571	1570	1571	1571	1570	1571	1571	1571	1570	1571	1570	1570	1570	1570	1571	1570	1571	1571	1570	1571	1570	1570	1570	1570	1570	1570	1570	1570	1571	1571	1570	1571	1571	1571	1571	1571	1571	1571	1571	1571	1571	1571	1571	1571	1571	1571	1571	1570	1571	1571	1571	1571	1571	1571	1572	1571	1571	1570	1571	1571	1571	1571	1570	1571	1570	1570	1570	1571	1571	1570	1571	1571	1571	1571	1570	1570	1570	1570	1571	1571	1570	1571	1571	1570	1570	1570	1571	1570	1570	1570
3151	543261	1571	1572	1571	1571	1571	1572	1572	1571	1572	1571	1571	1571	1571	1572	1571	1572	1572	1571	1572	1571	1572	1571	1571	1571	1571	1572	1572	1571	1571	1571	1571	1571	1571	1572	1571	1571	1571	1571	1571	1571	1571	1572	1571	1571	1571	1571	1572	1571	1571	1571	1570	1571	1571	1572	1570	1571	1571	1571	1572	1571	1571	1570	1571	1570	1571	1570	1571	1570	1571	1570	1571	1570	1571	1571	1571	1571	1571	1571	1572	1571	1571	1571	1571	1572	1571	1571	1571	1571	1572	1571	1572	1572	1572	1571	1572	1571	1572	1572	1572	1572	1571	1572	1572	1572	1571	1571	1571	1571	1571	1571	1571	1572	1571	1571	1572	1571	1571	1572	1572	1571	1571	1571	1571	1571	1571	1571	1572	1571
3152	543753	1572	1572	1572	1572	1572	1573	1572	1572	1572	1572	1571	1572	1572	1571	1572	1572	1572	1571	1571	1572	1572	1572	1572	1572	1572	1571	1572	1572	1571	1571	1571	1572	1571	1571	1572	1571	1571	1572	1572	1572	1572	1572	1572	1572	1572	1572	1572	1572	1572	1571	1571	1571	1572	1571	1571	1571	1572	1571	1570	1571	1571	1572	1571	1571	1572	1571	1572	1572	1572	1572	1572	1572	1572	1571	1572	1572	1572	1571	1571	1572	1572	1573	1572	1572	1572	1572	1572	1572	1572	1572	1572	1573	1572	1572	1573	1572	1573	1572	1573	1572	1572	1573	1572	1572	1572	1573	1572	1572	1572	1572	1572	1572	1572	1572	1572	1572	1571	1571	1571	1571	1571	1570	1571	1571	1571	1571	1571	1571
3153	544246	1572	1572	1572	1573	1572	1573	1572	1572	1572	1572	1572	1573	1572	1572	1572	1572	1572	1572	1572	1572	1572	1572	1572	1573	1573	1572	1572	1572	1572	1573	1572	1572	1572	1572	1572	1572	1572	1572	1572	1572	1572	1572	1572	1572	1572	1572	1572	1572	1572	1572	1571	1572	1572	1571	1572	1572	1573	1573	1572	1572	1572	1572	1572	1572	1573	1572	1572	1572	1572	1572	1572	1573	1573	1572	1573	1572	1572	1572	1572	1572	1572	1573	1572	1573	1572	1572	1572	1572	1573	1571	1573	1572	1572	1573	1571	1572	1572	1572	1573	1571	1572	1573	1573	1572	1571	1572	1572	1572	1572	1572	1572	1573	1572	1572	1571	1572	1572	1572	1572	1572	1572	1572	1572	1572	1572	1572	1572	1573
3154	544738	1573	1573	1572	1573	1573	1572	1573	1573	1573	1573	1572	1572	1573	1572	1573	1573	1572	1572	1573	1573	1573	1573	1573	1572	1573	1573	1572	1574	1573	1573	1573	1572	1572	1572	1573	1572	1573	1573	1572	1572	1572	1572	1572	1573	1572	1573	1572	1573	1573	1573	1573	1572	1572	1573	1573	1572	1572	1572	1572	1572	1572	1572	1572	1572	1572	1572	1572	1572	1573	1573	1573	1573	1572	1573	1572	1573	1573	1572	1573	1572	1572	1572	1572	1573	1572	1573	1573	1573	1572	1573	1573	1574	1573	1573	1573	1573	1573	1573	1573	1573	1573	1573	1573	1572	1572	1573	1573	1572	1572	1573	1572	1572	1572	1573	1572	1573	1572	1572	1572	1573	1573	1572	1572	1573	1571	1572	1572	1573
3155	545230	1574	1573	1573	1574	1574	1573	1573	1573	1573	1574	1573	1573	1573	1573	1573	1573	1574	1573	1574	1574	1573	1574	1573	1574	1573	1573	1573	1573	1573	1573	1572	1573	1573	1573	1573	1573	1573	1573	1573	1573	1573	1573	1572	1573	1573	1573	1572	1573	1574	1573	1573	1573	1573	1573	1573	1573	1572	1572	1573	1573	1573	1572	1573	1573	1574	1573	1574	1573	1573	1573	1573	1573	1574	1573	1574	1574	1574	1574	1573	1573	1574	1574	1574	1574	1574	1574	1573	1573	1574	1573	1573	1573	1574	1573	1573	1573	1574	1574	1573	1574	1572	1573	1573	1573	1573	1572	1572	1572	1573	1573	1572	1573	1572	1573	1572	1573	1573	1573	1573	1572	1572	1573	1572	1573	1573	1573	1573	1573
3156	545723	1574	1574	1574	1574	1573	1574	1574	1574	1574	1574	1574	1574	1573	1574	1574	1574	1574	1575	1574	1574	1574	1574	1574	1573	1574	1574	1574	1574	1574	1574	1574	1574	1574	1574	1574	1574	1574	1574	1573	1574	1574	1574	1573	1574	1574	1574	1573	1573	1574	1574	1576	1573	1574	1574	1574	1574	1574	1574	1574	1573	1573	1574	1574	1574	1574	1574	1574	1574	1574	1574	1573	1575	1574	1574	1574	1574	1575	1574	1574	1574	1574	1574	1573	1574	1574	1573	1574	1573	1574	1574	1574	1574	1573	1574	1574	1573	1573	1573	1574	1573	1574	1574	1573	1574	1573	1573	1574	1574	1574	1573	1574	1574	1574	1574	1574	1574	1574	1575	1574	1573	1574	1573	1573	1574	1573	1574	1573	1573
3157	546215	1574	1575	1575	1574	1575	1574	1574	1574	1574	1575	1574	1575	1574	1574	1574	1574	1574	1574	1574	1574	1574	1574	1574	1575	1574	1574	1574	1574	1574	1573	1574	1574	1573	1574	1574	1574	1574	1574	1573	1573	1574	1574	1574	1574	1574	1574	1574	1575	1574	1574	1574	1575	1574	1574	1573	1574	1574	1574	1574	1574	1574	1574	1575	1575	1574	1574	1574	1575	1575	1574	1575	1574	1574	1573	1574	1575	1574	1575	1573	1574	1574	1574	1574	1574	1573	1574	1574	1574	1574	1574	1574	1574	1574	1574	1574	1574	1574	1574	1574	1574	1573	1574	1574	1574	1574	1573	1573	1574	1573	1574	1574	1574	1574	1573	1574	1573	1574	1574	1573	1574	1574	1574	1574	1574	1575	1574	1575	1574
3158	546707	1574	1575	1574	1574	1575	1575	1575	1574	1575	1575	1575	1575	1575	1574	1574	1574	1574	1574	1574	1574	1574	1574	1575	1574	1574	1575	1574	1574	1574	1574	1575	1574	1575	1574	1574	1575	1575	1575	1575	1574	1574	1575	1575	1575	1574	1575	1574	1574	1574	1574	1574	1575	1574	1574	1574	1575	1575	1575	1574	1575	1575	1575	1576	1574	1575	1575	1575	1575	1574	1575	1574	1575	1575	1574	1575	1575	1575	1575	1575	1574	1575	1575	1575	1574	1575	1575	1575	1575	1574	1575	1574	1574	1574	1574	1574	1574	1574	1574	1574	1574	1574	1574	1574	1574	1573	1574	1574	1574	1575	1574	1575	1574	1574	1574	1575	1574	1575	1574	1574	1575	1574	1574	1574	1574	1574	1574	1575	1573
3159	547200	1575	1575	1575	1575	1575	1575	1575	1575	1575	1575	1574	1575	1575	1575	1575	1575	1575	1575	1575	1575	1576	1576	1575	1575	1575	1575	1575	1575	1575	1574	1575	1575	1575	1575	1575	1575	1575	1575	1575	1575	1575	1575	1575	1575	1575	1575	1575	1576	1575	1575	1576	1575	1576	1575	1575	1575	1576	1575	1575	1575	1575	1575	1575	1575	1575	1575	1575	1575	1575	1575	1575	1575	1575	1575	1575	1575	1575	1575	1575	1575	1575	1574	1575	1575	1574	1575	1575	1575	1575	1575	1575	1575	1575	1575	1575	1575	1575	1576	1575	1574	1575	1575	1575	1575	1575	1575	1574	1575	1575	1575	1575	1575	1575	1575	1576	1575	1575	1575	1575	1575	1576	1575	1575	1575	1575	1575	1575	1575
3160	547692	1576	1576	1576	1575	1576	1576	1575	1576	1575	1576	1575	1576	1576	1576	1576	1575	1576	1576	1576	1576	1576	1576	1575	1576	1576	1576	1576	1576	1576	1576	1575	1576	1576	1575	1576	1576	1576	1576	1575	1575	1575	1576	1576	1575	1575	1575	1575	1576	1576	1576	1576	1576	1575	1576	1576	1576	1575	1575	1576	1576	1576	1576	1575	1576	1575	1576	1576	1576	1575	1576	1576	1575	1575	1575	1576	1575	1575	1575	1575	1575	1575	1576	1575	1575	1576	1575	1575	1575	1575	1576	1575	1575	1575	1575	1576	1575	1575	1575	1575	1576	1576	1575	1576	1575	1576	1576	1576	1576	1576	1576	1576	1576	1575	1576	1576	1576	1576	1576	1577	1576	1575	1576	1576	1576	1576	1576	1576	1576
3161	548184	1576	1576	1575	1575	1576	1576	1576	1576	1576	1576	1576	1577	1576	1576	1576	1576	1576	1576	1576	1576	1576	1576	1576	1576	1574	1576	1576	1576	1576	1576	1576	1576	1576	1576	1576	1577	1577	1576	1577	1576	1576	1576	1576	1577	1576	1576	1576	1576	1576	1576	1577	1577	1576	1577	1576	1577	1576	1576	1577	1576	1576	1576	1575	1576	1576	1576	1576	1575	1576	1576	1576	1575	1576	1576	1576	1576	1576	1576	1576	1576	1576	1576	1576	1576	1577	1576	1576	1576	1576	1577	1576	1576	1576	1576	1576	1576	1576	1576	1576	1576	1576	1576	1576	1576	1577	1575	1576	1576	1577	1577	1577	1576	1576	1576	1576	1577	1576	1576	1577	1576	1576	1576	1576	1576	1576	1576	1576	1576
3162	548676	1576	1576	1576	1576	1576	1576	1575	1576	1576	1576	1576	1575	1576	1576	1576	1576	1575	1576	1576	1577	1576	1576	1577	1576	1576	1576	1576	1576	1576	1576	1576	1576	1577	1576	1576	1577	1576	1577	1576	1577	1577	1577	1577	1577	1577	1577	1577	1577	1576	1577	1577	1576	1577	1577	1577	1577	1577	1577	1577	1576	1576	1577	1576	1576	1576	1576	1577	1576	1576	1576	1576	1577	1577	1576	1576	1576	1577	1576	1577	1577	1577	1577	1576	1576	1576	1576	1577	1576	1577	1576	1577	1577	1576	1576	1576	1576	1576	1577	1577	1577	1577	1576	1577	1576	1576	1577	1576	1576	1576	1576	1577	1576	1577	1576	1579	1576	1576	1576	1577	1577	1577	1577	1577	1577	1577	1577	1576	1577
3163	549169	1577	1577	1577	1577	1577	1576	1577	1577	1577	1577	1576	1578	1577	1577	1577	1577	1578	1577	1577	1578	1577	1578	1577	1578	1578	1578	1577	1577	1578	1578	1577	1578	1578	1578	1578	1578	1578	1578	1577	1577	1577	1577	1577	1578	1577	1577	1577	1578	1578	1577	1577	1577	1577	1577	1577	1577	1577	1576	1577	1577	1577	1577	1577	1577	1577	1577	1577	1577	1577	1577	1577	1577	1577	1577	1577	1577	1577	1577	1577	1577	1578	1577	1577	1577	1578	1577	1577	1578	1577	1577	1578	1578	1578	1578	1578	1578	1577	1577	1577	1577	1577	1577	1577	1577	1577	1577	1577	1577	1577	1577	1577	1577	1577	1577	1577	1576	1576	1577	1577	1577	1577	1576	1577	1576	1576	1577	1577	1577
3164	549661	1578	1577	1578	1578	1578	1578	1578	1577	1577	1578	1577	1577	1577	1577	1577	1577	1577	1578	1577	1578	1577	1577	1577	1578	1577	1577	1577	1577	1577	1577	1577	1578	1577	1577	1577	1577	1576	1577	1577	1577	1577	1577	1577	1578	1577	1578	1578	1578	1578	1578	1578	1577	1578	1577	1577	1578	1578	1578	1578	1578	1577	1577	1578	1578	1578	1577	1577	1577	1577	1577	1577	1577	1578	1576	1577	1578	1577	1578	1577	1578	1577	1577	1577	1577	1577	1577	1576	1577	1577	1577	1577	1576	1577	1577	1576	1577	1577	1577	1576	1577	1577	1576	1577	1577	1576	1577	1577	1576	1577	1577	1578	1577	1577	1577	1577	1577	1577	1577	1577	1577	1579	1578	1578	1577	1577	1577	1577	1577
3165	550153	1578	1578	1577	1578	1577	1577	1577	1578	1578	1578	1578	1578	1578	1578	1578	1578	1579	1579	1579	1579	1579	1578	1579	1578	1578	1578	1578	1578	1578	1579	1578	1578	1579	1577	1578	1579	1578	1578	1578	1579	1578	1579	1578	1579	1579	1579	1579	1578	1578	1578	1578	1578	1578	1578	1578	1578	1577	1577	1578	1578	1578	1578	1578	1578	1578	1578	1578	1578	1578	1578	1578	1578	1578	1579	1578	1578	1577	1578	1578	1578	1578	1578	1578	1578	1578	1578	1579	1579	1578	1579	1578	1579	1579	1579	1579	1578	1578	1578	1579	1578	1579	1578	1579	1579	1579	1578	1579	1579	1578	1578	1578	1578	1578	1578	1578	1578	1578	1578	1578	1578	1578	1578	1578	1578	1577	1578	1577	1577
3166	550646	1579	1579	1578	1578	1579	1578	1579	1579	1579	1578	1579	1579	1579	1579	1579	1579	1579	1579	1578	1578	1578	1579	1578	1578	1579	1578	1578	1578	1578	1579	1578	1579	1578	1578	1578	1577	1578	1578	1578	1579	1578	1578	1578	1578	1579	1578	1578	1577	1578	1579	1578	1579	1578	1578	1578	1579	1579	1579	1579	1579	1578	1579	1579	1579	1579	1579	1579	1579	1579	1579	1579	1579	1579	1579	1578	1578	1579	1578	1579	1578	1578	1579	1578	1578	1579	1579	1579	1579	1580	1579	1578	1579	1579	1580	1579	1579	1578	1578	1578	1578	1579	1578	1578	1579	1578	1578	1579	1578	1579	1578	1578	1578	1579	1577	1578	1578	1578	1579	1578	1579	1579	1579	1579	1579	1579	1579	1578	1579
3167	551138	1580	1579	1579	1579	1579	1579	1579	1579	1579	1578	1579	1578	1579	1579	1579	1578	1579	1579	1578	1579	1579	1579	1579	1578	1579	1579	1579	1579	1579	1579	1579	1579	1579	1579	1578	1579	1578	1579	1578	1578	1579	1578	1578	1579	1579	1579	1580	1579	1579	1580	1579	1580	1579	1579	1579	1579	1579	1578	1579	1579	1579	1579	1579	1579	1579	1579	1579	1579	1579	1579	1579	1580	1579	1579	1579	1579	1579	1578	1579	1579	1578	1578	1578	1577	1577	1578	1578	1578	1578	1579	1579	1578	1578	1579	1578	1578	1579	1579	1579	1579	1579	1579	1579	1579	1577	1579	1578	1579	1579	1579	1579	1579	1578	1579	1578	1579	1579	1580	1580	1579	1581	1579	1580	1580	1580	1580	1579	1580
3168	551630	1580	1580	1581	1580	1580	1579	1580	1580	1581	1580	1580	1580	1579	1580	1579	1580	1580	1580	1580	1580	1580	1580	1579	1580	1578	1579	1578	1579	1580	1579	1579	1579	1580	1580	1579	1580	1579	1579	1579	1579	1580	1579	1580	1579	1579	1580	1580	1580	1580	1579	1580	1579	1580	1580	1579	1580	1580	1580	1579	1579	1579	1580	1580	1580	1580	1580	1580	1580	1580	1580	1579	1580	1580	1580	1580	1580	1579	1579	1579	1580	1579	1579	1579	1578	1579	1579	1579	1579	1579	1579	1580	1580	1580	1579	1580	1579	1580	1580	1579	1579	1579	1580	1580	1580	1580	1579	1580	1580	1579	1579	1579	1580	1580	1579	1579	1579	1579	1579	1580	1580	1579	1580	1579	1580	1580	1580	1580	1580
3169	552123	1581	1580	1581	1582	1580	1580	1581	1581	1580	1580	1580	1580	1580	1580	1580	1580	1580	1580	1580	1580	1580	1580	1580	1580	1580	1580	1580	1580	1580	1580	1580	1579	1580	1580	1579	1580	1580	1580	1579	1580	1580	1580	1580	1580	1580	1580	1580	1580	1580	1579	1581	1580	1580	1580	1579	1580	1580	1580	1580	1580	1580	1580	1580	1580	1580	1581	1580	1580	1580	1580	1580	1580	1580	1580	1580	1580	1579	1580	1580	1580	1581	1580	1580	1580	1580	1580	1580	1580	1580	1579	1579	1580	1579	1579	1579	1579	1580	1579	1580	1580	1579	1579	1579	1579	1579	1580	1579	1579	1579	1579	1579	1578	1579	1579	1578	1579	1579	1580	1579	1580	1580	1579	1580	1580	1580	1580	1580	1580
3170	552615	1580	1580	1580	1580	1580	1580	1580	1580	1580	1580	1580	1580	1581	1580	1580	1581	1580	1580	1580	1580	1581	1580	1581	1581	1581	1581	1580	1580	1581	1581	1581	1581	1581	1581	1581	1580	1581	1581	1580	1580	1580	1581	1580	1581	1580	1581	1581	1581	1581	1581	1581	1581	1580	1580	1580	1580	1581	1580	1580	1580	1580	1580	1580	1580	1580	1580	1580	1580	1581	1580	1580	1580	1580	1580	1580	1581	1580	1581	1580	1580	1581	1580	1580	1580	1580	1580	1580	1581	1580	1580	1580	1580	1581	1580	1581	1580	1580	1580	1580	1581	1580	1580	1580	1580	1580	1580	1580	1580	1580	1581	1580	1580	1580	1580	1581	1580	1581	1580	1580	1581	1580	1580	1580	1580	1581	1581	1580	1580
3171	553107	1581	1582	1581	1581	1581	1581	1582	1581	1581	1582	1581	1581	1581	1581	1581	1581	1581	1582	1582	1581	1581	1582	1582	1582	1581	1581	1580	1581	1580	1581	1581	1581	1582	1581	1581	1581	1581	1582	1582	1581	1581	1581	1581	1581	1581	1581	1581	1581	1581	1582	1581	1581	1581	1581	1582	1581	1581	1581	1581	1581	1581	1581	1581	1582	1581	1581	1581	1581	1581	1581	1581	1581	1581	1581	1581	1581	1581	1581	1581	1581	1581	1582	1582	1581	1581	1581	1581	1581	1581	1581	1581	1580	1580	1581	1581	1581	1581	1581	1581	1581	1580	1580	1580	1580	1581	1580	1580	1580	1580	1580	1580	1580	1580	1579	1580	1581	1580	1581	1580	1581	1581	1581	1581	1581	1581	1582	1581	1581
3172	553600	1582	1582	1582	1581	1582	1582	1582	1581	1582	1582	1581	1581	1580	1580	1581	1581	1581	1580	1580	1581	1581	1581	1581	1581	1581	1581	1581	1581	1580	1581	1581	1581	1581	1581	1581	1581	1581	1581	1581	1580	1580	1581	1581	1580	1580	1581	1581	1580	1582	1581	1581	1581	1581	1581	1581	1582	1583	1581	1581	1581	1582	1581	1581	1582	1581	1582	1582	1582	1583	1582	1582	1581	1582	1581	1582	1581	1582	1582	1581	1581	1582	1582	1582	1581	1581	1582	1581	1581	1581	1581	1582	1582	1581	1581	1581	1582	1581	1582	1581	1581	1582	1581	1581	1581	1581	1581	1581	1581	1582	1581	1582	1581	1581	1583	1581	1582	1581	1582	1581	1581	1581	1582	1582	1581	1581	1582	1581	1581
3173	554092	1581	1582	1582	1581	1581	1582	1582	1582	1582	1582	1581	1581	1582	1581	1581	1581	1581	1581	1581	1581	1581	1581	1582	1582	1581	1581	1581	1582	1582	1581	1581	1581	1582	1582	1583	1582	1581	1582	1582	1582	1582	1582	1582	1581	1582	1582	1582	1582	1582	1582	1582	1581	1582	1583	1582	1582	1582	1583	1582	1582	1583	1582	1582	1582	1582	1582	1582	1583	1582	1582	1582	1582	1582	1581	1582	1582	1582	1582	1582	1582	1582	1582	1582	1582	1581	1581	1582	1581	1581	1582	1581	1581	1581	1582	1582	1581	1582	1581	1581	1582	1582	1582	1581	1581	1582	1581	1581	1582	1581	1582	1581	1581	1581	1581	1582	1581	1581	1582	1581	1581	1582	1582	1582	1581	1582	1582	1582	1582
3174	554584	1583	1583	1583	1583	1583	1583	1583	1583	1583	1583	1583	1583	1583	1583	1583	1582	1583	1583	1583	1582	1583	1583	1583	1583	1583	1583	1582	1582	1583	1583	1583	1583	1582	1583	1582	1582	1583	1582	1583	1583	1583	1582	1582	1582	1582	1583	1582	1582	1583	1582	1583	1582	1582	1583	1582	1582	1582	1582	1582	1582	1582	1582	1582	1582	1583	1583	1582	1583	1583	1582	1582	1582	1582	1583	1582	1582	1582	1582	1582	1583	1582	1582	1583	1581	1583	1583	1582	1583	1582	1582	1583	1582	1582	1582	1583	1583	1582	1583	1582	1582	1583	1582	1582	1582	1582	1582	1582	1582	1583	1582	1583	1583	1582	1582	1582	1583	1583	1582	1582	1583	1582	1582	1582	1582	1582	1582	1582	1582
3175	555076	1583	1583	1583	1582	1583	1583	1583	1583	1583	1583	1583	1583	1583	1583	1583	1584	1583	1583	1583	1583	1583	1583	1583	1584	1584	1584	1583	1583	1583	1583	1583	1583	1583	1582	1584	1583	1584	1583	1583	1584	1583	1583	1583	1583	1583	1583	1583	1583	1584	1584	1583	1583	1583	1583	1583	1583	1583	1582	1582	1583	1583	1583	1582	1583	1583	1583	1583	1582	1583	1583	1583	1583	1583	1583	1583	1583	1583	1583	1583	1583	1583	1583	1583	1583	1583	1583	1582	1582	1582	1582	1583	1582	1583	1583	1583	1583	1583	1583	1583	1583	1583	1583	1583	1583	1582	1584	1582	1583	1583	1582	1583	1582	1583	1583	1583	1583	1582	1583	1583	1583	1583	1582	1583	1583	1583	1582	1582	1583
3176	555569	1583	1583	1583	1583	1583	1583	1583	1583	1583	1583	1583	1583	1583	1583	1584	1583	1583	1584	1583	1583	1583	1584	1583	1583	1584	1583	1584	1584	1584	1584	1583	1583	1582	1583	1583	1583	1584	1584	1583	1584	1583	1584	1583	1584	1584	1584	1583	1584	1584	1584	1584	1584	1583	1583	1584	1584	1584	1583	1583	1584	1583	1584	1584	1584	1583	1584	1584	1584	1584	1584	1583	1584	1584	1583	1584	1583	1584	1583	1583	1583	1583	1583	1583	1583	1583	1583	1583	1583	1583	1583	1583	1583	1583	1583	1583	1583	1583	1584	1584	1583	1583	1583	1583	1583	1583	1584	1583	1584	1583	1582	1584	1584	1583	1584	1583	1584	1583	1584	1584	1584	1583	1584	1583	1583	1584	1583	1584	1583
3177	556061	1583	1584	1583	1584	1584	1583	1584	1584	1583	1584	1584	1585	1584	1584	1584	1585	1584	1584	1584	1584	1584	1584	1584	1584	1585	1584	1584	1584	1585	1584	1584	1584	1584	1584	1584	1584	1584	1584	1584	1584	1584	1584	1584	1585	1584	1584	1583	1584	1583	1584	1584	1583	1584	1584	1583	1584	1583	1583	1584	1583	1584	1583	1584	1583	1583	1584	1583	1583	1584	1583	1584	1584	1584	1584	1583	1584	1584	1584	1584	1584	1584	1584	1584	1584	1584	1584	1584	1584	1584	1584	1584	1584	1585	1584	1584	1584	1584	1584	1584	1585	1584	1584	1584	1584	1584	1584	1584	1584	1583	1584	1584	1583	1584	1584	1584	1584	1583	1584	1583	1584	1584	1584	1584	1583	1584	1584	1584	1583
3178	556553	1584	1584	1585	1585	1585	1584	1584	1585	1585	1585	1585	1585	1585	1585	1585	1585	1586	1584	1585	1584	1584	1584	1584	1584	1584	1585	1584	1584	1584	1584	1584	1584	1584	1585	1584	1584	1584	1584	1584	1584	1585	1584	1584	1584	1584	1584	1584	1584	1584	1583	1584	1584	1584	1584	1584	1584	1583	1584	1584	1584	1584	1585	1585	1584	1585	1584	1584	1584	1584	1584	1584	1584	1584	1585	1584	1583	1584	1585	1585	1585	1585	1585	1585	1585	1585	1585	1585	1586	1585	1585	1585	1585	1584	1584	1584	1585	1584	1585	1585	1584	1584	1584	1585	1584	1585	1585	1584	1584	1585	1585	1585	1584	1585	1584	1584	1584	1584	1584	1585	1584	1584	1585	1584	1584	1585	1584	1584	1584
3179	557046	1585	1585	1585	1585	1585	1585	1585	1585	1584	1585	1585	1585	1585	1585	1585	1584	1585	1585	1585	1585	1585	1584	1585	1585	1585	1585	1584	1585	1584	1584	1585	1585	1585	1585	1585	1585	1585	1585	1585	1585	1585	1585	1585	1584	1583	1584	1585	1584	1584	1585	1585	1584	1584	1585	1585	1585	1585	1584	1585	1585	1586	1585	1585	1586	1585	1584	1585	1585	1584	1585	1585	1586	1585	1585	1585	1584	1585	1585	1585	1585	1584	1585	1585	1585	1586	1585	1585	1585	1585	1585	1585	1585	1585	1585	1584	1585	1585	1584	1585	1584	1585	1583	1586	1585	1585	1585	1585	1586	1584	1585	1585	1585	1585	1585	1585	1585	1584	1585	1585	1585	1586	1585	1585	1584	1585	1585	1585	1585
3180	557538	1585	1584	1585	1585	1585	1585	1585	1585	1585	1585	1585	1585	1585	1585	1585	1585	1585	1585	1585	1585	1585	1585	1585	1585	1584	1584	1585	1586	1584	1585	1585	1585	1585	1585	1586	1585	1585	1585	1585	1585	1585	1585	1585	1585	1585	1585	1585	1585	1585	1586	1585	1585	1585	1585	1585	1586	1585	1586	1586	1585	1586	1586	1586	1585	1585	1585	1585	1586	1585	1585	1585	1585	1585	1585	1586	1585	1585	1585	1585	1586	1585	1585	1585	1585	1586	1585	1585	1585	1585	1585	1585	1586	1585	1585	1586	1585	1585	1585	1585	1586	1585	1585	1585	1586	1585	1585	1586	1585	1585	1585	1586	1586	1585	1586	1586	1586	1586	1585	1585	1586	1586	1586	1585	1585	1585	1586	1585	1585
3181	558030	1585	1586	1586	1586	1586	1586	1585	1586	1585	1586	1586	1585	1586	1585	1586	1586	1585	1586	1586	1586	1586	1585	1586	1585	1586	1585	1585	1586	1586	1586	1586	1585	1586	1586	1585	1585	1585	1586	1585	1586	1585	1586	1585	1586	1586	1586	1587	1586	1587	1586	1586	1587	1585	1586	1587	1586	1586	1586	1586	1586	1586	1587	1586	1586	1586	1586	1586	1586	1586	1586	1586	1586	1586	1586	1586	1587	1587	1586	1586	1586	1587	1586	1587	1585	1585	1586	1586	1586	1585	1586	1586	1586	1586	1586	1586	1586	1586	1587	1585	1586	1586	1586	1586	1586	1586	1586	1586	1586	1586	1585	1585	1585	1586	1586	1585	1586	1585	1586	1586	1586	1586	1586	1586	1587	1587	1587	1586	1586
3182	558523	1586	1586	1586	1586	1587	1586	1587	1587	1586	1587	1587	1587	1587	1586	1586	1587	1586	1587	1587	1587	1586	1587	1587	1588	1587	1586	1587	1587	1587	1587	1587	1587	1587	1588	1587	1587	1587	1587	1587	1587	1586	1587	1586	1587	1586	1587	1587	1587	1587	1587	1587	1587	1586	1587	1586	1587	1586	1586	1587	1587	1586	1587	1587	1587	1586	1586	1586	1586	1587	1587	1587	1586	1586	1586	1587	1586	1586	1586	1586	1586	1586	1586	1586	1586	1586	1586	1585	1587	1586	1587	1587	1587	1587	1586	1587	1587	1587	1586	1587	1586	1586	1586	1587	1586	1586	1586	1586	1586	1587	1587	1586	1587	1586	1587	1586	1586	1586	1587	1588	1586	1587	1587	1586	1587	1587	1586	1586	1586
3183	559015	1587	1587	1587	1586	1587	1587	1587	1586	1587	1586	1586	1587	1587	1587	1586	1587	1587	1586	1587	1586	1586	1586	1586	1587	1586	1586	1587	1587	1587	1586	1586	1587	1586	1587	1587	1586	1586	1587	1587	1587	1586	1587	1587	1587	1586	1587	1586	1586	1587	1587	1586	1586	1586	1587	1587	1588	1587	1587	1587	1587	1587	1587	1587	1587	1587	1587	1587	1586	1587	1586	1587	1586	1586	1587	1585	1587	1587	1587	1587	1587	1587	1587	1587	1587	1587	1587	1587	1587	1587	1587	1587	1587	1588	1587	1587	1587	1587	1587	1587	1587	1587	1587	1587	1587	1587	1588	1587	1587	1586	1588	1587	1587	1589	1587	1587	1587	1587	1587	1587	1587	1587	1587	1587	1587	1587	1587	1587	1586
3184	559507	1587	1587	1588	1587	1588	1588	1588	1588	1587	1588	1588	1588	1588	1587	1588	1588	1588	1588	1588	1587	1587	1588	1587	1588	1587	1587	1587	1587	1588	1587	1587	1588	1587	1587	1588	1587	1587	1587	1588	1587	1588	1587	1587	1588	1587	1587	1587	1588	1587	1587	1587	1587	1587	1587	1587	1586	1587	1587	1587	1587	1587	1587	1587	1587	1587	1587	1588	1587	1588	1588	1587	1587	1588	1587	1587	1587	1587	1587	1588	1588	1587	1587	1587	1587	1587	1588	1587	1587	1587	1587	1588	1588	1588	1587	1588	1588	1588	1588	1587	1587	1588	1587	1587	1587	1587	1587	1586	1587	1587	1587	1586	1586	1587	1587	1586	1588	1587	1587	1587	1587	1587	1586	1587	1587	1587	1586	1587	1587
3185	560000	1588	1588	1588	1590	1588	1588	1588	1589	1588	1588	1588	1588	1588	1588	1588	1588	1588	1587	1588	1588	1588	1588	1587	1587	1588	1588	1588	1588	1587	1588	1587	1587	1587	1587	1587	1587	1587	1587	1587	1587	1587	1588	1587	1587	1587	1587	1588	1587	1587	1587	1587	1587	1588	1587	1588	1588	1587	1587	1588	1588	1587	1588	1588	1588	1587	1587	1588	1587	1587	1587	1587	1587	1587	1588	1587	1588	1588	1587	1588	1588	1588	1588	1587	1588	1588	1588	1588	1588	1588	1587	1588	1588	1587	1587	1588	1588	1587	1588	1588	1587	1588	1588	1588	1588	1587	1588	1588	1587	1587	1587	1588	1588	1588	1587	1587	1587	1587	1587	1587	1587	1587	1587	1587	1588	1587	1587	1587	1588
3186	560492	1588	1588	1588	1588	1588	1588	1589	1589	1588	1588	1589	1588	1588	1588	1588	1588	1588	1588	1588	1588	1588	1588	1588	1588	1588	1588	1588	1588	1588	1588	1588	1588	1588	1588	1589	1589	1589	1588	1588	1589	1588	1589	1588	1588	1588	1588	1589	1587	1589	1589	1588	1588	1588	1590	1589	1589	1589	1589	1589	1589	1589	1590	1589	1589	1589	1589	1589	1589	1589	1588	1589	1589	1589	1588	1588	1587	1588	1588	1588	1588	1589	1589	1589	1588	1588	1588	1588	1588	1587	1588	1588	1588	1588	1587	1589	1588	1588	1588	1587	1588	1588	1587	1588	1587	1587	1588	1588	1588	1588	1587	1588	1588	1588	1588	1588	1588	1588	1588	1588	1588	1588	1589	1588	1588	1588	1589	1589	1588
3187	560984	1588	1589	1589	1589	1589	1589	1589	1589	1588	1589	1589	1589	1589	1589	1589	1589	1589	1590	1590	1590	1589	1589	1590	1588	1589	1589	1589	1589	1589	1590	1589	1590	1589	1589	1589	1589	1589	1589	1589	1588	1589	1589	1589	1589	1589	1589	1589	1588	1588	1589	1589	1588	1588	1588	1588	1589	1589	1588	1589	1588	1588	1589	1588	1589	1588	1588	1588	1588	1588	1589	1588	1588	1588	1588	1588	1589	1589	1588	1589	1588	1589	1588	1588	1588	1588	1588	1589	1588	1588	1589	1589	1590	1589	1589	1589	1589	1589	1589	1588	1589	1589	1589	1589	1589	1589	1589	1590	1589	1589	1588	1589	1589	1590	1590	1587	1589	1589	1590	1589	1590	1589	1588	1589	1588	1588	1589	1589	1589
3188	561476	1590	1589	1589	1589	1589	1590	1589	1589	1589	1589	1589	1589	1588	1589	1589	1589	1590	1590	1590	1589	1590	1589	1590	1590	1589	1590	1590	1590	1590	1590	1589	1590	1590	1588	1590	1589	1589	1589	1589	1589	1590	1589	1589	1590	1589	1589	1590	1590	1589	1590	1589	1589	1590	1590	1589	1589	1589	1588	1588	1589	1589	1590	1589	1589	1590	1589	1589	1588	1589	1589	1589	1588	1588	1589	1589	1590	1589	1590	1590	1590	1590	1589	1590	1589	1590	1590	1589	1589	1589	1589	1589	1590	1590	1589	1590	1590	1590	1589	1590	1590	1590	1590	1590	1590	1591	1590	1590	1590	1589	1590	1590	1589	1589	1589	1589	1589	1589	1589	1589	1589	1590	1590	1589	1590	1590	1589	1590	1589
3189	561969	1590	1590	1590	1590	1590	1590	1590	1590	1591	1590	1589	1590	1590	1590	1589	1590	1590	1591	1590	1590	1590	1590	1590	1590	1590	1590	1591	1590	1590	1590	1591	1590	1589	1590	1590	1590	1590	1589	1590	1589	1590	1590	1590	1590	1590	1590	1590	1590	1590	1590	1590	1590	1590	1589	1590	1590	1590	1589	1589	1590	1589	1590	1590	1589	1589	1590	1590	1589	1590	1590	1590	1590	1589	1590	1590	1590	1589	1590	1590	1590	1591	1590	1590	1590	1590	1590	1589	1590	1589	1590	1590	1590	1590	1590	1590	1590	1590	1591	1590	1590	1590	1590	1591	1591	1590	1590	1590	1590	1589	1590	1590	1590	1590	1590	1590	1590	1590	1589	1591	1590	1591	1590	1590	1590	1590	1590	1591	1590
3190	562461	1590	1589	1590	1590	1590	1591	1590	1590	1590	1591	1591	1590	1591	1590	1591	1590	1590	1591	1590	1591	1591	1590	1590	1591	1591	1590	1591	1590	1590	1591	1591	1591	1590	1591	1591	1591	1591	1591	1591	1590	1590	1591	1590	1590	1590	1590	1589	1590	1591	1590	1590	1590	1590	1590	1591	1590	1591	1590	1591	1591	1590	1591	1591	1591	1590	1590	1591	1590	1591	1590	1591	1590	1590	1591	1590	1590	1590	1590	1590	1590	1590	1591	1590	1590	1590	1590	1590	1590	1591	1591	1591	1591	1591	1591	1591	1591	1591	1591	1591	1591	1590	1590	1591	1591	1590	1589	1590	1590	1590	1590	1590	1590	1591	1590	1590	1590	1590	1590	1590	1589	1590	1589	1590	1590	1590	1589	1589	1589
3191	562953	1591	1590	1590	1590	1590	1590	1590	1591	1590	1591	1590	1590	1591	1590	1590	1591	1590	1590	1590	1591	1591	1591	1590	1590	1591	1591	1591	1591	1591	1591	1590	1590	1590	1590	1591	1590	1590	1591	1591	1591	1591	1591	1591	1591	1591	1591	1592	1591	1591	1591	1591	1591	1591	1591	1591	1591	1591	1591	1591	1591	1591	1591	1591	1591	1591	1591	1591	1591	1591	1591	1591	1592	1591	1591	1590	1591	1590	1590	1590	1591	1590	1590	1591	1590	1591	1590	1590	1590	1590	1590	1590	1590	1591	1590	1590	1590	1590	1590	1591	1590	1590	1591	1589	1591	1591	1591	1591	1591	1591	1591	1590	1591	1591	1592	1590	1591	1591	1591	1591	1591	1590	1591	1592	1591	1591	1591	1591	1591
3192	563446	1591	1592	1591	1592	1591	1592	1591	1591	1592	1591	1592	1592	1592	1592	1592	1591	1592	1591	1592	1591	1592	1592	1592	1592	1591	1591	1591	1591	1592	1591	1591	1591	1592	1592	1591	1591	1592	1591	1591	1591	1591	1591	1591	1591	1591	1591	1592	1591	1591	1591	1591	1591	1591	1591	1591	1591	1590	1591	1591	1591	1591	1591	1591	1591	1590	1590	1590	1591	1591	1591	1591	1591	1591	1590	1591	1591	1591	1591	1591	1591	1591	1592	1592	1591	1591	1591	1591	1592	1591	1591	1591	1591	1591	1591	1591	1592	1592	1591	1591	1591	1591	1591	1592	1591	1592	1593	1592	1592	1590	1591	1591	1591	1591	1591	1591	1591	1592	1591	1591	1591	1591	1592	1592	1591	1591	1591	1592	1591
3193	563938	1592	1592	1592	1592	1593	1592	1592	1592	1592	1592	1591	1591	1592	1592	1592	1592	1592	1592	1592	1592	1592	1592	1592	1592	1591	1591	1592	1591	1591	1591	1592	1592	1592	1592	1592	1592	1591	1592	1592	1592	1592	1592	1592	1592	1592	1592	1592	1592	1592	1592	1593	1592	1592	1592	1592	1592	1592	1592	1592	1592	1592	1593	1593	1593	1593	1592	1593	1592	1592	1592	1592	1592	1592	1591	1592	1592	1592	1592	1592	1592	1592	1592	1592	1592	1591	1592	1591	1592	1591	1592	1592	1591	1592	1591	1592	1591	1592	1592	1591	1591	1592	1592	1592	1592	1592	1592	1592	1592	1592	1592	1592	1592	1592	1591	1592	1592	1593	1592	1592	1592	1592	1592	1593	1592	1593	1592	1592	1592
3194	564430	1592	1593	1593	1593	1592	1592	1592	1592	1592	1592	1592	1592	1592	1592	1592	1592	1592	1591	1592	1592	1592	1592	1593	1592	1592	1592	1592	1592	1593	1592	1592	1593	1592	1592	1593	1592	1592	1592	1592	1593	1592	1592	1592	1592	1592	1592	1593	1593	1594	1593	1592	1592	1592	1593	1593	1593	1593	1592	1593	1592	1592	1593	1592	1592	1592	1593	1593	1593	1592	1592	1592	1593	1593	1593	1592	1592	1593	1592	1592	1592	1591	1592	1591	1592	1591	1592	1592	1592	1591	1592	1592	1591	1592	1592	1592	1592	1592	1592	1592	1592	1592	1592	1592	1592	1592	1592	1592	1592	1592	1592	1591	1592	1591	1592	1592	1591	1592	1592	1592	1592	1593	1592	1593	1592	1592	1593	1592	1593
3195	564923	1592	1592	1593	1592	1593	1592	1592	1592	1593	1593	1593	1592	1592	1592	1593	1592	1593	1592	1592	1593	1592	1593	1593	1593	1593	1593	1593	1593	1593	1593	1593	1593	1593	1593	1593	1593	1593	1593	1593	1593	1593	1593	1593	1593	1593	1594	1593	1593	1593	1593	1593	1593	1592	1592	1592	1593	1593	1593	1593	1593	1592	1592	1592	1593	1593	1592	1593	1593	1592	1593	1593	1593	1593	1592	1593	1593	1592	1592	1592	1593	1593	1593	1593	1593	1593	1593	1593	1593	1593	1593	1593	1593	1592	1592	1593	1593	1593	1593	1593	1593	1593	1594	1594	1594	1593	1593	1594	1594	1593	1593	1593	1593	1593	1593	1594	1593	1594	1593	1593	1593	1593	1593	1593	1593	1593	1593	1593	1593
3196	565415	1593	1592	1593	1593	1594	1594	1593	1593	1593	1593	1594	1593	1593	1593	1594	1593	1593	1594	1593	1593	1593	1593	1593	1593	1593	1593	1592	1593	1593	1592	1593	1593	1593	1593	1594	1593	1594	1594	1593	1593	1593	1593	1593	1593	1593	1593	1593	1593	1593	1593	1593	1593	1593	1593	1593	1593	1593	1593	1593	1593	1593	1594	1592	1593	1593	1593	1593	1593	1593	1592	1593	1593	1593	1593	1593	1593	1594	1593	1592	1593	1593	1593	1593	1592	1593	1593	1593	1593	1593	1593	1593	1593	1594	1593	1593	1593	1593	1594	1593	1593	1593	1593	1593	1593	1593	1593	1592	1593	1592	1594	1592	1592	1593	1592	1593	1593	1593	1593	1593	1593	1593	1593	1594	1593	1593	1593	1593	1593
3197	565907	1593	1594	1594	1593	1593	1593	1593	1594	1594	1593	1593	1593	1594	1593	1593	1593	1594	1593	1593	1594	1594	1593	1593	1594	1593	1594	1594	1594	1593	1593	1594	1593	1593	1594	1594	1594	1594	1593	1594	1594	1593	1594	1593	1593	1593	1593	1594	1593	1593	1594	1593	1593	1594	1593	1594	1594	1593	1593	1593	1593	1593	1593	1594	1593	1593	1594	1594	1594	1594	1594	1594	1593	1594	1593	1594	1593	1593	1593	1594	1593	1594	1594	1594	1593	1594	1594	1593	1593	1594	1594	1593	1593	1594	1595	1594	1594	1594	1594	1595	1594	1594	1594	1594	1594	1594	1594	1594	1594	1594	1594	1593	1594	1594	1595	1595	1595	1594	1594	1595	1594	1594	1594	1594	1594	1594	1595	1593	1594
3198	566400	1595	1594	1594	1595	1595	1595	1594	1595	1594	1594	1595	1593	1594	1594	1594	1594	1594	1595	1595	1594	1594	1594	1594	1594	1593	1594	1593	1594	1594	1594	1593	1594	1593	1593	1594	1593	1594	1594	1593	1594	1593	1594	1594	1593	1594	1594	1594	1593	1594	1594	1594	1594	1594	1594	1595	1594	1595	1594	1594	1594	1594	1594	1594	1594	1594	1594	1594	1594	1594	1595	1594	1595	1595	1594	1594	1594	1594	1594	1594	1594	1594	1595	1594	1594	1594	1595	1594	1594	1594	1594	1595	1594	1594	1594	1594	1594	1594	1595	1594	1595	1594	1594	1594	1594	1594	1594	1594	1594	1594	1593	1595	1594	1594	1594	1594	1594	1594	1594	1594	1594	1595	1594	1595	1595	1595	1595	1594	1595
3199	566892	1594	1595	1595	1594	1594	1594	1594	1595	1594	1595	1594	1594	1594	1594	1595	1594	1594	1595	1594	1595	1595	1595	1596	1595	1595	1595	1595	1594	1595	1594	1594	1594	1595	1594	1595	1595	1594	1594	1595	1594	1595	1594	1595	1595	1595	1595	1595	1595	1595	1595	1595	1595	1594	1595	1594	1595	1595	1595	1595	1594	1595	1594	1595	1595	1594	1594	1594	1595	1595	1594	1595	1595	1595	1595	1594	1594	1594	1595	1594	1595	1595	1594	1595	1594	1595	1594	1594	1595	1594	1594	1595	1594	1595	1594	1595	1595	1595	1595	1595	1595	1595	1595	1595	1595	1595	1595	1595	1595	1595	1595	1595	1594	1594	1594	1594	1595	1594	1595	1595	1595	1595	1594	1594	1595	1595	1595	1595	1595
3200	567384	1596	1596	1596	1596	1596	1595	1596	1596	1596	1596	1596	1596	1595	1595	1596	1596	1596	1596	1596	1596	1595	1595	1596	1595	1595	1595	1595	1595	1596	1595	1595	1595	1595	1595	1595	1595	1595	1596	1595	1595	1595	1594	1595	1595	1595	1595	1595	1595	1595	1595	1596	1595	1595	1595	1595	1595	1595	1595	1595	1595	1595	1596	1595	1595	1595	1595	1594	1595	1595	1595	1595	1595	1595	1595	1594	1595	1595	1595	1595	1595	1595	1595	1594	1595	1595	1595	1596	1595	1595	1595	1595	1595	1594	1595	1595	1596	1595	1594	1595	1595	1595	1595	1594	1594	1594	1594	1594	1595	1594	1595	1595	1595	1595	1595	1595	1596	1595	1595	1595	1595	1595	1595	1595	1594	1594	1596	1595	1595
3201	567876	1595	1596	1595	1595	1595	1595	1595	1595	1596	1595	1596	1596	1595	1595	1595	1596	1596	1596	1596	1596	1595	1596	1596	1596	1595	1596	1596	1596	1596	1596	1596	1596	1596	1596	1596	1596	1596	1596	1596	1596	1596	1597	1596	1596	1596	1596	1596	1596	1595	1595	1595	1596	1595	1596	1595	1596	1596	1596	1596	1596	1596	1596	1596	1596	1596	1596	1596	1596	1595	1595	1596	1596	1595	1596	1595	1595	1596	1596	1595	1595	1596	1596	1595	1596	1596	1597	1596	1596	1596	1597	1596	1595	1596	1596	1597	1596	1595	1596	1596	1597	1596	1596	1596	1596	1595	1595	1596	1596	1595	1595	1595	1596	1595	1596	1596	1596	1596	1596	1596	1596	1596	1595	1595	1595	1595	1596	1595	1595
3202	568369	1596	1597	1596	1597	1596	1597	1597	1597	1596	1597	1596	1596	1596	1596	1596	1596	1597	1597	1597	1597	1596	1596	1597	1596	1596	1596	1596	1596	1596	1596	1596	1596	1597	1596	1597	1596	1596	1597	1596	1597	1597	1596	1596	1596	1596	1596	1595	1596	1596	1596	1596	1596	1596	1596	1596	1596	1596	1596	1596	1596	1596	1597	1596	1597	1596	1596	1597	1596	1596	1596	1596	1596	1596	1596	1596	1596	1597	1596	1597	1597	1596	1597	1597	1597	1596	1596	1596	1596	1596	1596	1596	1597	1596	1597	1596	1596	1596	1596	1596	1596	1596	1596	1595	1596	1596	1596	1596	1596	1596	1596	1596	1596	1596	1596	1596	1596	1596	1596	1595	1596	1596	1596	1596	1595	1596	1596	1596	1596
3203	568861	1597	1597	1596	1596	1596	1597	1597	1597	1596	1597	1597	1597	1597	1597	1597	1596	1596	1596	1595	1597	1596	1596	1596	1596	1596	1597	1596	1596	1596	1596	1597	1597	1596	1596	1597	1597	1597	1597	1597	1597	1597	1597	1596	1597	1597	1597	1598	1596	1597	1597	1597	1597	1597	1598	1597	1597	1599	1597	1598	1597	1597	1597	1597	1597	1597	1597	1597	1597	1597	1596	1596	1597	1597	1597	1596	1596	1597	1597	1596	1597	1596	1596	1597	1597	1596	1597	1598	1597	1597	1597	1597	1597	1597	1596	1597	1597	1596	1596	1597	1596	1597	1596	1597	1597	1597	1597	1597	1597	1597	1597	1598	1597	1597	1597	1598	1598	1597	1598	1597	1597	1597	1597	1597	1597	1598	1598	1597	1598
3204	569353	1597	1597	1597	1597	1597	1596	1596	1597	1597	1597	1597	1597	1597	1597	1597	1597	1597	1597	1597	1596	1597	1597	1597	1597	1597	1596	1597	1597	1597	1597	1597	1597	1597	1597	1597	1597	1597	1597	1597	1597	1597	1597	1597	1597	1597	1597	1598	1597	1597	1597	1597	1597	1597	1597	1597	1596	1597	1597	1597	1597	1597	1597	1597	1596	1597	1597	1596	1597	1597	1596	1597	1598	1598	1597	1597	1598	1598	1598	1597	1597	1597	1597	1599	1597	1597	1597	1597	1598	1597	1597	1597	1598	1597	1598	1597	1598	1598	1597	1598	1598	1597	1598	1598	1598	1597	1597	1598	1597	1597	1596	1597	1597	1597	1597	1595	1597	1597	1597	1598	1597	1597	1597	1597	1597	1597	1596	1597	1596
3205	569846	1598	1598	1598	1597	1597	1597	1597	1599	1597	1598	1597	1597	1597	1597	1598	1598	1597	1597	1598	1598	1597	1598	1598	1597	1598	1598	1596	1598	1598	1598	1597	1597	1598	1598	1598	1597	1598	1598	1598	1598	1598	1598	1597	1597	1597	1597	1598	1597	1598	1597	1597	1598	1597	1597	1598	1597	1598	1597	1598	1598	1598	1598	1597	1598	1598	1597	1598	1597	1598	1597	1598	1598	1598	1598	1598	1598	1598	1598	1598	1598	1598	1598	1598	1598	1598	1598	1598	1598	1598	1597	1598	1598	1598	1598	1598	1597	1598	1598	1598	1598	1598	1598	1597	1598	1598	1599	1599	1599	1597	1598	1598	1597	1598	1598	1597	1598	1598	1598	1598	1598	1598	1600	1598	1598	1597	1598	1598	1597
3206	570338	1598	1598	1598	1598	1599	1598	1598	1598	1599	1599	1599	1599	1598	1599	1599	1599	1599	1599	1598	1598	1598	1597	1598	1598	1598	1598	1598	1598	1598	1599	1598	1598	1599	1598	1597	1597	1598	1598	1598	1598	1598	1598	1598	1598	1598	1598	1598	1597	1597	1597	1598	1598	1597	1598	1598	1598	1598	1598	1599	1598	1598	1599	1599	1599	1599	1599	1599	1599	1598	1598	1598	1598	1599	1598	1599	1599	1599	1599	1598	1599	1598	1598	1598	1598	1598	1598	1598	1598	1598	1598	1598	1598	1598	1598	1599	1598	1598	1597	1598	1598	1597	1598	1597	1598	1598	1597	1597	1598	1598	1598	1597	1598	1598	1598	1598	1597	1598	1598	1598	1598	1598	1598	1598	1598	1598	1598	1599	1598
3207	570830	1598	1597	1598	1599	1599	1599	1598	1599	1598	1598	1598	1598	1597	1598	1598	1598	1598	1598	1598	1598	1598	1598	1598	1598	1599	1598	1598	1598	1598	1598	1598	1599	1599	1598	1599	1599	1599	1599	1598	1599	1599	1598	1599	1599	1599	1599	1600	1600	1599	1599	1599	1599	1599	1599	1599	1599	1597	1598	1599	1599	1598	1599	1599	1598	1599	1599	1598	1598	1598	1598	1598	1598	1598	1598	1598	1599	1599	1598	1599	1598	1599	1598	1598	1599	1598	1598	1598	1597	1598	1598	1599	1598	1598	1598	1598	1598	1598	1598	1598	1598	1599	1598	1598	1598	1599	1599	1599	1599	1599	1600	1600	1599	1600	1599	1599	1600	1599	1599	1599	1599	1599	1598	1599	1599	1600	1600	1599	1599
3208	571323	1599	1599	1599	1599	1599	1599	1599	1599	1598	1599	1599	1599	1599	1598	1599	1599	1599	1599	1598	1598	1599	1598	1598	1599	1599	1599	1599	1600	1599	1600	1599	1599	1599	1599	1598	1599	1599	1599	1599	1599	1600	1599	1599	1600	1599	1600	1600	1601	1600	1599	1600	1599	1599	1600	1599	1600	1599	1599	1600	1599	1600	1599	1599	1599	1600	1599	1599	1600	1600	1599	1600	1599	1600	1599	1599	1600	1599	1599	1598	1599	1599	1599	1599	1598	1598	1599	1598	1599	1598	1599	1598	1599	1599	1599	1599	1599	1599	1599	1599	1600	1599	1599	1599	1599	1599	1598	1599	1600	1599	1599	1599	1599	1599	1600	1600	1599	1600	1599	1600	1599	1600	1600	1601	1600	1599	1599	1599	1599
3209	571815	1599	1599	1600	1599	1600	1599	1600	1600	1600	1600	1600	1600	1600	1600	1600	1600	1601	1600	1600	1600	1600	1600	1600	1600	1599	1600	1600	1599	1599	1600	1599	1599	1600	1600	1601	1600	1600	1599	1600	1600	1600	1599	1600	1599	1600	1599	1599	1600	1599	1600	1600	1599	1600	1598	1600	1599	1599	1599	1599	1600	1599	1599	1599	1599	1600	1600	1600	1600	1600	1600	1600	1599	1600	1599	1600	1599	1600	1600	1600	1600	1599	1600	1599	1600	1600	1600	1600	1600	1600	1600	1600	1601	1600	1600	1600	1600	1600	1600	1600	1600	1600	1600	1600	1600	1599	1600	1600	1600	1600	1600	1600	1600	1600	1601	1599	1600	1600	1599	1600	1599	1599	1600	1599	1599	1599	1599	1599	1599
3210	572307	1600	1600	1601	1601	1601	1600	1601	1601	1600	1601	1601	1600	1600	1600	1601	1600	1600	1600	1600	1600	1601	1600	1601	1600	1600	1601	1601	1601	1601	1600	1601	1600	1601	1599	1600	1600	1600	1600	1600	1600	1600	1600	1600	1600	1600	1600	1600	1600	1599	1600	1600	1601	1600	1600	1600	1600	1600	1600	1600	1600	1599	1599	1600	1600	1600	1600	1600	1600	1600	1600	1601	1600	1600	1601	1600	1601	1601	1601	1600	1600	1601	1600	1601	1601	1600	1600	1601	1601	1600	1600	1600	1601	1601	1600	1601	1600	1599	1600	1601	1601	1600	1600	1601	1600	1600	1600	1600	1600	1600	1600	1600	1600	1600	1600	1600	1600	1599	1600	1600	1600	1600	1600	1600	1600	1600	1600	1600	1600
3211	572800	1601	1601	1600	1600	1601	1600	1600	1600	1600	1600	1600	1600	1601	1601	1600	1601	1601	1601	1601	1600	1600	1601	1601	1602	1600	1600	1600	1600	1600	1600	1600	1601	1600	1601	1601	1600	1600	1600	1600	1601	1600	1601	1601	1601	1601	1601	1601	1601	1601	1601	1601	1600	1601	1600	1600	1601	1600	1600	1600	1601	1601	1601	1600	1601	1600	1600	1600	1600	1601	1600	1600	1600	1601	1600	1601	1601	1600	1600	1600	1600	1603	1600	1600	1600	1601	1600	1600	1600	1600	1601	1600	1600	1600	1600	1601	1600	1600	1600	1600	1600	1600	1600	1600	1600	1601	1600	1601	1600	1600	1601	1600	1600	1600	1600	1601	1601	1601	1601	1601	1601	1601	1601	1601	1601	1601	1602	1601	1601
3212	573292	1600	1601	1601	1600	1601	1601	1601	1601	1601	1602	1601	1601	1601	1601	1602	1601	1601	1601	1601	1601	1601	1601	1601	1601	1601	1601	1601	1602	1601	1602	1602	1602	1601	1601	1601	1602	1601	1602	1602	1601	1602	1602	1602	1601	1601	1601	1601	1600	1601	1601	1601	1602	1601	1602	1601	1602	1601	1601	1601	1601	1601	1601	1600	1600	1601	1601	1601	1601	1601	1600	1601	1601	1601	1601	1601	1601	1601	1601	1601	1601	1601	1601	1601	1601	1601	1601	1601	1601	1601	1601	1600	1601	1601	1601	1601	1600	1601	1601	1602	1601	1601	1601	1601	1602	1602	1602	1602	1601	1602	1601	1601	1602	1602	1602	1601	1601	1601	1601	1601	1601	1601	1601	1601	1601	1601	1601	1601	1601
3213	573784	1602	1603	1602	1603	1602	1602	1602	1602	1602	1602	1601	1602	1602	1602	1601	1601	1603	1602	1602	1601	1602	1601	1602	1601	1602	1602	1602	1602	1602	1602	1602	1601	1602	1601	1601	1602	1601	1601	1601	1602	1601	1602	1601	1601	1601	1602	1601	1601	1601	1601	1601	1601	1601	1601	1601	1601	1602	1601	1601	1601	1601	1602	1600	1601	1601	1601	1601	1601	1601	1602	1602	1602	1601	1602	1602	1602	1602	1601	1602	1601	1602	1602	1601	1602	1602	1602	1602	1601	1602	1602	1602	1602	1601	1602	1603	1602	1602	1602	1602	1602	1602	1602	1602	1602	1602	1602	1602	1602	1601	1600	1602	1601	1602	1602	1602	1602	1602	1602	1601	1601	1602	1602	1602	1602	1602	1602	1601	1602
3214	574276	1601	1602	1602	1601	1602	1602	1602	1601	1602	1602	1602	1603	1602	1602	1603	1602	1602	1602	1603	1602	1602	1602	1602	1602	1601	1602	1603	1603	1602	1602	1602	1602	1603	1603	1602	1602	1602	1602	1602	1602	1602	1602	1603	1602	1602	1602	1602	1603	1602	1603	1602	1602	1602	1601	1602	1601	1602	1602	1602	1602	1601	1601	1602	1601	1603	1601	1602	1602	1602	1602	1602	1602	1603	1602	1602	1601	1602	1602	1602	1602	1602	1601	1602	1602	1602	1602	1602	1602	1602	1602	1603	1603	1603	1602	1602	1603	1602	1603	1602	1602	1603	1603	1602	1603	1603	1603	1603	1603	1602	1603	1603	1602	1602	1603	1603	1602	1603	1602	1602	1602	1602	1603	1602	1602	1603	1603	1602	1602
3215	574769	1602	1603	1602	1603	1603	1602	1603	1602	1603	1602	1602	1603	1602	1602	1603	1603	1603	1603	1603	1601	1603	1603	1603	1603	1603	1603	1603	1603	1603	1602	1603	1602	1602	1603	1603	1603	1603	1603	1603	1603	1603	1603	1603	1602	1603	1603	1603	1604	1603	1604	1603	1603	1603	1603	1603	1603	1603	1603	1603	1603	1602	1603	1602	1602	1602	1602	1603	1603	1602	1603	1602	1602	1603	1603	1602	1603	1601	1602	1602	1603	1603	1602	1602	1602	1603	1602	1603	1602	1603	1603	1603	1603	1604	1603	1603	1603	1603	1603	1603	1603	1603	1603	1603	1603	1603	1603	1603	1603	1603	1603	1603	1603	1603	1603	1603	1603	1604	1603	1603	1603	1603	1603	1603	1603	1603	1603	1603	1603
3216	575261	1602	1602	1603	1603	1603	1603	1602	1603	1603	1603	1603	1603	1603	1603	1603	1603	1603	1603	1603	1603	1603	1603	1603	1603	1603	1603	1603	1604	1603	1603	1603	1603	1603	1603	1603	1603	1603	1603	1604	1603	1604	1604	1603	1604	1603	1603	1603	1603	1604	1603	1603	1604	1603	1604	1603	1603	1604	1603	1603	1603	1603	1603	1603	1603	1603	1603	1603	1603	1603	1603	1603	1604	1603	1603	1603	1604	1603	1603	1604	1603	1603	1603	1603	1603	1603	1603	1604	1603	1602	1603	1603	1603	1602	1603	1602	1603	1603	1603	1603	1604	1604	1603	1602	1603	1603	1603	1604	1603	1603	1603	1604	1603	1604	1603	1604	1604	1603	1604	1604	1604	1604	1603	1603	1603	1603	1604	1602	1604
3217	575753	1603	1604	1604	1604	1604	1604	1604	1604	1603	1604	1604	1604	1604	1604	1604	1604	1604	1604	1604	1604	1603	1604	1603	1603	1604	1603	1604	1603	1604	1603	1604	1603	1603	1603	1604	1604	1604	1603	1604	1603	1604	1603	1603	1603	1603	1603	1604	1603	1603	1603	1603	1603	1603	1603	1604	1603	1603	1603	1603	1603	1603	1604	1603	1603	1604	1604	1604	1604	1604	1604	1603	1604	1604	1604	1605	1603	1603	1604	1604	1604	1604	1604	1603	1604	1604	1604	1604	1604	1604	1604	1604	1604	1604	1604	1603	1604	1604	1604	1603	1604	1604	1603	1604	1604	1604	1604	1603	1604	1604	1605	1604	1604	1604	1604	1605	1604	1604	1604	1604	1604	1603	1604	1604	1604	1604	1604	1604	1604
3218	576246	1605	1605	1604	1604	1604	1604	1605	1604	1604	1604	1604	1604	1605	1604	1604	1605	1604	1604	1604	1603	1603	1604	1604	1603	1603	1603	1604	1604	1603	1604	1604	1604	1604	1605	1604	1604	1604	1604	1604	1604	1603	1604	1604	1604	1604	1604	1603	1604	1604	1604	1603	1605	1603	1603	1604	1604	1604	1604	1604	1604	1604	1604	1604	1605	1604	1605	1604	1604	1605	1604	1604	1604	1605	1604	1605	1605	1605	1604	1605	1604	1605	1603	1604	1605	1604	1605	1604	1604	1604	1604	1605	1604	1604	1605	1604	1605	1603	1604	1604	1604	1604	1604	1604	1604	1604	1604	1603	1604	1604	1605	1603	1604	1604	1603	1605	1605	1604	1604	1604	1605	1604	1604	1604	1604	1604	1604	1604	1604
3219	576738	1603	1604	1604	1605	1604	1604	1605	1605	1604	1604	1604	1605	1604	1604	1604	1604	1604	1604	1605	1604	1606	1604	1604	1604	1605	1605	1604	1604	1605	1604	1605	1605	1604	1606	1605	1604	1604	1605	1605	1604	1605	1605	1605	1605	1604	1605	1604	1604	1605	1605	1605	1604	1604	1604	1605	1605	1605	1605	1604	1604	1606	1605	1605	1604	1605	1605	1604	1605	1605	1605	1604	1605	1604	1604	1604	1604	1605	1604	1605	1605	1604	1605	1605	1604	1605	1605	1606	1605	1605	1606	1605	1605	1605	1603	1604	1605	1604	1605	1604	1604	1605	1604	1604	1604	1605	1604	1604	1604	1604	1604	1605	1604	1605	1605	1603	1604	1604	1606	1605	1604	1604	1604	1605	1604	1604	1604	1604	1604
3220	577230	1605	1606	1605	1606	1605	1605	1606	1605	1606	1605	1606	1605	1605	1605	1606	1606	1605	1605	1605	1606	1605	1605	1605	1605	1606	1606	1605	1606	1605	1606	1605	1605	1606	1606	1606	1605	1605	1606	1605	1606	1605	1605	1605	1605	1605	1605	1605	1605	1605	1605	1605	1604	1605	1605	1605	1604	1604	1604	1604	1605	1604	1605	1605	1604	1605	1604	1604	1605	1605	1604	1605	1605	1605	1605	1604	1605	1605	1606	1605	1604	1605	1606	1605	1606	1605	1605	1605	1605	1606	1605	1606	1605	1605	1605	1605	1605	1605	1605	1605	1605	1606	1605	1606	1605	1604	1605	1605	1605	1605	1605	1605	1605	1606	1603	1605	1606	1605	1605	1605	1606	1605	1605	1605	1605	1606	1605	1605	1605
3221	577723	1606	1606	1606	1605	1606	1606	1607	1606	1606	1606	1605	1606	1606	1606	1606	1606	1607	1606	1606	1605	1607	1605	1605	1606	1605	1606	1605	1606	1606	1605	1606	1604	1606	1606	1606	1606	1605	1605	1606	1605	1605	1605	1606	1605	1605	1605	1605	1605	1605	1605	1605	1605	1605	1605	1605	1605	1604	1604	1605	1606	1604	1606	1604	1606	1606	1605	1606	1606	1605	1606	1605	1605	1605	1605	1606	1605	1605	1606	1606	1606	1605	1606	1606	1606	1606	1605	1606	1606	1606	1607	1605	1606	1606	1606	1607	1607	1606	1605	1605	1605	1606	1605	1605	1606	1606	1606	1606	1606	1605	1606	1606	1605	1605	1605	1605	1605	1605	1605	1605	1605	1605	1605	1604	1605	1605	1605	1605	1605
3222	578215	1606	1608	1606	1606	1606	1606	1607	1607	1606	1607	1607	1607	1606	1606	1606	1606	1606	1606	1605	1606	1605	1606	1606	1606	1606	1606	1607	1606	1607	1606	1606	1606	1606	1607	1606	1607	1606	1606	1606	1607	1607	1607	1606	1607	1606	1606	1606	1606	1605	1606	1607	1606	1607	1607	1608	1607	1606	1607	1607	1607	1607	1607	1607	1607	1608	1607	1606	1607	1607	1607	1607	1607	1606	1606	1607	1606	1607	1606	1606	1607	1607	1607	1606	1606	1607	1606	1607	1606	1606	1606	1605	1606	1605	1606	1606	1605	1606	1606	1606	1606	1606	1607	1606	1606	1606	1606	1606	1606	1606	1607	1605	1606	1606	1606	1607	1606	1606	1606	1605	1606	1606	1606	1606	1606	1606	1607	1607	1607
3223	578707	1608	1607	1607	1607	1607	1608	1607	1607	1607	1607	1607	1607	1607	1607	1607	1606	1607	1606	1607	1607	1607	1607	1606	1607	1607	1607	1607	1607	1608	1607	1607	1607	1606	1607	1607	1606	1607	1606	1607	1606	1607	1607	1606	1606	1606	1606	1606	1606	1606	1607	1605	1606	1607	1607	1606	1607	1607	1607	1607	1606	1607	1606	1607	1607	1607	1607	1607	1607	1607	1607	1607	1607	1607	1607	1607	1607	1607	1607	1607	1607	1607	1607	1607	1607	1607	1607	1607	1607	1607	1606	1607	1607	1607	1607	1606	1606	1607	1607	1607	1607	1606	1607	1606	1607	1607	1607	1607	1606	1606	1606	1606	1606	1606	1606	1606	1606	1606	1606	1607	1607	1607	1606	1607	1607	1606	1607	1606	1606
3224	579200	1607	1608	1607	1608	1607	1607	1607	1607	1607	1607	1607	1607	1607	1607	1607	1608	1607	1607	1607	1607	1607	1607	1607	1607	1607	1607	1606	1607	1607	1606	1607	1606	1606	1607	1606	1607	1606	1606	1606	1606	1607	1606	1607	1607	1607	1607	1607	1607	1607	1607	1608	1607	1607	1607	1607	1607	1606	1607	1607	1606	1607	1607	1607	1607	1607	1607	1608	1608	1607	1609	1608	1608	1608	1608	1608	1608	1608	1608	1607	1608	1607	1607	1607	1607	1607	1606	1608	1607	1607	1608	1607	1607	1607	1607	1608	1607	1608	1607	1607	1608	1607	1607	1607	1607	1607	1606	1607	1607	1607	1606	1606	1607	1607	1607	1607	1606	1607	1607	1607	1607	1607	1606	1607	1607	1606	1607	1607	1606
3225	579692	1607	1608	1607	1607	1608	1607	1608	1608	1607	1608	1608	1608	1608	1608	1608	1608	1608	1607	1608	1608	1608	1608	1607	1608	1607	1608	1608	1607	1607	1607	1607	1607	1607	1607	1607	1607	1607	1607	1607	1607	1607	1607	1606	1607	1607	1607	1607	1607	1607	1607	1607	1608	1607	1608	1608	1608	1608	1608	1608	1608	1608	1607	1608	1607	1609	1608	1607	1607	1607	1607	1607	1607	1607	1608	1607	1607	1607	1607	1608	1607	1608	1608	1607	1608	1608	1608	1608	1608	1608	1607	1608	1608	1607	1607	1607	1607	1606	1607	1607	1607	1607	1607	1607	1608	1608	1607	1607	1607	1607	1607	1607	1607	1608	1607	1607	1607	1606	1607	1607	1607	1607	1607	1607	1607	1607	1608	1607	1607
3226	580184	1608	1609	1609	1608	1609	1608	1608	1608	1608	1608	1608	1607	1607	1608	1607	1608	1608	1607	1607	1608	1608	1607	1607	1608	1607	1607	1607	1607	1608	1608	1608	1607	1608	1608	1608	1609	1608	1608	1608	1607	1608	1608	1608	1607	1607	1608	1608	1608	1608	1609	1608	1608	1608	1609	1608	1609	1609	1609	1608	1608	1609	1608	1608	1608	1609	1608	1608	1608	1608	1608	1608	1608	1608	1608	1609	1608	1608	1609	1608	1609	1608	1608	1609	1608	1609	1608	1609	1608	1607	1608	1608	1608	1608	1608	1608	1608	1608	1608	1608	1608	1608	1607	1608	1607	1608	1608	1608	1608	1608	1608	1608	1608	1609	1608	1608	1608	1608	1609	1609	1608	1608	1608	1608	1609	1608	1608	1609	1608
3227	580676	1608	1608	1608	1608	1608	1608	1609	1609	1608	1609	1609	1609	1609	1608	1609	1608	1609	1609	1608	1608	1608	1609	1609	1608	1608	1608	1608	1608	1608	1609	1608	1609	1608	1608	1608	1608	1608	1608	1609	1608	1608	1608	1608	1608	1608	1608	1608	1608	1608	1607	1608	1608	1608	1608	1608	1608	1609	1609	1608	1608	1609	1608	1609	1609	1609	1608	1610	1608	1609	1609	1608	1609	1608	1608	1609	1608	1609	1608	1608	1609	1608	1608	1609	1609	1609	1609	1607	1608	1608	1609	1608	1608	1608	1608	1608	1608	1608	1608	1608	1608	1608	1608	1608	1609	1608	1609	1608	1609	1609	1609	1609	1608	1608	1609	1608	1609	1609	1609	1609	1609	1609	1609	1609	1609	1609	1608	1608	1608
3228	581169	1609	1608	1609	1609	1609	1609	1608	1608	1609	1608	1609	1609	1609	1609	1609	1609	1609	1609	1610	1609	1609	1610	1609	1610	1608	1609	1609	1609	1609	1609	1609	1609	1609	1609	1610	1609	1609	1609	1610	1609	1609	1609	1608	1608	1610	1609	1609	1609	1609	1610	1609	1609	1610	1609	1609	1609	1609	1609	1610	1609	1609	1609	1609	1609	1609	1609	1609	1609	1609	1609	1609	1609	1608	1608	1609	1609	1608	1609	1610	1609	1609	1609	1609	1609	1609	1608	1609	1609	1609	1609	1608	1609	1609	1610	1609	1609	1609	1609	1609	1610	1609	1609	1609	1610	1609	1609	1610	1610	1610	1609	1609	1610	1610	1609	1610	1608	1610	1609	1609	1610	1609	1609	1609	1609	1609	1609	1610	1609
3229	581661	1609	1609	1609	1609	1609	1608	1609	1609	1610	1609	1610	1609	1609	1610	1609	1609	1609	1609	1609	1609	1610	1610	1610	1610	1610	1609	1609	1609	1609	1609	1609	1609	1609	1610	1609	1609	1610	1610	1610	1610	1610	1609	1610	1609	1610	1610	1609	1610	1610	1609	1609	1609	1609	1609	1610	1610	1609	1610	1609	1609	1609	1610	1609	1609	1609	1609	1609	1610	1609	1609	1610	1609	1610	1610	1609	1608	1610	1609	1609	1609	1608	1609	1609	1609	1609	1609	1610	1609	1609	1609	1610	1610	1609	1609	1609	1609	1610	1609	1609	1609	1609	1610	1610	1609	1610	1610	1610	1609	1609	1609	1610	1609	1609	1610	1609	1609	1609	1610	1610	1609	1609	1609	1609	1610	1609	1609	1610	1609
3230	582153	1610	1610	1610	1609	1609	1610	1609	1610	1610	1610	1610	1610	1611	1610	1610	1610	1609	1611	1610	1610	1610	1610	1610	1610	1610	1610	1610	1610	1610	1610	1610	1610	1611	1610	1610	1610	1610	1611	1611	1611	1612	1611	1612	1611	1611	1611	1611	1612	1611	1611	1611	1612	1611	1611	1611	1611	1611	1611	1611	1611	1610	1610	1610	1610	1609	1610	1610	1609	1610	1610	1610	1610	1610	1610	1610	1609	1610	1609	1609	1609	1610	1609	1609	1610	1611	1610	1609	1610	1610	1609	1610	1610	1609	1610	1610	1611	1610	1610	1611	1611	1611	1610	1611	1610	1610	1611	1610	1610	1610	1610	1610	1610	1610	1610	1610	1611	1610	1610	1610	1611	1611	1610	1609	1609	1610	1611	1611	1610
3231	582646	1611	1610	1611	1611	1610	1610	1610	1611	1611	1610	1610	1610	1611	1611	1610	1610	1610	1610	1610	1610	1610	1610	1611	1610	1611	1611	1611	1611	1611	1611	1611	1610	1611	1609	1611	1611	1610	1610	1611	1611	1610	1610	1610	1610	1611	1611	1610	1610	1610	1610	1610	1610	1610	1610	1611	1611	1611	1611	1611	1612	1611	1611	1611	1611	1612	1611	1611	1611	1611	1611	1611	1613	1611	1611	1611	1611	1611	1610	1611	1611	1611	1610	1610	1611	1610	1611	1611	1611	1610	1611	1610	1611	1611	1612	1611	1611	1611	1611	1611	1610	1611	1611	1611	1611	1611	1611	1611	1611	1611	1609	1611	1611	1610	1611	1610	1611	1611	1610	1610	1610	1610	1610	1610	1610	1610	1610	1611	1610
3232	583138	1612	1611	1611	1611	1610	1610	1611	1611	1611	1610	1611	1611	1611	1611	1611	1611	1612	1611	1611	1612	1611	1611	1612	1611	1612	1611	1612	1612	1611	1611	1611	1611	1611	1611	1611	1611	1610	1611	1611	1611	1611	1611	1612	1611	1611	1611	1611	1611	1611	1610	1611	1611	1611	1612	1611	1611	1611	1611	1611	1611	1611	1611	1611	1611	1612	1611	1611	1610	1611	1611	1611	1612	1611	1612	1611	1611	1612	1611	1611	1612	1611	1612	1611	1611	1612	1612	1612	1611	1612	1612	1611	1611	1611	1612	1611	1611	1612	1611	1611	1611	1612	1612	1611	1611	1611	1611	1610	1611	1611	1611	1611	1610	1611	1610	1610	1611	1610	1611	1611	1611	1610	1611	1611	1611	1611	1611	1610	1611
3233	583630	1610	1611	1611	1611	1611	1611	1611	1611	1612	1611	1611	1611	1611	1612	1611	1612	1612	1612	1612	1612	1612	1612	1612	1613	1612	1612	1613	1612	1613	1613	1612	1613	1612	1613	1612	1612	1612	1612	1612	1612	1612	1612	1613	1612	1613	1613	1612	1613	1612	1612	1613	1612	1613	1612	1612	1612	1611	1612	1611	1612	1611	1612	1611	1611	1611	1611	1612	1612	1611	1612	1612	1612	1612	1611	1612	1611	1612	1611	1611	1611	1611	1612	1611	1611	1612	1612	1612	1611	1611	1611	1611	1612	1612	1613	1612	1612	1612	1612	1613	1612	1612	1613	1612	1612	1612	1612	1612	1611	1612	1612	1612	1612	1612	1612	1611	1612	1612	1612	1612	1612	1612	1612	1612	1612	1612	1612	1613	1611
3234	584123	1612	1611	1612	1612	1612	1612	1612	1613	1612	1612	1613	1612	1612	1612	1612	1611	1611	1612	1611	1612	1612	1612	1611	1611	1612	1612	1612	1612	1612	1612	1612	1612	1613	1612	1612	1612	1612	1612	1612	1613	1612	1612	1612	1612	1613	1612	1612	1612	1612	1612	1613	1613	1612	1612	1614	1612	1613	1613	1613	1612	1612	1613	1612	1612	1612	1612	1612	1612	1612	1612	1612	1612	1612	1612	1613	1613	1612	1612	1612	1613	1612	1612	1612	1612	1613	1613	1613	1612	1613	1612	1612	1612	1612	1612	1612	1612	1612	1612	1612	1612	1612	1612	1612	1612	1612	1612	1612	1612	1612	1612	1611	1612	1611	1612	1611	1611	1612	1612	1612	1611	1612	1612	1612	1611	1611	1612	1612	1612
3235	584615	1612	1612	1613	1613	1612	1612	1613	1613	1612	1613	1613	1612	1613	1612	1612	1611	1612	1612	1611	1613	1611	1612	1611	1611	1612	1612	1612	1613	1612	1612	1612	1612	1613	1612	1612	1612	1612	1612	1612	1613	1612	1613	1612	1612	1612	1612	1612	1612	1612	1612	1612	1613	1612	1613	1612	1613	1613	1612	1614	1612	1613	1613	1612	1613	1613	1612	1613	1612	1613	1613	1613	1612	1613	1613	1612	1612	1612	1612	1612	1612	1612	1612	1612	1612	1612	1613	1612	1612	1612	1612	1612	1612	1612	1612	1612	1612	1612	1612	1612	1612	1612	1612	1612	1612	1612	1612	1612	1612	1612	1613	1612	1612	1612	1612	1612	1613	1613	1613	1613	1613	1613	1612	1612	1613	1613	1613	1613	1613
3236	585107	1614	1613	1614	1613	1613	1613	1614	1613	1613	1613	1614	1613	1614	1613	1614	1614	1613	1613	1614	1613	1615	1613	1614	1615	1614	1613	1613	1614	1613	1614	1613	1613	1614	1613	1614	1614	1613	1614	1613	1613	1613	1613	1612	1613	1613	1613	1612	1613	1612	1613	1613	1613	1613	1613	1613	1612	1612	1613	1612	1613	1613	1613	1613	1613	1614	1613	1613	1613	1613	1614	1613	1613	1612	1613	1613	1613	1612	1613	1613	1613	1614	1613	1613	1614	1613	1613	1613	1613	1613	1613	1613	1613	1613	1613	1614	1613	1613	1613	1614	1612	1614	1613	1613	1614	1613	1613	1613	1614	1614	1614	1613	1613	1613	1614	1613	1613	1612	1612	1615	1612	1613	1613	1612	1612	1612	1613	1612	1613
3237	585600	1614	1613	1613	1614	1613	1614	1613	1613	1614	1614	1614	1614	1614	1614	1614	1614	1614	1614	1614	1614	1613	1613	1614	1613	1613	1614	1614	1614	1613	1614	1613	1613	1613	1613	1613	1613	1614	1612	1613	1614	1613	1614	1613	1613	1614	1613	1614	1613	1613	1614	1613	1613	1613	1614	1613	1614	1613	1613	1614	1613	1613	1614	1613	1613	1613	1613	1614	1614	1614	1613	1614	1613	1614	1614	1613	1614	1613	1614	1614	1613	1614	1614	1613	1613	1613	1614	1614	1614	1614	1614	1614	1614	1614	1615	1615	1614	1614	1615	1615	1614	1614	1614	1615	1614	1614	1614	1614	1614	1614	1614	1614	1614	1614	1614	1613	1614	1613	1614	1614	1614	1614	1613	1614	1613	1613	1614	1614	1614
3238	586092	1613	1614	1614	1614	1614	1614	1614	1614	1614	1614	1614	1613	1614	1614	1614	1614	1614	1614	1613	1614	1613	1614	1614	1614	1614	1614	1614	1614	1614	1614	1613	1614	1614	1614	1613	1614	1614	1613	1613	1614	1614	1614	1614	1613	1614	1614	1614	1613	1614	1613	1614	1614	1614	1614	1614	1614	1615	1614	1615	1614	1614	1615	1614	1615	1614	1614	1615	1614	1614	1614	1614	1614	1614	1614	1614	1614	1614	1615	1615	1614	1614	1614	1614	1615	1614	1615	1614	1614	1614	1613	1614	1614	1613	1613	1614	1614	1614	1614	1613	1614	1614	1614	1614	1614	1614	1614	1614	1614	1614	1614	1615	1615	1614	1615	1615	1615	1614	1614	1615	1614	1614	1614	1614	1614	1614	1614	1614	1614
3239	586584	1615	1614	1615	1614	1614	1615	1614	1614	1615	1614	1615	1615	1614	1614	1614	1615	1614	1614	1611	1614	1614	1614	1614	1613	1614	1615	1614	1614	1615	1614	1615	1614	1614	1614	1615	1614	1614	1615	1614	1614	1614	1614	1615	1615	1615	1615	1614	1615	1614	1615	1615	1614	1614	1615	1615	1615	1615	1615	1616	1615	1615	1615	1615	1615	1615	1615	1615	1615	1615	1615	1615	1614	1614	1615	1615	1614	1614	1614	1614	1615	1615	1615	1615	1614	1614	1615	1614	1614	1614	1614	1614	1614	1614	1614	1614	1614	1614	1614	1615	1614	1614	1614	1614	1614	1615	1614	1614	1614	1615	1615	1614	1615	1614	1615	1615	1614	1615	1615	1615	1615	1615	1615	1615	1615	1615	1615	1615	1615
3240	587076	1616	1615	1616	1616	1615	1615	1615	1615	1615	1615	1616	1615	1615	1615	1615	1615	1615	1615	1615	1615	1616	1615	1616	1615	1616	1615	1615	1616	1615	1615	1615	1615	1615	1615	1615	1615	1615	1615	1615	1615	1615	1615	1615	1615	1615	1615	1615	1616	1615	1615	1615	1615	1615	1615	1615	1615	1615	1616	1614	1615	1615	1614	1615	1615	1615	1615	1615	1615	1615	1615	1615	1615	1615	1614	1615	1615	1614	1615	1615	1615	1615	1615	1616	1615	1614	1615	1616	1615	1615	1615	1615	1615	1615	1615	1615	1615	1615	1615	1615	1615	1615	1615	1615	1616	1615	1616	1616	1615	1615	1615	1615	1615	1615	1616	1615	1615	1615	1615	1615	1615	1615	1614	1615	1615	1615	1615	1615	1615
3241	587569	1616	1615	1615	1616	1615	1615	1616	1615	1616	1615	1615	1615	1615	1616	1615	1615	1616	1615	1616	1615	1615	1616	1616	1616	1616	1616	1616	1616	1616	1616	1616	1615	1616	1616	1616	1616	1616	1616	1615	1616	1616	1616	1615	1615	1616	1616	1615	1616	1615	1616	1615	1615	1616	1615	1616	1616	1616	1616	1616	1615	1616	1616	1615	1615	1615	1615	1616	1615	1615	1615	1615	1616	1615	1615	1616	1615	1615	1614	1615	1615	1615	1616	1615	1615	1616	1616	1616	1615	1615	1615	1615	1615	1615	1615	1615	1615	1616	1615	1616	1615	1616	1616	1615	1616	1616	1616	1616	1616	1616	1616	1616	1616	1615	1616	1616	1616	1616	1615	1615	1615	1616	1615	1615	1615	1615	1616	1616	1616
3242	588061	1616	1615	1615	1616	1617	1616	1615	1616	1615	1616	1616	1616	1616	1615	1616	1616	1616	1616	1615	1616	1616	1615	1615	1616	1616	1616	1616	1616	1616	1616	1616	1616	1616	1616	1616	1615	1616	1615	1616	1615	1616	1616	1615	1616	1616	1616	1617	1615	1616	1616	1614	1616	1615	1615	1615	1616	1616	1616	1616	1616	1616	1616	1616	1616	1616	1616	1616	1615	1616	1615	1616	1615	1616	1616	1616	1616	1615	1616	1616	1616	1617	1615	1617	1616	1617	1617	1616	1617	1616	1617	1617	1617	1617	1617	1616	1617	1616	1617	1616	1616	1617	1616	1617	1616	1616	1616	1616	1617	1616	1617	1617	1616	1616	1616	1616	1616	1615	1616	1615	1616	1616	1616	1616	1616	1616	1616	1615	1616
3243	588553	1616	1616	1616	1616	1616	1616	1616	1616	1616	1616	1616	1616	1616	1617	1616	1616	1616	1616	1616	1616	1616	1616	1616	1616	1616	1615	1616	1616	1616	1616	1616	1616	1616	1616	1616	1616	1616	1616	1617	1616	1616	1616	1617	1617	1616	1616	1616	1616	1616	1616	1616	1616	1616	1616	1616	1617	1617	1617	1617	1617	1617	1617	1617	1617	1617	1617	1617	1617	1617	1617	1617	1617	1617	1617	1617	1617	1617	1617	1617	1617	1617	1617	1616	1617	1616	1616	1616	1616	1616	1616	1616	1616	1615	1616	1616	1617	1615	1616	1616	1616	1616	1616	1616	1616	1616	1616	1616	1616	1615	1616	1616	1616	1616	1616	1617	1616	1616	1617	1617	1617	1616	1617	1617	1617	1616	1617	1617	1616
3244	589046	1617	1617	1617	1617	1617	1617	1618	1617	1617	1617	1617	1617	1617	1617	1617	1616	1617	1616	1617	1617	1617	1617	1617	1617	1617	1617	1617	1617	1617	1617	1617	1617	1617	1617	1617	1617	1617	1616	1617	1616	1616	1616	1616	1617	1616	1616	1616	1617	1616	1616	1617	1617	1616	1617	1617	1617	1617	1617	1616	1616	1616	1617	1617	1617	1618	1617	1617	1617	1618	1617	1617	1616	1616	1617	1617	1617	1617	1617	1617	1617	1618	1617	1617	1617	1617	1616	1617	1617	1617	1616	1616	1616	1617	1617	1617	1617	1617	1617	1616	1617	1617	1616	1617	1617	1617	1617	1617	1617	1617	1617	1617	1617	1617	1617	1617	1617	1617	1617	1617	1617	1617	1617	1617	1617	1617	1617	1616	1617
3245	589538	1617	1618	1617	1618	1618	1617	1617	1617	1618	1618	1618	1618	1617	1618	1617	1618	1617	1617	1617	1618	1618	1617	1617	1618	1617	1617	1617	1618	1617	1617	1617	1617	1617	1618	1617	1617	1617	1617	1618	1617	1618	1617	1618	1617	1618	1618	1618	1617	1617	1617	1618	1617	1619	1618	1617	1618	1617	1618	1617	1617	1618	1617	1617	1618	1617	1617	1618	1617	1617	1617	1617	1618	1617	1617	1617	1617	1617	1617	1617	1617	1617	1617	1617	1618	1617	1617	1618	1617	1618	1617	1617	1617	1617	1618	1617	1617	1617	1617	1617	1617	1617	1618	1617	1617	1617	1617	1617	1617	1618	1617	1617	1618	1617	1617	1617	1617	1617	1617	1617	1617	1617	1617	1617	1617	1617	1616	1617	1617
3246	590030	1618	1617	1617	1617	1618	1618	1617	1618	1617	1618	1618	1617	1618	1617	1617	1618	1617	1617	1617	1616	1617	1617	1617	1618	1617	1618	1617	1618	1617	1619	1618	1617	1618	1618	1618	1618	1618	1618	1617	1617	1617	1618	1618	1617	1618	1617	1618	1617	1617	1618	1618	1618	1618	1617	1618	1617	1619	1618	1617	1618	1617	1617	1618	1618	1617	1617	1617	1619	1617	1617	1617	1617	1618	1618	1618	1617	1618	1617	1617	1617	1618	1617	1618	1618	1618	1618	1617	1618	1619	1618	1618	1618	1618	1618	1618	1618	1617	1618	1618	1618	1619	1619	1618	1619	1618	1619	1619	1618	1619	1618	1619	1618	1618	1618	1616	1618	1618	1617	1618	1618	1618	1617	1618	1618	1618	1618	1618	1618
3247	590523	1618	1618	1619	1619	1619	1619	1618	1618	1618	1618	1619	1618	1619	1618	1618	1618	1617	1618	1618	1618	1618	1618	1618	1618	1618	1618	1618	1619	1618	1619	1618	1618	1619	1618	1618	1618	1618	1618	1618	1618	1618	1618	1618	1618	1618	1618	1619	1618	1618	1618	1617	1619	1618	1618	1618	1617	1618	1618	1618	1618	1618	1618	1618	1617	1618	1618	1618	1617	1618	1617	1618	1617	1618	1618	1618	1619	1617	1619	1619	1619	1619	1618	1619	1619	1619	1619	1618	1619	1618	1619	1619	1618	1618	1618	1618	1618	1618	1619	1618	1618	1618	1618	1619	1619	1619	1619	1618	1618	1619	1618	1618	1618	1618	1618	1618	1618	1617	1617	1618	1618	1618	1618	1618	1619	1618	1618	1618	1617
3248	591015	1619	1619	1619	1619	1619	1619	1618	1620	1619	1619	1619	1619	1619	1619	1619	1619	1619	1619	1619	1619	1619	1619	1619	1618	1619	1619	1618	1619	1620	1619	1619	1619	1619	1619	1619	1619	1619	1620	1619	1619	1619	1620	1620	1619	1620	1619	1619	1619	1619	1620	1619	1619	1619	1619	1619	1619	1619	1619	1619	1620	1620	1620	1621	1620	1620	1619	1619	1619	1619	1620	1619	1619	1619	1619	1619	1619	1619	1619	1619	1619	1619	1620	1619	1619	1619	1619	1619	1619	1619	1620	1619	1618	1619	1619	1619	1618	1619	1618	1619	1619	1618	1619	1619	1619	1620	1619	1619	1620	1620	1619	1619	1619	1619	1619	1619	1619	1619	1619	1619	1618	1619	1619	1619	1620	1618	1619	1619	1619
3249	591507	1620	1619	1619	1619	1620	1620	1620	1620	1620	1619	1620	1620	1619	1619	1620	1619	1619	1619	1620	1619	1619	1619	1619	1619	1619	1619	1620	1619	1619	1619	1619	1619	1619	1619	1619	1618	1619	1619	1619	1619	1619	1619	1619	1619	1619	1619	1619	1619	1620	1619	1620	1620	1620	1619	1620	1619	1619	1620	1619	1619	1619	1619	1619	1618	1619	1619	1619	1619	1620	1619	1619	1619	1619	1620	1620	1620	1619	1620	1620	1619	1619	1619	1619	1619	1619	1619	1619	1619	1619	1619	1619	1619	1619	1619	1619	1619	1619	1620	1620	1619	1619	1619	1619	1619	1620	1619	1619	1619	1619	1619	1619	1619	1619	1619	1619	1618	1620	1619	1619	1619	1619	1619	1620	1619	1619	1619	1619	1619
3250	592000	1620	1620	1620	1620	1619	1619	1620	1620	1620	1620	1619	1619	1620	1620	1620	1619	1620	1619	1620	1620	1620	1620	1619	1620	1620	1620	1620	1620	1620	1620	1620	1620	1620	1620	1620	1620	1619	1620	1620	1620	1620	1620	1620	1620	1620	1620	1620	1620	1621	1620	1620	1620	1620	1620	1619	1620	1620	1621	1620	1620	1620	1620	1620	1620	1620	1620	1620	1620	1620	1620	1620	1620	1620	1621	1620	1620	1620	1620	1620	1620	1621	1620	1621	1620	1620	1620	1620	1620	1620	1619	1619	1620	1620	1620	1620	1620	1620	1620	1620	1620	1620	1620	1620	1620	1620	1620	1620	1619	1620	1620	1620	1620	1620	1619	1619	1620	1619	1620	1619	1620	1619	1620	1620	1621	1620	1619	1620	1620
3251	592492	1620	1620	1620	1620	1620	1620	1620	1620	1620	1621	1620	1621	1621	1621	1621	1621	1621	1620	1620	1620	1621	1620	1620	1620	1620	1620	1621	1621	1620	1621	1621	1621	1622	1621	1621	1621	1621	1620	1621	1620	1621	1621	1620	1620	1620	1621	1620	1620	1620	1620	1620	1619	1621	1620	1620	1621	1620	1620	1620	1620	1620	1620	1620	1621	1620	1620	1620	1620	1620	1620	1620	1620	1620	1620	1620	1620	1620	1620	1620	1620	1620	1619	1620	1620	1621	1620	1621	1620	1620	1620	1621	1621	1621	1621	1620	1621	1620	1621	1621	1620	1620	1620	1620	1621	1620	1620	1620	1621	1619	1620	1621	1621	1620	1621	1620	1621	1621	1620	1620	1620	1620	1620	1620	1620	1620	1620	1620	1618
3252	592984	1619	1620	1620	1621	1621	1621	1622	1622	1621	1621	1621	1622	1621	1621	1621	1620	1621	1621	1621	1621	1621	1621	1621	1621	1621	1622	1621	1621	1621	1622	1621	1621	1621	1620	1621	1621	1621	1621	1622	1621	1620	1620	1621	1620	1620	1621	1620	1621	1621	1621	1621	1620	1621	1621	1620	1621	1620	1621	1620	1620	1620	1620	1620	1621	1620	1622	1621	1621	1621	1620	1621	1620	1621	1620	1620	1620	1620	1620	1621	1621	1621	1621	1620	1621	1621	1621	1621	1621	1621	1621	1621	1621	1621	1622	1621	1621	1621	1621	1621	1621	1622	1622	1622	1621	1621	1621	1622	1622	1621	1621	1621	1620	1621	1621	1620	1620	1620	1620	1620	1620	1620	1619	1618	1620	1621	1621	1621	1621
3253	593476	1622	1622	1621	1622	1622	1622	1621	1622	1621	1622	1622	1621	1621	1621	1621	1621	1620	1621	1621	1622	1622	1622	1622	1622	1622	1622	1621	1622	1622	1622	1622	1622	1622	1621	1622	1622	1622	1622	1622	1622	1622	1621	1622	1622	1622	1622	1623	1622	1622	1622	1622	1622	1622	1622	1622	1621	1622	1621	1621	1621	1621	1622	1621	1622	1621	1622	1621	1621	1621	1622	1621	1621	1621	1622	1621	1621	1620	1621	1621	1621	1621	1621	1621	1621	1621	1621	1621	1621	1621	1621	1621	1621	1621	1621	1621	1621	1621	1621	1621	1621	1621	1621	1621	1622	1621	1622	1622	1621	1622	1621	1622	1622	1622	1622	1621	1622	1622	1622	1622	1622	1622	1622	1622	1622	1622	1622	1622	1622
3254	593969	1622	1621	1622	1622	1622	1622	1622	1622	1621	1622	1621	1622	1622	1622	1622	1621	1622	1622	1622	1622	1622	1622	1622	1622	1622	1621	1622	1622	1622	1622	1622	1622	1622	1622	1621	1622	1622	1622	1623	1622	1621	1622	1622	1622	1622	1622	1622	1622	1622	1622	1622	1622	1622	1622	1622	1622	1621	1622	1623	1621	1622	1621	1622	1622	1622	1622	1621	1622	1622	1622	1622	1621	1622	1622	1622	1622	1621	1622	1622	1622	1622	1621	1622	1622	1622	1621	1622	1621	1622	1622	1621	1622	1622	1623	1623	1622	1622	1622	1622	1623	1623	1623	1623	1622	1622	1622	1623	1622	1622	1623	1622	1622	1622	1622	1621	1621	1621	1622	1622	1621	1621	1621	1621	1621	1622	1621	1621	1621
3255	594461	1622	1622	1622	1622	1622	1622	1622	1622	1623	1623	1622	1622	1622	1623	1623	1622	1622	1621	1622	1622	1622	1622	1623	1623	1622	1622	1623	1623	1623	1622	1622	1623	1623	1623	1623	1623	1622	1623	1623	1623	1623	1623	1623	1623	1622	1623	1623	1623	1624	1623	1623	1623	1623	1623	1623	1623	1623	1623	1623	1623	1623	1623	1623	1623	1622	1623	1623	1623	1623	1622	1622	1622	1623	1622	1623	1622	1622	1622	1622	1623	1622	1622	1622	1622	1623	1623	1622	1623	1623	1623	1622	1621	1622	1623	1622	1622	1622	1622	1622	1623	1623	1623	1623	1623	1623	1623	1623	1623	1623	1623	1622	1623	1622	1623	1623	1622	1623	1622	1621	1622	1623	1623	1622	1622	1622	1623	1622	1622
3256	594953	1624	1623	1623	1623	1623	1623	1623	1623	1623	1623	1623	1623	1622	1623	1623	1623	1622	1623	1623	1623	1623	1623	1623	1623	1623	1624	1623	1623	1623	1623	1623	1623	1623	1623	1623	1623	1623	1623	1623	1623	1623	1623	1623	1623	1622	1623	1623	1623	1622	1623	1622	1622	1623	1622	1623	1622	1622	1623	1623	1623	1623	1623	1622	1622	1623	1623	1623	1623	1622	1623	1622	1623	1623	1622	1624	1622	1623	1623	1622	1623	1622	1622	1623	1622	1623	1623	1622	1623	1623	1623	1623	1623	1623	1623	1623	1623	1623	1622	1623	1622	1623	1623	1623	1624	1623	1623	1622	1623	1623	1623	1623	1623	1623	1623	1623	1623	1623	1623	1624	1623	1623	1623	1623	1623	1623	1623	1623	1623
3257	595446	1623	1623	1623	1623	1623	1623	1623	1623	1623	1623	1623	1624	1623	1623	1623	1623	1623	1623	1623	1623	1623	1624	1623	1623	1625	1623	1623	1623	1623	1623	1622	1623	1623	1623	1623	1622	1623	1623	1623	1623	1623	1623	1623	1623	1623	1623	1623	1623	1622	1623	1622	1622	1623	1623	1623	1623	1623	1623	1623	1623	1623	1623	1624	1624	1624	1624	1624	1624	1624	1623	1623	1623	1623	1624	1623	1624	1623	1623	1623	1623	1623	1623	1623	1623	1623	1623	1624	1623	1623	1624	1624	1624	1623	1624	1623	1623	1623	1623	1623	1623	1623	1623	1623	1622	1623	1623	1623	1623	1623	1623	1623	1623	1623	1623	1624	1623	1623	1623	1623	1623	1623	1624	1623	1622	1623	1623	1623	1623
3258	595938	1624	1624	1624	1624	1624	1624	1624	1623	1624	1624	1624	1625	1624	1624	1624	1624	1625	1624	1624	1624	1624	1625	1623	1624	1624	1625	1623	1624	1623	1624	1624	1624	1624	1623	1624	1624	1624	1625	1624	1624	1624	1624	1624	1624	1623	1624	1624	1624	1623	1624	1624	1624	1624	1624	1624	1624	1624	1624	1623	1624	1624	1624	1624	1623	1623	1623	1624	1624	1624	1624	1624	1625	1623	1624	1624	1624	1624	1624	1624	1624	1624	1624	1624	1624	1624	1624	1624	1623	1623	1624	1623	1623	1624	1624	1623	1624	1624	1624	1623	1624	1623	1623	1624	1623	1624	1624	1624	1624	1623	1624	1624	1624	1624	1623	1624	1624	1624	1624	1624	1624	1623	1624	1624	1625	1624	1624	1624	1624
3259	596430	1624	1625	1624	1624	1625	1624	1625	1624	1624	1625	1624	1624	1624	1624	1624	1624	1624	1624	1624	1624	1625	1625	1624	1624	1624	1624	1624	1624	1624	1624	1624	1624	1624	1624	1623	1624	1624	1624	1624	1625	1624	1624	1624	1625	1624	1625	1624	1624	1625	1624	1625	1625	1624	1624	1625	1624	1625	1624	1624	1624	1624	1625	1624	1624	1624	1625	1624	1625	1624	1624	1624	1624	1624	1624	1624	1624	1624	1624	1624	1624	1624	1624	1624	1625	1625	1624	1624	1625	1625	1625	1625	1625	1624	1624	1624	1624	1624	1624	1624	1624	1624	1624	1624	1624	1624	1625	1624	1625	1624	1624	1624	1624	1624	1624	1624	1624	1624	1624	1624	1624	1624	1624	1624	1624	1624	1624	1624	1624
3260	596923	1625	1625	1624	1625	1624	1624	1624	1624	1624	1624	1624	1624	1624	1624	1624	1625	1624	1624	1624	1624	1625	1625	1626	1624	1624	1625	1625	1625	1625	1625	1625	1624	1625	1624	1624	1625	1625	1625	1625	1625	1625	1626	1625	1625	1625	1625	1625	1625	1625	1625	1625	1625	1625	1625	1625	1625	1626	1625	1625	1625	1624	1625	1625	1625	1624	1624	1625	1625	1625	1625	1625	1625	1624	1624	1623	1624	1624	1624	1624	1624	1624	1625	1625	1624	1624	1625	1625	1625	1625	1624	1625	1625	1625	1624	1625	1624	1625	1625	1625	1625	1625	1625	1625	1625	1627	1625	1626	1625	1625	1626	1625	1626	1625	1625	1625	1626	1626	1625	1626	1625	1625	1625	1625	1626	1625	1626	1626	1625
3261	597415	1625	1625	1625	1626	1625	1625	1625	1625	1625	1626	1625	1625	1625	1625	1625	1625	1625	1626	1626	1626	1625	1625	1626	1625	1626	1626	1625	1626	1625	1625	1625	1626	1625	1625	1626	1625	1625	1626	1624	1625	1625	1625	1625	1624	1625	1625	1626	1625	1626	1626	1625	1625	1625	1625	1625	1625	1625	1625	1624	1625	1624	1625	1624	1625	1624	1624	1625	1625	1625	1625	1625	1625	1624	1624	1625	1625	1625	1624	1624	1625	1624	1626	1624	1624	1625	1625	1625	1625	1625	1625	1624	1625	1625	1625	1625	1624	1625	1625	1625	1625	1625	1625	1625	1625	1625	1625	1624	1625	1624	1625	1625	1625	1625	1625	1625	1625	1625	1625	1625	1625	1625	1625	1625	1625	1625	1625	1626	1625
3262	597907	1626	1626	1626	1625	1626	1626	1626	1626	1626	1625	1626	1626	1626	1626	1626	1626	1626	1626	1626	1626	1626	1626	1626	1626	1625	1626	1626	1626	1625	1626	1626	1626	1627	1627	1627	1627	1626	1627	1627	1627	1627	1627	1626	1628	1627	1626	1626	1626	1626	1626	1626	1626	1627	1626	1626	1626	1626	1626	1626	1626	1626	1626	1626	1626	1626	1626	1626	1626	1626	1626	1626	1626	1626	1626	1625	1626	1625	1625	1626	1625	1626	1624	1626	1626	1625	1625	1625	1625	1626	1625	1626	1625	1626	1626	1626	1626	1625	1626	1625	1626	1626	1625	1625	1625	1625	1626	1626	1626	1626	1626	1626	1626	1627	1626	1626	1626	1625	1626	1625	1625	1626	1625	1625	1626	1626	1625	1626	1625
3263	598400	1626	1625	1626	1626	1625	1626	1626	1625	1626	1626	1626	1625	1625	1626	1626	1626	1625	1626	1626	1625	1626	1626	1626	1626	1626	1626	1626	1626	1626	1626	1625	1626	1626	1626	1626	1627	1626	1626	1627	1626	1627	1626	1626	1626	1626	1626	1627	1626	1627	1627	1627	1627	1626	1627	1627	1627	1626	1627	1627	1627	1627	1627	1627	1626	1627	1627	1626	1626	1626	1626	1626	1625	1626	1626	1625	1626	1626	1627	1626	1626	1626	1626	1626	1625	1626	1626	1626	1626	1625	1626	1626	1626	1626	1625	1627	1626	1626	1627	1626	1626	1626	1626	1626	1626	1626	1626	1626	1626	1625	1626	1626	1627	1626	1627	1626	1626	1627	1625	1626	1626	1626	1626	1626	1626	1626	1626	1626	1626
3264	598892	1627	1626	1627	1626	1627	1626	1626	1627	1626	1626	1626	1626	1627	1626	1627	1626	1627	1627	1627	1627	1627	1627	1627	1627	1627	1627	1627	1627	1627	1627	1627	1627	1627	1627	1628	1627	1627	1627	1627	1627	1627	1628	1628	1627	1627	1627	1627	1627	1627	1627	1627	1627	1627	1629	1627	1627	1627	1627	1627	1628	1627	1627	1627	1627	1627	1627	1627	1627	1627	1627	1627	1627	1626	1626	1627	1627	1626	1626	1627	1626	1627	1626	1626	1626	1627	1627	1627	1626	1627	1626	1627	1627	1627	1627	1627	1627	1627	1627	1627	1627	1627	1626	1627	1627	1626	1628	1627	1627	1627	1627	1628	1627	1627	1627	1628	1627	1627	1628	1627	1628	1627	1627	1627	1627	1627	1627	1628	1627
3265	599384	1627	1627	1627	1627	1627	1627	1627	1627	1627	1628	1627	1627	1627	1627	1627	1627	1627	1627	1627	1627	1627	1627	1627	1627	1627	1628	1626	1627	1627	1627	1627	1626	1627	1626	1627	1627	1627	1627	1627	1627	1627	1627	1627	1627	1627	1627	1627	1627	1627	1627	1627	1627	1627	1627	1628	1627	1628	1628	1627	1628	1628	1627	1627	1627	1628	1627	1627	1627	1627	1627	1627	1628	1627	1627	1627	1627	1628	1627	1627	1628	1627	1627	1628	1627	1627	1628	1628	1627	1627	1628	1628	1627	1628	1627	1627	1628	1628	1628	1628	1627	1627	1628	1627	1628	1628	1628	1628	1628	1628	1627	1628	1628	1628	1627	1628	1628	1628	1627	1628	1627	1627	1628	1627	1628	1627	1627	1628	1627
3266	599876	1628	1628	1628	1628	1628	1628	1627	1628	1628	1628	1628	1628	1628	1628	1628	1628	1628	1627	1628	1628	1627	1627	1627	1628	1627	1628	1628	1627	1628	1628	1629	1628	1628	1628	1628	1628	1629	1628	1628	1629	1628	1628	1628	1628	1628	1628	1628	1628	1628	1628	1627	1628	1628	1628	1628	1628	1628	1628	1627	1627	1628	1628	1627	1628	1628	1628	1628	1627	1628	1627	1628	1628	1628	1628	1628	1628	1627	1628	1628	1628	1628	1628	1627	1628	1628	1628	1628	1628	1628	1628	1628	1628	1628	1628	1628	1628	1628	1628	1628	1627	1628	1628	1628	1628	1628	1629	1628	1628	1628	1628	1628	1628	1628	1628	1628	1628	1628	1628	1628	1628	1628	1628	1628	1628	1628	1627	1627	1627
3267	600369	1629	1628	1628	1629	1628	1629	1628	1628	1629	1628	1629	1628	1628	1629	1629	1629	1628	1628	1629	1628	1629	1628	1628	1629	1628	1629	1628	1628	1628	1628	1628	1629	1628	1629	1628	1629	1629	1629	1628	1629	1628	1628	1629	1629	1629	1629	1628	1628	1628	1629	1628	1628	1628	1628	1628	1628	1628	1628	1628	1628	1628	1629	1628	1628	1629	1627	1628	1628	1628	1628	1628	1628	1628	1628	1628	1628	1629	1628	1628	1628	1628	1629	1629	1628	1629	1629	1628	1630	1629	1629	1628	1629	1628	1628	1629	1628	1628	1628	1628	1627	1628	1628	1628	1628	1628	1628	1628	1627	1628	1628	1629	1628	1628	1628	1628	1628	1628	1628	1629	1628	1628	1628	1628	1629	1628	1629	1628	1629
3268	600861	1630	1630	1629	1629	1629	1630	1629	1629	1629	1629	1629	1629	1628	1629	1629	1628	1629	1628	1629	1629	1629	1629	1629	1629	1629	1629	1629	1629	1628	1629	1628	1630	1628	1628	1629	1629	1629	1630	1629	1629	1629	1629	1629	1629	1628	1630	1629	1628	1629	1628	1630	1629	1629	1629	1629	1630	1628	1629	1629	1629	1630	1629	1629	1629	1629	1630	1629	1629	1628	1628	1629	1629	1629	1629	1630	1629	1629	1629	1628	1630	1630	1629	1630	1629	1628	1629	1629	1628	1628	1629	1629	1630	1629	1629	1630	1629	1630	1629	1630	1630	1630	1630	1629	1628	1630	1629	1629	1631	1629	1629	1629	1629	1629	1629	1629	1629	1629	1629	1629	1629	1629	1629	1629	1628	1628	1629	1629	1629
3269	601353	1629	1630	1629	1630	1629	1629	1630	1629	1629	1629	1629	1629	1629	1629	1629	1632	1629	1629	1630	1630	1630	1630	1630	1630	1629	1630	1629	1630	1630	1629	1630	1630	1629	1630	1629	1629	1629	1629	1629	1629	1629	1629	1629	1629	1630	1630	1630	1630	1630	1630	1629	1630	1629	1630	1629	1629	1629	1629	1629	1629	1629	1629	1629	1628	1628	1629	1628	1629	1628	1629	1630	1629	1629	1629	1629	1629	1629	1629	1629	1629	1629	1629	1629	1629	1630	1629	1629	1629	1629	1630	1629	1629	1630	1629	1629	1630	1630	1630	1630	1630	1630	1630	1630	1630	1630	1629	1630	1630	1630	1630	1630	1629	1630	1629	1629	1629	1630	1629	1629	1629	1630	1629	1629	1630	1629	1629	1630	1629
3270	601846	1629	1629	1629	1629	1630	1630	1630	1629	1629	1629	1629	1630	1629	1629	1629	1629	1629	1630	1629	1630	1629	1630	1629	1630	1630	1630	1630	1630	1631	1631	1630	1630	1631	1630	1630	1630	1630	1630	1630	1630	1630	1630	1631	1630	1630	1631	1631	1630	1631	1631	1631	1631	1630	1631	1630	1631	1631	1630	1631	1630	1630	1630	1630	1631	1630	1630	1630	1629	1630	1629	1630	1630	1630	1630	1630	1630	1630	1630	1630	1630	1630	1630	1629	1629	1630	1629	1630	1631	1629	1630	1630	1629	1630	1630	1629	1629	1630	1630	1630	1630	1630	1630	1630	1630	1631	1630	1630	1630	1630	1630	1630	1630	1630	1630	1630	1630	1629	1630	1630	1630	1630	1630	1631	1630	1630	1630	1630	1631
3271	602338	1630	1630	1630	1631	1630	1630	1630	1630	1631	1630	1630	1631	1630	1630	1631	1630	1630	1630	1631	1630	1631	1630	1630	1630	1631	1631	1630	1630	1631	1631	1631	1631	1630	1631	1630	1631	1630	1631	1630	1630	1631	1630	1631	1630	1631	1631	1630	1631	1630	1629	1631	1631	1630	1630	1630	1630	1630	1630	1629	1631	1630	1630	1630	1629	1629	1630	1631	1630	1631	1631	1630	1631	1631	1630	1630	1630	1631	1630	1629	1630	1630	1630	1630	1630	1630	1630	1631	1631	1630	1630	1630	1630	1629	1630	1630	1631	1630	1630	1630	1631	1630	1630	1631	1630	1630	1630	1630	1630	1630	1630	1630	1630	1631	1630	1630	1630	1632	1630	1630	1630	1630	1630	1630	1630	1630	1631	1630	1631
3272	602830	1631	1630	1631	1631	1630	1630	1631	1631	1631	1630	1631	1631	1631	1631	1631	1631	1631	1631	1632	1631	1631	1631	1631	1631	1630	1631	1631	1631	1631	1631	1631	1631	1631	1630	1631	1630	1630	1631	1631	1631	1630	1631	1631	1631	1631	1631	1631	1631	1632	1631	1631	1631	1631	1630	1631	1631	1630	1631	1630	1631	1631	1630	1631	1631	1631	1630	1630	1631	1630	1631	1631	1630	1631	1630	1631	1631	1630	1631	1631	1631	1631	1630	1631	1631	1631	1630	1631	1631	1631	1631	1631	1632	1631	1632	1632	1630	1631	1632	1631	1630	1631	1631	1631	1631	1631	1631	1631	1631	1631	1630	1631	1631	1630	1630	1631	1630	1631	1631	1631	1631	1631	1631	1631	1631	1630	1631	1630	1630
3273	603323	1631	1632	1631	1631	1631	1632	1631	1631	1631	1631	1631	1632	1632	1631	1632	1632	1632	1632	1632	1632	1632	1632	1631	1632	1632	1631	1632	1631	1631	1632	1632	1632	1631	1631	1632	1632	1632	1631	1632	1632	1631	1632	1632	1632	1631	1631	1631	1631	1631	1631	1631	1631	1630	1630	1630	1631	1631	1631	1631	1631	1631	1631	1630	1631	1630	1630	1631	1631	1631	1631	1631	1631	1631	1631	1630	1631	1631	1630	1631	1631	1631	1631	1631	1631	1630	1631	1631	1632	1632	1631	1631	1632	1631	1631	1630	1631	1631	1631	1631	1630	1631	1631	1632	1631	1631	1632	1631	1631	1631	1631	1631	1631	1632	1631	1632	1632	1631	1631	1631	1631	1631	1630	1631	1630	1630	1630	1630	1631
3274	603815	1632	1632	1632	1632	1632	1632	1632	1632	1632	1632	1632	1632	1631	1632	1632	1632	1632	1632	1632	1632	1632	1632	1631	1632	1632	1632	1631	1631	1632	1631	1632	1632	1632	1632	1631	1632	1632	1632	1632	1632	1632	1631	1631	1632	1632	1632	1632	1632	1631	1631	1632	1631	1632	1632	1632	1632	1632	1632	1632	1631	1632	1632	1632	1632	1632	1631	1631	1631	1632	1631	1631	1631	1631	1631	1631	1631	1631	1631	1631	1631	1631	1632	1632	1631	1632	1631	1632	1632	1632	1631	1632	1631	1632	1631	1631	1631	1632	1631	1631	1632	1633	1631	1631	1631	1632	1632	1632	1632	1632	1632	1632	1632	1632	1631	1631	1631	1631	1633	1631	1631	1631	1631	1631	1631	1632	1632	1632	1631
3275	604307	1633	1633	1633	1632	1632	1632	1633	1632	1632	1632	1632	1632	1632	1632	1632	1632	1632	1632	1632	1632	1632	1632	1632	1632	1631	1632	1632	1632	1632	1631	1632	1632	1632	1632	1631	1631	1632	1632	1632	1632	1632	1631	1631	1632	1632	1632	1632	1632	1632	1633	1632	1633	1632	1632	1632	1632	1632	1631	1632	1632	1632	1632	1633	1632	1632	1632	1633	1633	1632	1633	1632	1632	1632	1633	1633	1633	1633	1632	1632	1632	1633	1632	1633	1632	1632	1632	1632	1632	1632	1632	1633	1632	1633	1633	1632	1633	1632	1632	1631	1632	1632	1631	1632	1632	1632	1631	1632	1632	1632	1632	1632	1632	1632	1631	1632	1632	1632	1631	1632	1632	1632	1632	1633	1632	1633	1632	1632	1632
3276	604800	1632	1632	1633	1633	1632	1632	1633	1633	1633	1633	1633	1632	1633	1633	1633	1632	1632	1632	1632	1633	1633	1633	1632	1632	1632	1633	1633	1633	1633	1632	1633	1633	1633	1632	1633	1632	1633	1632	1632	1633	1632	1632	1632	1633	1633	1633	1633	1632	1633	1633	1633	1633	1632	1632	1633	1633	1633	1632	1633	1633	1633	1632	1632	1632	1632	1633	1633	1632	1632	1633	1633	1633	1632	1633	1633	1632	1633	1633	1633	1632	1633	1633	1633	1633	1633	1633	1632	1632	1633	1633	1633	1632	1633	1633	1632	1633	1634	1633	1633	1632	1633	1633	1633	1633	1633	1633	1633	1633	1633	1633	1633	1633	1633	1633	1633	1633	1633	1633	1632	1633	1633	1633	1633	1633	1632	1634	1633	1634
3277	605292	1634	1634	1634	1633	1634	1633	1634	1633	1633	1634	1633	1633	1633	1633	1633	1633	1633	1633	1633	1633	1633	1633	1633	1633	1633	1633	1633	1633	1634	1633	1633	1633	1633	1633	1633	1633	1633	1633	1634	1633	1633	1633	1633	1633	1633	1634	1633	1634	1633	1633	1633	1635	1633	1633	1634	1633	1634	1633	1634	1634	1633	1633	1634	1634	1633	1633	1633	1633	1634	1633	1634	1634	1633	1633	1632	1633	1633	1633	1633	1633	1633	1633	1633	1633	1633	1633	1633	1632	1633	1632	1633	1633	1633	1633	1633	1632	1632	1633	1633	1632	1633	1633	1633	1633	1632	1633	1633	1633	1632	1634	1633	1633	1634	1632	1633	1633	1633	1633	1633	1633	1633	1632	1633	1633	1633	1633	1633	1634
3278	605784	1633	1633	1633	1633	1633	1633	1634	1633	1635	1635	1634	1634	1634	1634	1634	1634	1635	1633	1633	1634	1634	1633	1633	1634	1634	1634	1635	1635	1634	1634	1634	1634	1635	1634	1635	1635	1635	1635	1634	1634	1634	1634	1634	1635	1633	1634	1634	1634	1635	1634	1634	1633	1634	1634	1634	1633	1634	1634	1634	1634	1634	1633	1633	1633	1633	1633	1633	1633	1633	1633	1633	1633	1633	1633	1634	1633	1633	1633	1633	1633	1633	1633	1634	1633	1633	1634	1634	1634	1633	1634	1634	1634	1634	1634	1634	1633	1633	1633	1633	1633	1633	1634	1634	1634	1634	1634	1633	1633	1634	1634	1633	1634	1634	1634	1634	1634	1633	1634	1634	1633	1633	1633	1633	1633	1633	1633	1633	1633
3279	606276	1634	1634	1634	1634	1634	1635	1634	1634	1634	1634	1634	1634	1634	1633	1634	1634	1634	1634	1633	1634	1634	1634	1634	1634	1634	1634	1634	1634	1634	1634	1634	1635	1634	1634	1634	1634	1635	1634	1634	1634	1634	1634	1634	1634	1634	1634	1634	1634	1635	1635	1634	1634	1634	1634	1635	1634	1634	1635	1634	1635	1634	1634	1635	1634	1634	1634	1635	1635	1634	1634	1633	1634	1634	1635	1634	1634	1635	1634	1635	1634	1633	1634	1634	1634	1634	1635	1634	1633	1634	1633	1634	1634	1634	1635	1634	1634	1634	1634	1634	1634	1634	1633	1634	1634	1633	1634	1634	1634	1633	1634	1634	1634	1634	1634	1634	1634	1634	1634	1634	1635	1635	1634	1634	1634	1634	1634	1634	1635
3280	606769	1635	1635	1635	1636	1634	1635	1636	1635	1635	1635	1634	1634	1634	1635	1634	1634	1634	1633	1634	1634	1634	1633	1634	1634	1634	1634	1634	1635	1635	1633	1634	1633	1634	1634	1634	1634	1634	1634	1635	1634	1634	1635	1634	1634	1633	1634	1633	1634	1635	1634	1634	1635	1635	1635	1635	1635	1635	1635	1635	1635	1635	1635	1635	1636	1635	1635	1635	1635	1635	1635	1635	1634	1635	1634	1634	1634	1633	1635	1635	1635	1635	1634	1635	1634	1634	1635	1635	1635	1634	1635	1635	1635	1634	1634	1635	1634	1634	1635	1634	1634	1635	1633	1635	1635	1634	1635	1635	1635	1635	1636	1635	1635	1635	1635	1635	1634	1635	1634	1635	1635	1635	1634	1634	1634	1634	1634	1635	1634
3281	607261	1635	1636	1634	1635	1635	1635	1635	1635	1635	1636	1635	1636	1634	1635	1635	1635	1635	1635	1635	1635	1635	1635	1634	1635	1635	1634	1635	1635	1635	1635	1635	1636	1635	1635	1635	1635	1634	1635	1635	1635	1635	1635	1635	1636	1635	1635	1635	1635	1635	1636	1634	1636	1636	1636	1635	1636	1636	1635	1635	1636	1635	1635	1635	1635	1636	1635	1635	1635	1635	1635	1635	1636	1636	1635	1636	1635	1636	1636	1636	1635	1635	1635	1636	1636	1635	1635	1635	1635	1638	1635	1636	1635	1635	1635	1635	1635	1636	1636	1635	1635	1636	1636	1636	1636	1635	1635	1635	1635	1635	1636	1635	1635	1635	1635	1634	1635	1636	1636	1635	1635	1635	1635	1636	1635	1636	1635	1635	1635
3282	607753	1635	1635	1635	1635	1635	1636	1636	1636	1636	1636	1636	1636	1636	1636	1636	1636	1635	1636	1636	1636	1636	1636	1635	1636	1636	1636	1636	1636	1636	1636	1636	1636	1636	1636	1636	1636	1636	1636	1636	1636	1635	1638	1636	1636	1636	1636	1636	1636	1636	1635	1636	1635	1635	1636	1635	1635	1635	1635	1635	1636	1635	1635	1635	1635	1636	1635	1634	1635	1635	1635	1635	1635	1636	1635	1635	1635	1636	1636	1636	1636	1636	1637	1637	1636	1637	1637	1636	1636	1636	1636	1636	1636	1636	1636	1636	1636	1636	1635	1635	1635	1636	1636	1636	1636	1636	1635	1636	1636	1636	1636	1636	1636	1636	1636	1636	1636	1635	1635	1636	1636	1635	1635	1636	1636	1636	1636	1635	1636
3283	608246	1635	1635	1635	1635	1635	1635	1635	1636	1635	1635	1636	1635	1636	1635	1635	1635	1636	1636	1636	1636	1636	1636	1636	1636	1637	1636	1636	1636	1636	1636	1635	1637	1635	1636	1636	1636	1637	1636	1637	1637	1636	1637	1636	1637	1636	1636	1637	1636	1637	1637	1636	1637	1636	1636	1636	1636	1636	1636	1636	1636	1636	1636	1637	1637	1637	1637	1637	1637	1637	1637	1636	1635	1636	1636	1636	1636	1636	1636	1636	1635	1637	1635	1636	1635	1635	1636	1636	1635	1636	1636	1636	1636	1636	1637	1636	1636	1636	1636	1636	1636	1636	1637	1636	1637	1636	1636	1636	1636	1636	1636	1637	1636	1636	1636	1637	1636	1636	1636	1636	1636	1636	1635	1636	1636	1636	1636	1636	1636
3284	608738	1636	1636	1636	1636	1637	1637	1636	1636	1635	1636	1637	1637	1637	1637	1636	1637	1637	1636	1637	1636	1637	1636	1637	1637	1637	1637	1637	1637	1637	1636	1638	1637	1637	1636	1636	1636	1636	1637	1636	1636	1636	1636	1636	1637	1636	1636	1637	1636	1636	1636	1636	1636	1636	1636	1637	1636	1636	1637	1636	1636	1636	1637	1637	1636	1637	1635	1636	1637	1636	1637	1636	1636	1637	1637	1637	1637	1637	1637	1637	1637	1637	1637	1637	1636	1637	1636	1637	1637	1637	1637	1637	1636	1637	1637	1637	1636	1637	1637	1637	1637	1637	1637	1637	1637	1636	1636	1636	1636	1637	1636	1637	1636	1636	1636	1636	1636	1637	1636	1637	1637	1637	1637	1637	1637	1636	1636	1636	1636
3285	609230	1638	1638	1637	1638	1638	1637	1637	1637	1637	1637	1636	1637	1637	1637	1638	1636	1636	1636	1636	1636	1637	1637	1637	1637	1637	1638	1637	1637	1637	1637	1637	1637	1637	1637	1637	1637	1637	1637	1637	1637	1637	1637	1637	1637	1637	1638	1637	1637	1637	1637	1637	1638	1638	1637	1638	1638	1637	1637	1637	1638	1638	1637	1638	1637	1637	1637	1638	1636	1637	1637	1637	1637	1637	1637	1637	1637	1638	1637	1637	1637	1637	1637	1637	1636	1637	1637	1637	1637	1637	1637	1637	1637	1636	1637	1636	1637	1637	1637	1637	1637	1638	1637	1637	1637	1638	1638	1638	1638	1637	1638	1638	1638	1637	1638	1637	1637	1637	1638	1638	1638	1638	1637	1638	1637	1637	1638	1637	1638
3286	609723	1638	1638	1637	1637	1638	1638	1637	1638	1637	1637	1637	1637	1637	1637	1637	1638	1638	1637	1638	1637	1637	1637	1637	1637	1638	1637	1638	1637	1637	1637	1637	1637	1637	1637	1637	1637	1638	1637	1637	1637	1637	1637	1637	1636	1638	1636	1637	1637	1638	1637	1637	1638	1637	1637	1638	1637	1637	1638	1637	1638	1637	1638	1638	1637	1637	1638	1638	1638	1638	1638	1637	1637	1638	1638	1638	1638	1638	1638	1638	1637	1638	1638	1638	1638	1638	1638	1638	1638	1638	1638	1638	1638	1638	1638	1637	1638	1637	1638	1638	1637	1636	1638	1637	1638	1638	1638	1638	1638	1638	1639	1639	1638	1638	1638	1637	1638	1637	1638	1637	1639	1637	1637	1638	1638	1638	1637	1637	1638
3287	610215	1638	1638	1639	1639	1638	1638	1638	1639	1638	1638	1638	1639	1639	1639	1639	1638	1639	1639	1638	1638	1638	1638	1639	1638	1638	1639	1638	1638	1638	1638	1639	1638	1639	1638	1639	1639	1638	1638	1638	1638	1638	1637	1637	1638	1637	1638	1637	1638	1638	1637	1638	1638	1638	1637	1637	1638	1638	1638	1638	1637	1637	1638	1638	1638	1638	1638	1639	1638	1638	1638	1638	1639	1638	1638	1639	1639	1639	1639	1639	1639	1639	1638	1638	1638	1638	1639	1638	1638	1639	1639	1638	1639	1639	1639	1639	1639	1639	1639	1638	1638	1638	1638	1638	1637	1638	1638	1637	1638	1637	1639	1638	1637	1638	1637	1638	1638	1638	1638	1638	1638	1638	1638	1638	1638	1638	1638	1638	1638
3288	610707	1639	1639	1640	1639	1639	1639	1639	1639	1639	1638	1639	1639	1639	1638	1639	1639	1639	1639	1638	1639	1639	1639	1639	1639	1639	1639	1639	1638	1638	1639	1638	1638	1638	1638	1639	1638	1638	1638	1638	1639	1637	1638	1638	1638	1639	1638	1638	1638	1638	1638	1639	1639	1639	1638	1638	1639	1639	1639	1638	1639	1639	1639	1639	1639	1639	1639	1639	1639	1639	1639	1639	1639	1639	1639	1639	1639	1638	1639	1639	1639	1639	1639	1639	1639	1639	1639	1639	1638	1638	1639	1639	1639	1639	1639	1639	1638	1639	1638	1638	1638	1638	1639	1638	1638	1639	1639	1639	1638	1638	1638	1639	1639	1638	1639	1638	1639	1639	1638	1639	1638	1638	1639	1639	1638	1638	1639	1639	1639
3289	611200	1639	1638	1639	1639	1639	1639	1639	1639	1639	1639	1639	1639	1639	1639	1638	1639	1639	1639	1638	1639	1639	1639	1639	1639	1640	1639	1639	1639	1639	1639	1639	1639	1639	1639	1639	1639	1639	1639	1639	1639	1639	1639	1639	1639	1640	1639	1639	1639	1639	1639	1639	1639	1639	1639	1639	1639	1639	1639	1639	1639	1639	1640	1639	1639	1640	1639	1640	1640	1639	1640	1640	1640	1639	1639	1640	1639	1639	1640	1639	1640	1639	1639	1639	1639	1639	1639	1639	1639	1640	1639	1639	1639	1639	1639	1638	1639	1639	1639	1640	1639	1639	1639	1640	1640	1639	1639	1639	1639	1639	1639	1639	1639	1639	1640	1639	1639	1639	1639	1639	1639	1639	1640	1639	1639	1639	1639	1639	1639
3290	611692	1639	1639	1639	1639	1639	1640	1639	1640	1639	1639	1640	1639	1639	1639	1638	1638	1638	1639	1639	1639	1639	1639	1639	1639	1639	1639	1638	1639	1640	1639	1639	1639	1639	1639	1639	1639	1639	1639	1640	1639	1639	1639	1639	1639	1639	1639	1639	1639	1639	1640	1639	1639	1639	1639	1640	1640	1639	1640	1639	1640	1639	1639	1639	1640	1641	1639	1639	1639	1639	1639	1639	1640	1639	1639	1639	1639	1639	1638	1639	1639	1639	1639	1639	1639	1639	1639	1639	1639	1639	1639	1639	1639	1639	1639	1639	1639	1639	1639	1640	1639	1639	1639	1639	1639	1639	1639	1639	1639	1640	1640	1640	1640	1640	1640	1639	1640	1640	1640	1640	1639	1640	1640	1639	1640	1640	1639	1639	1639
3291	612184	1640	1641	1640	1640	1640	1640	1640	1640	1641	1640	1640	1640	1640	1640	1640	1639	1640	1640	1640	1640	1640	1640	1640	1640	1640	1640	1640	1640	1640	1640	1640	1640	1640	1640	1640	1639	1639	1640	1640	1640	1640	1640	1640	1640	1640	1640	1640	1640	1640	1640	1639	1640	1639	1640	1639	1639	1639	1639	1640	1639	1640	1639	1640	1640	1639	1641	1640	1640	1640	1640	1640	1640	1640	1640	1640	1640	1640	1640	1639	1640	1640	1640	1640	1640	1640	1640	1640	1640	1640	1640	1641	1640	1640	1639	1640	1639	1640	1640	1640	1639	1640	1640	1640	1640	1640	1639	1640	1640	1640	1640	1640	1640	1639	1639	1640	1639	1640	1639	1640	1639	1639	1640	1639	1640	1640	1640	1640	1639
3292	612676	1641	1641	1641	1641	1641	1641	1641	1641	1641	1642	1642	1640	1641	1641	1641	1640	1641	1641	1641	1641	1640	1641	1641	1641	1640	1640	1640	1640	1641	1640	1640	1640	1640	1640	1639	1640	1640	1639	1640	1639	1640	1640	1640	1639	1640	1640	1640	1640	1640	1640	1640	1639	1640	1640	1639	1639	1640	1640	1639	1639	1640	1639	1640	1640	1640	1640	1639	1640	1640	1641	1640	1641	1641	1640	1640	1641	1641	1640	1640	1641	1641	1641	1640	1640	1640	1641	1641	1641	1641	1641	1641	1640	1641	1641	1641	1640	1641	1641	1641	1641	1641	1641	1640	1641	1641	1640	1641	1640	1640	1639	1640	1640	1640	1640	1640	1641	1640	1640	1640	1639	1640	1640	1640	1640	1640	1640	1640	1640
3293	613169	1640	1641	1641	1641	1641	1641	1640	1642	1641	1641	1641	1641	1640	1641	1641	1640	1641	1642	1641	1641	1641	1641	1641	1641	1641	1640	1642	1641	1642	1642	1641	1641	1641	1641	1641	1641	1641	1640	1641	1641	1641	1640	1641	1641	1644	1641	1640	1640	1642	1641	1641	1641	1641	1641	1641	1641	1641	1641	1641	1641	1642	1641	1641	1640	1641	1641	1641	1641	1641	1641	1641	1642	1641	1641	1641	1641	1641	1641	1641	1641	1642	1641	1641	1641	1642	1642	1641	1641	1641	1642	1641	1641	1641	1641	1641	1641	1641	1641	1641	1641	1641	1642	1641	1642	1642	1642	1641	1641	1642	1641	1641	1641	1641	1641	1641	1642	1641	1641	1641	1641	1641	1640	1641	1641	1641	1641	1640	1641
3294	613661	1641	1641	1641	1641	1641	1642	1641	1641	1642	1642	1642	1642	1641	1641	1642	1641	1641	1641	1641	1641	1642	1641	1642	1641	1641	1641	1641	1641	1641	1641	1642	1641	1641	1641	1641	1642	1642	1641	1642	1642	1642	1642	1641	1642	1641	1642	1641	1642	1641	1642	1642	1641	1642	1641	1641	1642	1641	1642	1642	1641	1642	1641	1641	1641	1642	1642	1641	1641	1641	1642	1642	1641	1641	1642	1642	1641	1641	1641	1642	1641	1641	1641	1641	1641	1642	1642	1642	1642	1642	1642	1642	1642	1642	1642	1642	1643	1642	1641	1643	1643	1642	1642	1642	1642	1642	1641	1641	1642	1641	1642	1642	1642	1641	1639	1642	1642	1642	1641	1642	1642	1642	1641	1642	1641	1640	1641	1641	1642
3295	614153	1642	1643	1643	1643	1643	1643	1642	1643	1642	1642	1642	1642	1642	1642	1642	1641	1642	1642	1641	1642	1642	1641	1641	1642	1642	1641	1642	1642	1641	1642	1641	1642	1641	1642	1642	1641	1642	1641	1642	1641	1642	1642	1641	1641	1641	1642	1642	1641	1643	1642	1642	1642	1642	1642	1642	1642	1642	1642	1641	1641	1642	1641	1641	1642	1642	1642	1642	1641	1642	1641	1642	1642	1641	1642	1642	1642	1641	1642	1642	1642	1641	1641	1642	1641	1642	1641	1641	1642	1641	1642	1642	1642	1641	1642	1642	1642	1642	1641	1642	1642	1642	1642	1642	1642	1642	1642	1642	1642	1642	1642	1641	1641	1642	1641	1643	1642	1642	1642	1642	1643	1642	1642	1642	1641	1642	1643	1642	1642
3296	614646	1642	1642	1642	1642	1643	1642	1642	1642	1642	1643	1643	1642	1642	1643	1643	1642	1642	1642	1642	1642	1642	1642	1642	1642	1642	1642	1642	1643	1642	1642	1642	1642	1642	1642	1642	1641	1642	1642	1642	1642	1642	1642	1642	1642	1642	1642	1642	1643	1643	1643	1643	1643	1643	1644	1643	1643	1643	1644	1644	1643	1643	1643	1644	1643	1643	1644	1642	1643	1643	1643	1643	1643	1643	1642	1642	1643	1642	1643	1642	1642	1643	1642	1643	1642	1642	1642	1642	1643	1642	1643	1643	1642	1642	1642	1642	1641	1641	1642	1642	1642	1642	1642	1642	1642	1642	1642	1642	1643	1643	1642	1642	1642	1642	1642	1643	1642	1643	1642	1643	1643	1643	1643	1642	1642	1642	1642	1642	1642
3297	615138	1642	1643	1642	1642	1642	1642	1643	1643	1643	1643	1644	1643	1643	1643	1643	1643	1643	1644	1643	1643	1643	1643	1643	1643	1644	1643	1643	1643	1643	1643	1643	1643	1643	1643	1643	1643	1643	1644	1644	1644	1644	1643	1643	1644	1644	1643	1644	1642	1643	1643	1643	1643	1642	1643	1643	1643	1643	1643	1643	1642	1642	1643	1642	1643	1642	1643	1643	1642	1643	1643	1643	1643	1642	1642	1643	1643	1643	1642	1643	1643	1643	1643	1643	1643	1643	1643	1643	1643	1643	1643	1644	1642	1642	1643	1643	1644	1643	1643	1643	1643	1643	1643	1643	1642	1642	1643	1643	1643	1642	1642	1642	1642	1643	1642	1643	1643	1643	1643	1643	1643	1643	1643	1642	1643	1642	1643	1643	1643
3298	615630	1644	1644	1644	1644	1644	1645	1644	1644	1644	1644	1644	1643	1644	1643	1644	1644	1644	1643	1643	1643	1643	1644	1644	1644	1644	1643	1643	1644	1643	1644	1643	1643	1643	1643	1644	1643	1644	1643	1643	1643	1643	1643	1644	1644	1644	1643	1644	1644	1644	1643	1643	1643	1643	1644	1643	1643	1643	1643	1644	1643	1643	1643	1643	1643	1643	1643	1643	1643	1644	1643	1643	1644	1643	1644	1643	1644	1643	1643	1643	1644	1643	1643	1643	1644	1643	1644	1643	1644	1644	1644	1644	1644	1643	1643	1644	1643	1644	1644	1644	1644	1643	1644	1644	1643	1643	1643	1644	1643	1643	1644	1644	1643	1644	1643	1644	1643	1644	1644	1643	1644	1643	1644	1644	1644	1643	1644	1643	1644
3299	616123	1643	1644	1644	1644	1643	1643	1644	1644	1644	1644	1644	1644	1644	1644	1644	1644	1643	1645	1644	1643	1644	1643	1644	1644	1644	1644	1643	1644	1643	1643	1643	1643	1644	1643	1643	1643	1643	1644	1643	1644	1644	1644	1644	1643	1644	1644	1644	1644	1644	1644	1643	1644	1644	1644	1646	1644	1644	1644	1644	1644	1644	1644	1644	1644	1644	1645	1645	1644	1645	1644	1644	1645	1644	1645	1644	1645	1645	1644	1644	1644	1644	1644	1644	1644	1644	1644	1644	1644	1644	1644	1643	1644	1643	1643	1644	1644	1644	1644	1644	1644	1644	1644	1644	1644	1644	1644	1644	1644	1644	1644	1644	1645	1644	1644	1644	1643	1643	1644	1643	1644	1644	1644	1643	1643	1644	1644	1644	1644
3300	616615	1644	1645	1645	1644	1645	1644	1645	1644	1644	1645	1645	1645	1645	1645	1644	1644	1645	1645	1645	1644	1645	1645	1645	1645	1645	1645	1645	1644	1645	1644	1645	1645	1645	1644	1644	1644	1644	1644	1645	1644	1645	1644	1645	1644	1644	1645	1644	1645	1644	1644	1644	1644	1644	1644	1644	1645	1644	1645	1644	1645	1645	1644	1645	1645	1645	1645	1644	1646	1644	1645	1645	1645	1645	1644	1644	1644	1644	1645	1644	1645	1644	1645	1644	1644	1644	1644	1645	1645	1644	1645	1645	1644	1645	1644	1644	1644	1645	1644	1644	1644	1644	1644	1644	1644	1645	1644	1645	1645	1645	1644	1645	1646	1644	1644	1644	1644	1644	1644	1644	1644	1644	1644	1645	1644	1645	1644	1645	1644
3301	617107	1644	1645	1645	1645	1645	1644	1645	1645	1644	1645	1644	1645	1645	1645	1645	1644	1645	1645	1645	1645	1645	1646	1645	1645	1646	1645	1645	1645	1646	1646	1646	1645	1645	1645	1645	1645	1645	1645	1645	1645	1646	1645	1645	1645	1644	1645	1645	1645	1646	1646	1646	1646	1645	1646	1645	1646	1646	1645	1646	1645	1645	1645	1645	1645	1645	1645	1645	1645	1645	1645	1645	1645	1645	1645	1645	1646	1644	1645	1645	1645	1645	1645	1645	1645	1645	1645	1645	1646	1644	1646	1645	1645	1643	1645	1645	1645	1645	1646	1644	1646	1646	1645	1646	1645	1646	1645	1646	1645	1645	1646	1646	1645	1645	1645	1646	1645	1646	1646	1645	1646	1645	1646	1646	1645	1646	1645	1646	1645
3302	617600	1646	1645	1646	1646	1645	1645	1645	1645	1646	1645	1646	1644	1644	1645	1645	1645	1645	1645	1644	1645	1645	1645	1645	1645	1646	1645	1645	1645	1644	1645	1645	1646	1645	1644	1645	1645	1645	1645	1645	1645	1645	1645	1646	1645	1645	1646	1645	1646	1646	1645	1645	1645	1645	1646	1645	1646	1645	1645	1645	1645	1645	1645	1645	1646	1645	1646	1645	1646	1645	1646	1645	1646	1646	1646	1646	1646	1646	1645	1645	1645	1646	1645	1645	1645	1645	1646	1646	1646	1646	1646	1646	1646	1646	1645	1645	1646	1645	1646	1646	1646	1645	1645	1646	1646	1646	1645	1646	1644	1645	1646	1645	1645	1646	1645	1645	1646	1646	1646	1646	1645	1646	1646	1646	1646	1645	1646	1647	1646
3303	618092	1646	1645	1646	1645	1646	1646	1646	1646	1645	1646	1645	1646	1646	1645	1646	1645	1645	1645	1647	1645	1646	1646	1646	1646	1646	1646	1646	1645	1646	1646	1646	1646	1645	1646	1645	1645	1646	1646	1646	1645	1646	1646	1646	1646	1646	1646	1647	1646	1646	1646	1646	1647	1646	1645	1645	1646	1645	1646	1645	1646	1646	1646	1646	1646	1646	1646	1645	1646	1646	1646	1647	1646	1646	1646	1646	1646	1646	1646	1646	1646	1646	1645	1646	1646	1646	1646	1646	1646	1646	1645	1647	1647	1646	1646	1647	1647	1647	1646	1646	1646	1647	1647	1647	1647	1646	1646	1647	1645	1646	1647	1646	1647	1646	1646	1647	1646	1646	1646	1646	1646	1646	1646	1646	1646	1647	1646	1647	1645
3304	618584	1646	1646	1647	1646	1647	1646	1646	1646	1646	1646	1646	1646	1646	1646	1646	1647	1646	1647	1646	1646	1647	1646	1646	1646	1646	1646	1646	1646	1645	1645	1647	1645	1646	1646	1646	1646	1646	1647	1646	1645	1647	1646	1647	1646	1646	1646	1646	1647	1646	1647	1647	1647	1647	1646	1647	1647	1647	1647	1646	1647	1646	1647	1648	1647	1647	1647	1647	1647	1646	1646	1647	1647	1647	1646	1646	1647	1647	1646	1646	1646	1647	1647	1646	1646	1647	1647	1646	1646	1646	1646	1646	1646	1647	1646	1646	1646	1646	1646	1646	1646	1646	1646	1646	1646	1646	1646	1645	1646	1646	1646	1646	1646	1647	1647	1645	1646	1646	1647	1646	1646	1646	1646	1647	1646	1646	1646	1646	1646
3305	619076	1647	1647	1647	1648	1647	1648	1647	1647	1648	1647	1647	1647	1646	1647	1646	1646	1646	1647	1646	1647	1646	1646	1647	1647	1646	1647	1646	1647	1647	1647	1646	1647	1647	1647	1647	1646	1646	1647	1646	1647	1646	1646	1647	1646	1647	1647	1647	1647	1647	1647	1647	1647	1648	1648	1647	1648	1648	1648	1647	1648	1647	1647	1647	1647	1647	1647	1647	1647	1647	1647	1647	1647	1647	1647	1647	1647	1647	1648	1647	1648	1648	1647	1647	1647	1647	1647	1648	1647	1647	1647	1646	1646	1647	1647	1647	1647	1647	1647	1647	1646	1647	1647	1647	1647	1647	1646	1647	1646	1647	1647	1647	1647	1646	1647	1647	1646	1647	1646	1647	1647	1647	1648	1647	1647	1647	1648	1647	1648
3306	619569	1648	1648	1647	1648	1649	1647	1648	1647	1648	1647	1647	1647	1647	1647	1648	1647	1647	1647	1647	1648	1648	1648	1648	1647	1647	1648	1648	1648	1648	1648	1648	1648	1648	1648	1648	1648	1647	1647	1648	1647	1648	1647	1647	1648	1647	1647	1647	1648	1648	1647	1648	1647	1648	1647	1647	1647	1647	1647	1647	1647	1647	1647	1647	1647	1647	1648	1647	1647	1647	1647	1647	1647	1647	1647	1647	1647	1647	1648	1648	1647	1647	1647	1647	1648	1647	1647	1647	1647	1647	1647	1647	1648	1648	1647	1648	1648	1648	1648	1648	1648	1647	1648	1648	1648	1648	1648	1647	1648	1647	1647	1647	1647	1647	1647	1647	1648	1647	1648	1647	1648	1647	1648	1648	1648	1648	1647	1647	1648
3307	620061	1648	1649	1649	1648	1647	1647	1647	1647	1646	1647	1648	1647	1648	1648	1647	1648	1648	1647	1648	1647	1648	1648	1648	1648	1648	1648	1648	1649	1648	1647	1648	1648	1648	1648	1647	1648	1648	1648	1648	1648	1648	1649	1649	1649	1650	1649	1648	1649	1649	1649	1648	1648	1649	1648	1649	1648	1649	1648	1648	1649	1648	1649	1649	1649	1648	1648	1649	1648	1648	1649	1648	1649	1648	1648	1648	1648	1648	1648	1648	1647	1648	1648	1648	1647	1648	1648	1647	1648	1648	1648	1648	1648	1648	1648	1648	1648	1648	1648	1648	1648	1648	1647	1648	1647	1648	1648	1648	1648	1648	1647	1647	1647	1647	1648	1648	1648	1648	1648	1648	1647	1648	1648	1646	1648	1648	1648	1648	1647
3308	620553	1648	1648	1648	1648	1648	1648	1647	1648	1648	1648	1648	1648	1649	1647	1648	1649	1648	1648	1648	1648	1648	1648	1649	1648	1648	1648	1649	1648	1648	1649	1648	1649	1648	1649	1649	1648	1648	1649	1649	1649	1649	1649	1648	1649	1649	1648	1649	1647	1649	1649	1648	1649	1648	1648	1649	1649	1649	1648	1648	1648	1648	1648	1648	1649	1648	1648	1648	1648	1648	1648	1648	1648	1648	1648	1648	1648	1648	1648	1648	1648	1648	1649	1648	1649	1649	1648	1648	1648	1649	1649	1648	1648	1648	1648	1648	1648	1648	1649	1649	1648	1649	1648	1649	1649	1649	1649	1649	1649	1649	1649	1649	1648	1649	1649	1648	1649	1648	1648	1649	1648	1649	1649	1649	1648	1649	1649	1649	1650
3309	621046	1648	1649	1649	1648	1648	1649	1649	1649	1649	1650	1648	1649	1649	1648	1649	1648	1649	1649	1648	1649	1649	1649	1649	1649	1649	1649	1650	1649	1649	1649	1650	1649	1649	1649	1649	1649	1649	1649	1649	1649	1649	1649	1649	1649	1649	1649	1649	1649	1649	1650	1649	1650	1649	1649	1650	1650	1649	1649	1648	1649	1649	1649	1649	1649	1649	1649	1648	1649	1649	1648	1649	1649	1648	1649	1649	1648	1649	1648	1648	1648	1648	1648	1649	1648	1649	1649	1648	1648	1648	1648	1648	1649	1649	1648	1648	1648	1649	1648	1648	1649	1649	1649	1649	1650	1649	1650	1648	1649	1649	1649	1649	1648	1649	1649	1649	1649	1649	1649	1649	1649	1649	1649	1649	1649	1649	1649	1649	1649
3310	621538	1650	1649	1649	1650	1650	1649	1649	1650	1650	1649	1650	1649	1649	1649	1650	1649	1649	1649	1650	1650	1649	1650	1649	1650	1649	1649	1649	1649	1649	1650	1649	1650	1649	1649	1649	1650	1650	1650	1649	1649	1649	1649	1649	1649	1649	1649	1649	1649	1649	1650	1649	1650	1649	1650	1650	1650	1649	1649	1649	1650	1649	1649	1649	1648	1649	1649	1650	1649	1649	1648	1650	1650	1650	1650	1649	1650	1649	1649	1649	1649	1649	1649	1649	1650	1649	1649	1649	1649	1649	1649	1648	1649	1649	1649	1649	1650	1649	1649	1649	1649	1649	1649	1650	1649	1649	1649	1648	1649	1648	1649	1648	1649	1649	1649	1650	1649	1649	1649	1649	1650	1649	1650	1650	1650	1650	1649	1649	1650
3311	622030	1651	1651	1651	1650	1651	1650	1650	1651	1651	1650	1651	1650	1650	1650	1650	1650	1650	1650	1649	1650	1650	1651	1650	1650	1650	1650	1650	1650	1650	1650	1650	1649	1650	1650	1650	1650	1650	1649	1650	1649	1649	1650	1649	1649	1649	1649	1650	1650	1650	1650	1650	1649	1650	1650	1649	1650	1650	1649	1650	1650	1650	1650	1650	1650	1649	1650	1649	1650	1650	1650	1650	1649	1650	1650	1650	1651	1650	1650	1650	1651	1650	1650	1650	1651	1650	1650	1650	1650	1650	1650	1650	1650	1650	1650	1649	1650	1650	1650	1649	1649	1649	1649	1650	1649	1650	1649	1650	1650	1650	1650	1649	1649	1649	1649	1649	1650	1649	1650	1650	1650	1650	1649	1650	1649	1649	1649	1650	1649
3312	622523	1651	1651	1651	1651	1651	1649	1651	1651	1650	1651	1651	1650	1650	1651	1651	1651	1650	1650	1651	1650	1651	1650	1650	1650	1651	1650	1650	1650	1651	1650	1650	1650	1651	1650	1650	1650	1651	1650	1651	1651	1651	1651	1651	1650	1650	1651	1651	1651	1651	1651	1651	1651	1650	1651	1651	1651	1651	1651	1651	1651	1651	1651	1649	1651	1651	1651	1650	1651	1650	1651	1650	1650	1651	1651	1650	1650	1650	1651	1650	1650	1650	1652	1649	1650	1649	1649	1650	1649	1650	1649	1650	1650	1650	1649	1650	1650	1651	1649	1650	1650	1650	1651	1650	1651	1650	1650	1651	1650	1650	1650	1650	1651	1650	1651	1649	1650	1650	1650	1650	1650	1651	1650	1650	1651	1650	1651	1651	1650
3313	623015	1650	1651	1651	1651	1651	1651	1651	1651	1651	1650	1651	1651	1651	1651	1652	1652	1651	1651	1651	1651	1652	1651	1651	1651	1651	1651	1651	1652	1652	1651	1651	1651	1651	1651	1651	1651	1651	1651	1651	1651	1652	1651	1651	1651	1651	1651	1651	1651	1650	1651	1651	1651	1651	1651	1651	1651	1651	1651	1651	1651	1651	1650	1651	1650	1651	1651	1651	1651	1650	1650	1650	1651	1651	1650	1651	1650	1650	1651	1651	1651	1650	1650	1650	1650	1651	1650	1650	1651	1651	1651	1651	1651	1651	1651	1651	1651	1652	1651	1651	1652	1651	1651	1651	1651	1652	1651	1651	1652	1651	1653	1652	1652	1652	1652	1652	1652	1652	1652	1650	1651	1650	1651	1651	1651	1651	1651	1651	1651
3314	623507	1651	1651	1652	1651	1651	1650	1651	1652	1651	1651	1651	1651	1652	1651	1651	1651	1651	1651	1651	1652	1652	1651	1651	1651	1652	1652	1652	1651	1651	1651	1652	1652	1652	1651	1651	1651	1651	1651	1651	1651	1651	1651	1651	1651	1650	1651	1651	1652	1651	1651	1652	1652	1651	1652	1651	1651	1651	1651	1651	1652	1651	1651	1651	1651	1651	1650	1652	1651	1651	1651	1651	1652	1651	1651	1651	1651	1650	1651	1650	1651	1651	1651	1651	1651	1651	1651	1651	1651	1651	1651	1651	1651	1651	1651	1651	1651	1651	1650	1651	1651	1652	1651	1651	1651	1651	1652	1652	1652	1652	1651	1651	1652	1651	1652	1651	1652	1652	1651	1651	1651	1652	1651	1651	1652	1652	1652	1652	1651
3315	624000	1651	1652	1652	1651	1652	1651	1652	1651	1652	1652	1652	1652	1651	1651	1652	1651	1652	1651	1651	1652	1652	1652	1652	1652	1652	1652	1652	1652	1652	1652	1652	1652	1652	1652	1652	1652	1652	1652	1652	1651	1652	1652	1652	1652	1651	1652	1652	1652	1651	1652	1652	1651	1652	1652	1651	1652	1652	1652	1652	1652	1652	1651	1651	1651	1652	1652	1652	1652	1652	1652	1651	1651	1652	1652	1652	1652	1651	1652	1651	1652	1652	1651	1652	1652	1652	1652	1652	1652	1652	1652	1652	1652	1652	1652	1653	1652	1652	1652	1651	1652	1652	1652	1652	1651	1652	1651	1652	1652	1652	1652	1652	1651	1652	1652	1653	1652	1652	1653	1652	1652	1651	1652	1652	1652	1652	1652	1652	1653
3316	624492	1653	1653	1653	1652	1652	1652	1653	1653	1652	1652	1652	1652	1652	1652	1653	1653	1652	1652	1652	1653	1653	1653	1652	1652	1653	1652	1652	1653	1652	1652	1652	1652	1652	1652	1652	1652	1652	1652	1652	1652	1652	1651	1652	1652	1653	1652	1652	1652	1652	1652	1652	1653	1652	1653	1653	1653	1653	1653	1653	1653	1653	1653	1653	1653	1653	1653	1653	1653	1653	1652	1652	1653	1652	1652	1653	1652	1653	1653	1653	1653	1653	1654	1652	1653	1653	1652	1653	1651	1652	1652	1652	1652	1652	1652	1652	1651	1652	1651	1652	1651	1652	1652	1651	1652	1651	1652	1652	1652	1652	1652	1652	1652	1651	1652	1652	1652	1652	1652	1652	1652	1652	1652	1652	1653	1652	1653	1652	1652
3317	624984	1653	1653	1653	1653	1653	1653	1653	1653	1653	1653	1653	1653	1653	1653	1653	1653	1653	1653	1653	1653	1653	1653	1653	1653	1653	1653	1654	1652	1654	1653	1653	1653	1652	1653	1653	1653	1653	1652	1652	1653	1652	1653	1652	1653	1653	1653	1653	1653	1652	1653	1653	1653	1652	1653	1653	1653	1653	1653	1653	1652	1653	1652	1653	1653	1653	1653	1653	1653	1653	1653	1653	1651	1653	1653	1653	1653	1653	1654	1653	1653	1653	1653	1653	1653	1652	1653	1653	1653	1652	1653	1653	1652	1653	1652	1653	1653	1653	1652	1653	1653	1653	1653	1653	1652	1653	1653	1652	1653	1653	1653	1652	1653	1652	1653	1653	1652	1653	1652	1653	1653	1653	1653	1652	1653	1653	1653	1653	1652
3318	625476	1653	1654	1654	1653	1653	1653	1654	1654	1654	1654	1654	1653	1654	1653	1654	1653	1654	1654	1653	1653	1654	1654	1653	1654	1653	1653	1654	1654	1654	1654	1654	1653	1654	1654	1654	1654	1654	1653	1654	1653	1653	1654	1653	1653	1653	1653	1653	1655	1654	1653	1653	1655	1654	1654	1654	1653	1653	1654	1653	1653	1653	1654	1653	1653	1653	1653	1653	1654	1653	1653	1653	1654	1653	1653	1653	1653	1654	1654	1654	1654	1654	1654	1653	1654	1653	1654	1654	1653	1653	1653	1653	1653	1654	1654	1654	1654	1653	1653	1654	1654	1654	1653	1653	1654	1654	1654	1653	1653	1653	1653	1654	1653	1653	1653	1653	1653	1653	1653	1653	1653	1654	1652	1653	1653	1653	1654	1653	1653
3319	625969	1654	1654	1654	1654	1654	1654	1654	1654	1655	1654	1653	1654	1654	1654	1655	1653	1654	1654	1654	1654	1653	1654	1654	1654	1654	1654	1653	1654	1653	1653	1653	1654	1653	1653	1653	1653	1653	1654	1653	1653	1654	1653	1653	1653	1653	1654	1653	1653	1654	1654	1653	1653	1653	1654	1654	1653	1653	1653	1653	1653	1653	1654	1653	1654	1654	1653	1654	1653	1654	1653	1654	1654	1654	1654	1654	1654	1654	1654	1654	1653	1653	1654	1653	1653	1654	1654	1654	1654	1654	1654	1654	1654	1654	1654	1654	1654	1654	1654	1654	1654	1654	1654	1654	1654	1654	1654	1654	1654	1654	1653	1654	1654	1654	1654	1654	1654	1654	1654	1654	1654	1654	1654	1654	1654	1654	1654	1654	1654
3320	626461	1655	1654	1654	1654	1654	1654	1655	1654	1654	1654	1654	1654	1654	1654	1654	1655	1655	1654	1654	1654	1654	1655	1655	1654	1654	1653	1654	1655	1654	1654	1654	1654	1654	1654	1654	1654	1654	1654	1654	1655	1654	1654	1654	1654	1653	1654	1654	1655	1655	1654	1655	1654	1655	1654	1654	1654	1654	1654	1654	1655	1655	1654	1657	1656	1654	1655	1655	1655	1655	1655	1656	1655	1655	1655	1655	1655	1653	1655	1655	1654	1656	1654	1653	1654	1654	1654	1654	1654	1655	1654	1655	1655	1655	1655	1654	1655	1654	1654	1654	1655	1655	1653	1654	1654	1654	1654	1654	1655	1653	1654	1654	1654	1654	1654	1654	1654	1654	1655	1654	1655	1655	1655	1655	1655	1655	1655	1655	1655
3321	626953	1654	1654	1655	1654	1654	1655	1655	1655	1655	1655	1654	1655	1655	1655	1655	1654	1655	1655	1655	1656	1655	1655	1655	1654	1655	1654	1654	1654	1654	1654	1654	1655	1654	1655	1655	1654	1654	1655	1655	1655	1654	1655	1655	1655	1654	1654	1655	1655	1655	1655	1655	1655	1655	1655	1654	1655	1655	1655	1655	1654	1655	1655	1654	1656	1655	1655	1655	1655	1655	1655	1655	1655	1655	1655	1654	1655	1655	1655	1656	1655	1655	1655	1655	1655	1655	1655	1655	1654	1655	1654	1655	1655	1655	1655	1655	1655	1655	1654	1655	1655	1654	1654	1654	1654	1654	1654	1654	1654	1654	1654	1655	1655	1654	1654	1654	1655	1654	1654	1654	1655	1654	1655	1655	1655	1654	1655	1654	1655
3322	627446	1655	1655	1655	1655	1655	1655	1655	1655	1656	1655	1655	1655	1656	1656	1655	1656	1655	1656	1656	1655	1655	1655	1656	1655	1655	1655	1655	1655	1655	1655	1655	1654	1654	1655	1655	1655	1655	1655	1655	1655	1655	1654	1655	1655	1655	1655	1655	1655	1655	1655	1654	1655	1655	1655	1656	1655	1655	1656	1655	1655	1655	1655	1655	1655	1656	1655	1655	1655	1656	1655	1656	1656	1655	1655	1655	1655	1655	1655	1655	1655	1655	1655	1655	1655	1654	1655	1655	1655	1655	1655	1654	1655	1655	1655	1655	1655	1655	1655	1655	1655	1655	1656	1655	1655	1656	1656	1656	1655	1656	1655	1655	1656	1655	1656	1655	1655	1656	1655	1655	1655	1656	1655	1655	1655	1655	1655	1655	1655
3323	627938	1655	1656	1656	1656	1656	1656	1656	1656	1656	1657	1655	1656	1657	1656	1656	1656	1656	1655	1656	1655	1655	1656	1656	1656	1656	1656	1657	1656	1656	1656	1656	1656	1656	1656	1656	1656	1655	1655	1656	1656	1656	1655	1655	1656	1656	1656	1655	1656	1656	1656	1657	1656	1655	1656	1655	1656	1656	1656	1656	1655	1655	1656	1655	1656	1655	1655	1654	1655	1656	1656	1656	1656	1656	1656	1656	1656	1656	1657	1656	1656	1656	1656	1655	1657	1656	1656	1656	1656	1655	1656	1656	1656	1656	1656	1656	1656	1656	1657	1655	1656	1656	1656	1656	1656	1655	1656	1655	1656	1656	1655	1656	1655	1656	1655	1656	1656	1655	1656	1655	1656	1655	1655	1655	1654	1656	1655	1656	1655
3324	628430	1656	1656	1655	1656	1656	1656	1656	1656	1656	1656	1657	1657	1656	1656	1656	1656	1655	1656	1656	1655	1656	1655	1656	1656	1656	1656	1656	1656	1656	1656	1656	1656	1656	1656	1656	1656	1656	1657	1656	1657	1656	1656	1656	1656	1657	1657	1656	1656	1656	1656	1656	1656	1656	1656	1656	1656	1656	1657	1656	1657	1657	1656	1657	1657	1657	1657	1656	1656	1656	1657	1656	1656	1657	1656	1656	1656	1656	1656	1656	1656	1656	1656	1656	1656	1656	1656	1656	1656	1656	1657	1656	1656	1656	1656	1656	1656	1656	1656	1656	1656	1656	1656	1656	1657	1656	1656	1656	1656	1656	1656	1656	1656	1656	1656	1656	1656	1656	1657	1656	1656	1657	1656	1656	1656	1656	1656	1656	1656
3325	628923	1656	1656	1655	1656	1656	1657	1656	1656	1656	1657	1656	1657	1656	1656	1656	1656	1657	1657	1657	1657	1657	1656	1657	1657	1658	1657	1658	1657	1656	1656	1657	1658	1657	1658	1657	1656	1657	1657	1657	1657	1657	1657	1657	1658	1657	1657	1657	1657	1659	1657	1657	1657	1657	1657	1656	1657	1657	1657	1658	1656	1657	1657	1657	1657	1657	1657	1656	1657	1657	1657	1657	1656	1657	1657	1656	1656	1656	1657	1656	1655	1656	1656	1656	1656	1656	1657	1656	1656	1657	1656	1656	1656	1656	1656	1656	1655	1656	1656	1656	1657	1656	1656	1657	1657	1656	1656	1656	1656	1656	1657	1656	1656	1657	1657	1657	1657	1657	1657	1657	1657	1657	1657	1657	1657	1659	1657	1657	1657
3326	629415	1657	1657	1658	1657	1657	1658	1657	1657	1657	1657	1657	1657	1658	1657	1658	1657	1658	1658	1658	1657	1657	1658	1658	1658	1657	1657	1657	1657	1658	1657	1658	1657	1657	1658	1658	1658	1657	1658	1658	1658	1658	1658	1658	1658	1658	1658	1658	1658	1658	1657	1657	1657	1658	1657	1657	1658	1657	1657	1657	1657	1657	1657	1658	1658	1657	1657	1657	1657	1657	1657	1657	1657	1657	1657	1658	1657	1657	1657	1657	1657	1657	1657	1657	1656	1657	1656	1657	1657	1657	1658	1657	1658	1657	1656	1657	1657	1657	1657	1657	1657	1657	1658	1657	1657	1657	1658	1657	1657	1658	1657	1658	1657	1657	1658	1657	1658	1658	1657	1658	1657	1658	1658	1657	1657	1657	1657	1657	1657
3327	629907	1657	1658	1657	1657	1657	1657	1657	1657	1657	1657	1657	1657	1657	1657	1658	1657	1657	1657	1657	1657	1657	1658	1657	1658	1657	1658	1658	1658	1657	1657	1658	1657	1657	1658	1657	1657	1657	1657	1657	1657	1658	1658	1658	1657	1657	1658	1658	1658	1657	1657	1657	1658	1658	1659	1657	1658	1658	1658	1658	1657	1659	1659	1658	1658	1657	1658	1658	1658	1658	1658	1657	1658	1658	1658	1657	1657	1658	1658	1657	1657	1658	1657	1658	1657	1658	1657	1657	1657	1657	1658	1657	1657	1657	1657	1657	1657	1657	1658	1658	1658	1658	1658	1658	1658	1658	1658	1658	1658	1658	1658	1658	1658	1658	1657	1658	1658	1658	1658	1658	1658	1659	1658	1658	1659	1658	1658	1658	1658
3328	630400	1658	1658	1658	1658	1658	1658	1658	1658	1658	1658	1658	1658	1658	1659	1658	1658	1658	1659	1659	1659	1659	1659	1659	1658	1658	1658	1658	1659	1659	1659	1658	1659	1658	1659	1659	1659	1658	1658	1658	1658	1659	1658	1658	1658	1658	1658	1658	1659	1658	1658	1658	1658	1659	1658	1658	1658	1658	1658	1658	1658	1657	1658	1658	1657	1658	1657	1658	1658	1658	1658	1658	1658	1658	1658	1659	1658	1658	1659	1658	1659	1657	1658	1658	1658	1658	1658	1658	1658	1659	1658	1658	1658	1658	1659	1658	1659	1659	1658	1658	1658	1657	1658	1658	1658	1658	1659	1658	1658	1658	1658	1658	1658	1658	1659	1658	1658	1659	1658	1658	1659	1658	1658	1658	1659	1658	1658	1658	1659
3329	630892	1659	1658	1659	1659	1659	1659	1658	1658	1658	1658	1658	1658	1658	1657	1658	1659	1659	1658	1658	1659	1658	1658	1658	1658	1658	1659	1659	1658	1658	1659	1659	1659	1658	1658	1658	1659	1658	1658	1658	1658	1659	1659	1658	1659	1659	1659	1659	1659	1659	1658	1659	1659	1659	1659	1659	1659	1658	1659	1659	1659	1659	1659	1659	1658	1658	1659	1658	1659	1658	1658	1658	1658	1659	1659	1658	1658	1658	1659	1659	1659	1659	1659	1659	1658	1658	1659	1658	1658	1659	1659	1659	1659	1659	1659	1659	1659	1659	1659	1659	1658	1659	1658	1658	1659	1659	1659	1659	1659	1658	1659	1658	1658	1658	1659	1658	1658	1658	1659	1659	1659	1658	1658	1659	1659	1659	1659	1659	1659
3330	631384	1659	1659	1659	1660	1659	1659	1659	1660	1660	1660	1660	1660	1660	1659	1659	1659	1659	1660	1659	1659	1659	1659	1660	1659	1660	1660	1660	1660	1660	1660	1660	1660	1660	1659	1659	1660	1659	1660	1659	1659	1660	1659	1660	1659	1660	1659	1659	1659	1659	1659	1659	1659	1659	1659	1660	1659	1660	1659	1660	1660	1659	1659	1659	1659	1658	1659	1659	1659	1658	1659	1659	1659	1658	1659	1658	1658	1659	1658	1658	1658	1658	1658	1659	1659	1659	1659	1659	1659	1659	1660	1659	1659	1659	1659	1659	1659	1659	1659	1659	1659	1659	1659	1659	1659	1659	1660	1659	1659	1660	1659	1660	1659	1659	1660	1659	1659	1660	1659	1659	1659	1659	1658	1659	1659	1658	1658	1657	1658
3331	631876	1660	1659	1660	1660	1660	1661	1660	1659	1660	1660	1661	1660	1660	1659	1660	1660	1659	1659	1660	1659	1660	1659	1659	1660	1659	1660	1659	1660	1659	1660	1660	1660	1661	1659	1660	1660	1660	1660	1659	1661	1660	1660	1659	1660	1660	1659	1659	1659	1659	1660	1659	1657	1660	1660	1660	1660	1660	1660	1660	1661	1660	1660	1660	1660	1660	1660	1660	1660	1661	1660	1659	1660	1660	1660	1660	1660	1660	1660	1660	1661	1660	1661	1660	1660	1660	1660	1660	1660	1660	1662	1660	1660	1660	1660	1660	1660	1660	1660	1660	1660	1660	1660	1659	1660	1658	1660	1659	1659	1659	1660	1660	1660	1659	1660	1660	1660	1660	1659	1660	1659	1660	1660	1659	1660	1659	1660	1660	1660
3332	632369	1660	1660	1660	1660	1660	1660	1660	1660	1660	1660	1660	1660	1660	1660	1660	1660	1661	1660	1660	1660	1661	1661	1660	1660	1660	1660	1660	1660	1660	1660	1660	1660	1660	1660	1660	1660	1660	1660	1660	1660	1660	1660	1660	1660	1660	1660	1660	1660	1660	1660	1660	1660	1660	1660	1660	1660	1660	1660	1661	1660	1660	1660	1660	1661	1660	1660	1661	1660	1660	1660	1660	1660	1660	1660	1660	1660	1660	1660	1660	1661	1660	1660	1660	1660	1660	1661	1660	1660	1660	1661	1660	1660	1660	1660	1660	1660	1660	1660	1660	1660	1660	1660	1660	1661	1660	1661	1660	1661	1660	1661	1660	1660	1660	1661	1660	1660	1660	1660	1660	1660	1660	1660	1660	1660	1661	1660	1660	1660
3333	632861	1661	1661	1661	1661	1659	1660	1661	1661	1661	1661	1661	1661	1661	1660	1661	1662	1661	1661	1661	1660	1661	1661	1661	1662	1661	1661	1661	1661	1661	1661	1661	1661	1661	1662	1661	1662	1662	1661	1661	1661	1661	1662	1661	1661	1661	1661	1662	1662	1661	1661	1662	1661	1661	1661	1661	1661	1661	1661	1661	1661	1661	1662	1661	1661	1661	1661	1661	1661	1660	1660	1660	1661	1660	1660	1660	1660	1661	1660	1660	1660	1659	1661	1661	1660	1661	1661	1661	1661	1662	1662	1662	1661	1661	1661	1661	1661	1661	1661	1661	1660	1661	1661	1661	1661	1660	1661	1661	1660	1661	1661	1661	1661	1661	1661	1661	1661	1661	1661	1662	1661	1660	1661	1660	1661	1660	1661	1660	1660
3334	633353	1661	1661	1662	1661	1661	1661	1661	1662	1662	1661	1661	1661	1661	1662	1662	1662	1661	1661	1661	1661	1660	1661	1661	1660	1661	1660	1661	1661	1661	1662	1661	1660	1661	1661	1661	1660	1661	1661	1661	1661	1661	1662	1661	1661	1661	1661	1661	1660	1661	1661	1661	1661	1660	1661	1661	1661	1661	1661	1662	1661	1661	1662	1662	1661	1662	1661	1662	1662	1662	1661	1662	1662	1661	1662	1661	1661	1661	1661	1661	1662	1660	1660	1661	1661	1661	1662	1661	1661	1662	1661	1661	1661	1662	1661	1661	1661	1660	1661	1661	1661	1661	1660	1661	1661	1661	1661	1660	1661	1661	1660	1661	1661	1661	1661	1662	1662	1661	1661	1661	1662	1662	1661	1661	1661	1661	1661	1661	1661
3335	633846	1661	1661	1661	1662	1662	1661	1662	1661	1663	1662	1661	1662	1661	1662	1662	1661	1662	1661	1661	1661	1661	1661	1661	1662	1663	1662	1662	1662	1663	1661	1662	1663	1662	1663	1662	1662	1662	1662	1662	1661	1662	1662	1662	1660	1662	1662	1662	1662	1661	1662	1663	1662	1662	1662	1663	1662	1662	1662	1662	1662	1662	1662	1661	1662	1662	1662	1661	1662	1662	1662	1662	1661	1662	1662	1662	1663	1662	1662	1662	1662	1662	1662	1661	1662	1661	1662	1661	1661	1662	1660	1662	1661	1661	1662	1661	1662	1662	1661	1661	1662	1661	1662	1663	1662	1663	1662	1662	1662	1662	1663	1662	1662	1662	1662	1662	1662	1662	1662	1662	1662	1662	1663	1662	1663	1662	1662	1662	1662
3336	634338	1662	1663	1662	1663	1663	1662	1663	1662	1662	1663	1662	1662	1663	1663	1662	1662	1663	1663	1663	1663	1663	1663	1662	1663	1663	1663	1662	1662	1663	1663	1663	1663	1662	1663	1663	1663	1663	1662	1663	1662	1662	1662	1662	1663	1663	1662	1662	1662	1662	1662	1662	1664	1662	1662	1662	1662	1662	1662	1662	1662	1663	1662	1662	1662	1662	1662	1662	1662	1662	1663	1663	1661	1663	1662	1662	1662	1662	1663	1663	1663	1663	1663	1663	1663	1663	1662	1662	1663	1663	1662	1662	1661	1662	1662	1662	1661	1662	1662	1662	1662	1662	1662	1663	1662	1662	1662	1662	1662	1662	1663	1662	1661	1662	1662	1663	1662	1663	1662	1663	1663	1663	1662	1663	1663	1662	1663	1663	1662
3337	634830	1662	1662	1662	1662	1663	1662	1663	1663	1662	1662	1663	1663	1663	1662	1663	1663	1663	1662	1663	1663	1663	1664	1663	1664	1663	1663	1663	1662	1663	1662	1664	1663	1663	1663	1663	1663	1664	1663	1663	1663	1663	1664	1663	1663	1663	1663	1663	1663	1663	1662	1663	1664	1663	1663	1663	1663	1663	1663	1663	1662	1662	1662	1663	1663	1662	1662	1663	1663	1663	1662	1662	1662	1662	1662	1662	1662	1662	1662	1662	1662	1663	1662	1663	1662	1662	1662	1662	1663	1662	1662	1662	1663	1663	1663	1664	1663	1663	1663	1663	1664	1663	1663	1663	1663	1662	1663	1663	1663	1663	1663	1662	1663	1663	1663	1663	1662	1663	1663	1663	1663	1662	1663	1663	1662	1663	1662	1663	1663
3338	635323	1663	1664	1663	1664	1663	1664	1664	1664	1663	1663	1663	1663	1664	1664	1663	1664	1663	1663	1664	1663	1664	1663	1663	1663	1663	1663	1662	1663	1662	1663	1662	1663	1663	1662	1663	1664	1663	1663	1663	1663	1663	1663	1663	1663	1664	1663	1663	1663	1663	1664	1663	1663	1663	1663	1663	1663	1662	1663	1663	1663	1662	1663	1664	1663	1663	1664	1664	1664	1664	1664	1663	1664	1664	1663	1663	1663	1663	1663	1664	1663	1664	1663	1664	1664	1663	1663	1664	1663	1664	1664	1664	1664	1664	1664	1664	1664	1664	1663	1664	1663	1664	1664	1663	1663	1663	1662	1663	1663	1663	1663	1663	1663	1663	1663	1664	1663	1663	1663	1663	1663	1663	1663	1663	1663	1663	1663	1663	1662
3339	635815	1664	1663	1664	1664	1663	1663	1664	1664	1664	1663	1664	1663	1664	1664	1663	1663	1663	1663	1664	1664	1664	1664	1663	1664	1664	1664	1664	1664	1664	1664	1664	1663	1663	1663	1664	1664	1664	1664	1664	1664	1664	1664	1664	1664	1664	1664	1664	1664	1663	1664	1664	1664	1664	1664	1664	1664	1664	1664	1663	1663	1663	1663	1664	1663	1663	1663	1664	1664	1664	1664	1663	1664	1663	1664	1664	1663	1664	1663	1664	1663	1663	1663	1663	1663	1663	1663	1664	1664	1663	1663	1663	1663	1664	1664	1663	1664	1664	1664	1664	1663	1664	1664	1664	1664	1664	1664	1663	1664	1663	1663	1663	1664	1664	1664	1664	1663	1664	1664	1664	1664	1664	1664	1664	1664	1664	1663	1664	1664
3340	636307	1664	1664	1664	1665	1664	1663	1665	1664	1664	1664	1664	1663	1664	1665	1663	1664	1664	1664	1665	1664	1663	1664	1664	1664	1664	1663	1663	1664	1664	1664	1664	1664	1664	1664	1664	1664	1663	1664	1664	1663	1664	1664	1664	1664	1664	1664	1664	1664	1664	1665	1665	1664	1665	1663	1664	1664	1664	1664	1664	1664	1664	1664	1665	1664	1664	1664	1665	1664	1664	1664	1665	1665	1664	1664	1664	1664	1664	1664	1664	1664	1665	1664	1664	1664	1663	1663	1664	1663	1664	1664	1663	1663	1664	1664	1663	1663	1663	1663	1664	1663	1664	1664	1664	1664	1664	1664	1664	1664	1664	1665	1664	1664	1664	1664	1664	1663	1663	1663	1664	1664	1664	1664	1664	1664	1664	1664	1664	1664
3341	636800	1665	1665	1664	1665	1665	1665	1665	1665	1665	1666	1665	1665	1665	1665	1665	1665	1664	1665	1665	1665	1665	1664	1665	1664	1665	1665	1664	1664	1664	1664	1664	1664	1664	1664	1664	1664	1664	1664	1664	1664	1664	1664	1664	1664	1664	1664	1664	1664	1665	1664	1664	1664	1664	1664	1664	1664	1665	1664	1664	1664	1664	1665	1664	1665	1665	1665	1664	1664	1665	1665	1665	1664	1664	1665	1665	1665	1665	1664	1665	1665	1664	1665	1665	1665	1665	1666	1665	1664	1665	1665	1666	1666	1665	1665	1666	1665	1665	1666	1665	1665	1665	1665	1664	1665	1665	1666	1665	1664	1665	1664	1665	1665	1664	1666	1665	1665	1665	1665	1665	1665	1665	1664	1665	1664	1663	1665	1664	1664
3342	637292	1666	1666	1665	1666	1666	1666	1666	1666	1666	1665	1665	1665	1666	1666	1665	1665	1666	1666	1665	1665	1665	1665	1666	1665	1665	1665	1665	1665	1666	1665	1665	1665	1665	1664	1665	1665	1665	1665	1663	1665	1664	1665	1665	1665	1665	1665	1665	1665	1665	1666	1664	1665	1665	1666	1665	1665	1665	1665	1665	1665	1665	1665	1665	1665	1665	1664	1665	1664	1665	1665	1664	1665	1665	1665	1665	1666	1665	1665	1665	1665	1666	1665	1665	1665	1665	1665	1665	1665	1666	1665	1666	1665	1666	1666	1665	1665	1665	1665	1665	1665	1665	1664	1665	1665	1666	1666	1665	1666	1665	1665	1665	1666	1665	1665	1665	1665	1664	1665	1665	1664	1665	1665	1665	1665	1665	1665	1664	1664
3343	637784	1667	1667	1667	1666	1667	1666	1666	1666	1666	1665	1665	1665	1665	1665	1665	1666	1666	1665	1665	1665	1665	1665	1665	1665	1665	1665	1666	1664	1666	1666	1666	1665	1665	1666	1665	1666	1666	1666	1666	1665	1665	1665	1665	1666	1665	1666	1666	1666	1666	1665	1666	1667	1666	1666	1666	1666	1666	1666	1667	1666	1666	1666	1667	1666	1665	1666	1665	1666	1666	1666	1666	1666	1666	1666	1666	1666	1666	1666	1666	1666	1667	1666	1666	1666	1666	1666	1665	1666	1665	1665	1666	1665	1665	1665	1665	1666	1665	1665	1665	1665	1665	1665	1665	1665	1665	1665	1665	1665	1666	1665	1666	1665	1665	1664	1665	1665	1665	1665	1665	1665	1666	1665	1665	1665	1666	1665	1666	1666
3344	638276	1666	1666	1666	1666	1665	1666	1665	1666	1665	1666	1666	1666	1666	1666	1666	1666	1666	1666	1665	1666	1666	1666	1666	1666	1665	1665	1666	1665	1666	1665	1665	1666	1666	1665	1666	1666	1666	1666	1665	1665	1666	1666	1666	1666	1666	1667	1666	1666	1666	1666	1666	1665	1665	1666	1665	1665	1666	1665	1666	1666	1666	1666	1666	1666	1666	1667	1665	1666	1666	1666	1666	1666	1665	1666	1666	1665	1666	1666	1667	1666	1666	1666	1666	1666	1666	1666	1666	1667	1666	1666	1666	1666	1667	1665	1666	1666	1665	1665	1666	1666	1666	1666	1666	1666	1665	1667	1666	1667	1666	1666	1667	1666	1666	1666	1665	1666	1665	1666	1666	1666	1666	1666	1666	1666	1666	1666	1666	1666
3345	638769	1666	1667	1667	1667	1667	1667	1667	1667	1666	1667	1666	1666	1667	1667	1666	1667	1667	1667	1666	1667	1667	1666	1667	1666	1666	1666	1666	1666	1666	1666	1666	1667	1666	1667	1666	1667	1667	1667	1667	1667	1668	1667	1668	1667	1667	1667	1667	1668	1667	1667	1667	1668	1667	1667	1667	1667	1668	1667	1667	1667	1667	1665	1666	1667	1667	1667	1667	1666	1666	1666	1666	1667	1666	1666	1666	1666	1666	1666	1666	1666	1666	1667	1666	1667	1667	1667	1666	1666	1667	1666	1667	1666	1666	1666	1666	1667	1666	1667	1667	1666	1666	1666	1666	1666	1667	1667	1666	1666	1665	1667	1666	1666	1667	1666	1666	1667	1666	1666	1666	1667	1666	1666	1667	1666	1666	1666	1666	1667
3346	639261	1667	1667	1668	1667	1668	1667	1667	1667	1667	1667	1667	1667	1667	1667	1667	1667	1667	1668	1667	1667	1667	1667	1668	1668	1667	1667	1668	1668	1667	1667	1668	1668	1667	1667	1668	1668	1668	1667	1668	1668	1667	1668	1667	1667	1667	1667	1668	1667	1668	1667	1667	1668	1667	1668	1668	1667	1667	1667	1667	1667	1667	1668	1667	1668	1667	1667	1667	1667	1668	1667	1668	1667	1668	1667	1667	1667	1667	1667	1667	1667	1667	1667	1667	1667	1666	1668	1667	1667	1667	1667	1667	1667	1667	1667	1667	1667	1666	1667	1667	1667	1667	1667	1667	1667	1667	1667	1667	1667	1666	1667	1667	1667	1667	1667	1667	1667	1667	1668	1666	1667	1667	1668	1666	1666	1667	1667	1667	1667
3347	639753	1668	1668	1668	1668	1668	1668	1668	1666	1667	1667	1667	1668	1668	1667	1667	1667	1668	1667	1668	1668	1668	1668	1667	1667	1668	1668	1668	1667	1668	1667	1668	1668	1668	1667	1668	1668	1667	1667	1668	1667	1668	1668	1668	1668	1668	1668	1667	1668	1668	1668	1668	1667	1668	1667	1667	1668	1667	1667	1667	1667	1668	1668	1668	1668	1666	1667	1668	1668	1668	1668	1667	1668	1668	1668	1668	1668	1668	1668	1668	1668	1668	1667	1667	1668	1667	1667	1667	1668	1667	1667	1667	1667	1668	1666	1667	1667	1668	1668	1667	1667	1667	1667	1667	1667	1668	1667	1668	1667	1667	1666	1667	1667	1667	1667	1666	1666	1667	1667	1667	1667	1667	1668	1668	1668	1667	1668	1667	1668
3348	640246	1667	1667	1667	1668	1668	1668	1668	1668	1668	1668	1668	1668	1668	1668	1668	1668	1668	1667	1668	1668	1667	1668	1668	1668	1669	1669	1669	1668	1668	1668	1668	1668	1668	1668	1668	1668	1668	1668	1668	1668	1668	1668	1668	1668	1668	1668	1669	1669	1668	1668	1668	1668	1668	1668	1667	1668	1668	1668	1669	1668	1668	1668	1668	1667	1668	1668	1668	1669	1668	1669	1669	1668	1669	1668	1668	1668	1668	1668	1668	1668	1668	1668	1668	1668	1668	1668	1669	1669	1668	1668	1668	1668	1668	1668	1667	1668	1668	1668	1668	1668	1668	1668	1668	1668	1668	1668	1668	1668	1668	1667	1668	1668	1668	1668	1668	1667	1668	1668	1668	1667	1667	1668	1668	1668	1668	1667	1668	1667
3349	640738	1668	1668	1668	1668	1669	1669	1668	1668	1668	1668	1668	1669	1668	1668	1669	1668	1668	1668	1669	1669	1669	1668	1668	1669	1668	1669	1668	1668	1668	1668	1668	1669	1669	1669	1668	1668	1668	1669	1669	1669	1669	1669	1669	1668	1669	1669	1669	1669	1668	1669	1669	1668	1669	1667	1667	1669	1668	1668	1668	1668	1669	1668	1668	1669	1668	1669	1669	1669	1669	1668	1668	1668	1668	1668	1669	1668	1668	1668	1668	1668	1668	1669	1668	1668	1668	1667	1669	1669	1669	1669	1668	1669	1669	1669	1669	1669	1668	1668	1668	1668	1668	1668	1668	1669	1668	1668	1668	1669	1669	1669	1669	1668	1669	1669	1668	1668	1668	1668	1668	1668	1668	1668	1668	1668	1668	1668	1668	1668
3350	641230	1669	1669	1669	1670	1669	1669	1669	1670	1669	1670	1670	1669	1670	1670	1670	1669	1669	1670	1670	1670	1670	1670	1670	1670	1670	1669	1670	1670	1670	1669	1669	1670	1669	1669	1669	1669	1669	1669	1669	1669	1669	1669	1669	1669	1669	1669	1668	1668	1668	1669	1669	1668	1669	1669	1668	1668	1669	1669	1669	1668	1668	1668	1668	1669	1669	1669	1669	1668	1669	1669	1669	1670	1669	1669	1670	1670	1670	1670	1669	1669	1669	1669	1669	1669	1669	1670	1670	1670	1669	1669	1669	1669	1670	1670	1669	1670	1670	1670	1669	1669	1669	1669	1670	1669	1669	1669	1669	1669	1669	1669	1669	1668	1669	1668	1669	1669	1668	1669	1669	1669	1670	1669	1669	1669	1670	1669	1670	1670
3351	641723	1669	1669	1669	1669	1670	1669	1670	1670	1670	1670	1670	1670	1670	1670	1670	1670	1670	1670	1670	1670	1670	1670	1670	1670	1670	1670	1670	1670	1670	1671	1670	1671	1669	1671	1670	1670	1670	1671	1670	1670	1670	1670	1670	1670	1670	1670	1670	1670	1669	1670	1669	1670	1669	1669	1669	1669	1669	1669	1669	1670	1669	1670	1670	1669	1669	1669	1669	1669	1670	1669	1670	1669	1670	1670	1669	1669	1670	1669	1670	1669	1669	1670	1669	1670	1669	1671	1669	1670	1670	1670	1670	1670	1669	1670	1671	1670	1669	1670	1670	1670	1670	1669	1670	1670	1669	1670	1670	1670	1670	1670	1669	1669	1670	1668	1670	1670	1668	1670	1670	1670	1670	1669	1670	1670	1670	1669	1670	1669
3352	642215	1670	1671	1671	1670	1670	1670	1670	1671	1670	1671	1670	1671	1671	1670	1670	1670	1670	1670	1670	1670	1670	1670	1669	1670	1670	1670	1670	1670	1670	1670	1669	1670	1669	1670	1670	1670	1670	1670	1670	1670	1670	1670	1670	1670	1669	1670	1670	1670	1670	1670	1670	1671	1671	1671	1671	1670	1671	1671	1671	1671	1672	1671	1671	1671	1671	1670	1671	1670	1671	1671	1670	1670	1671	1670	1670	1670	1670	1670	1671	1669	1670	1671	1670	1671	1671	1670	1670	1670	1670	1670	1670	1669	1670	1669	1670	1669	1669	1670	1669	1670	1670	1670	1670	1670	1669	1669	1669	1670	1669	1669	1670	1669	1670	1669	1670	1670	1670	1670	1669	1669	1670	1669	1669	1669	1670	1670	1669	1670
3353	642707	1670	1671	1671	1671	1671	1670	1670	1670	1670	1671	1670	1671	1671	1671	1671	1670	1671	1671	1670	1671	1671	1671	1671	1671	1670	1671	1671	1671	1671	1671	1671	1671	1671	1671	1670	1671	1671	1671	1671	1670	1671	1670	1670	1671	1670	1670	1670	1670	1670	1670	1671	1670	1670	1671	1671	1671	1671	1671	1671	1671	1671	1671	1671	1671	1672	1671	1671	1671	1670	1671	1670	1671	1671	1671	1671	1671	1671	1671	1671	1671	1671	1671	1670	1671	1671	1670	1671	1671	1671	1671	1670	1671	1671	1671	1671	1671	1671	1671	1671	1670	1671	1670	1670	1670	1670	1670	1670	1671	1670	1671	1670	1671	1671	1671	1671	1670	1670	1670	1671	1670	1670	1670	1670	1670	1671	1671	1671	1671
3354	643200	1671	1672	1671	1671	1672	1671	1672	1671	1671	1672	1671	1672	1672	1671	1672	1671	1671	1671	1672	1671	1671	1671	1671	1671	1671	1671	1671	1671	1671	1671	1671	1672	1671	1671	1671	1671	1671	1670	1671	1671	1671	1671	1671	1670	1671	1672	1671	1671	1671	1671	1672	1671	1670	1670	1671	1671	1671	1671	1671	1671	1672	1671	1671	1671	1671	1671	1670	1671	1672	1670	1671	1670	1671	1671	1671	1671	1671	1671	1671	1671	1671	1671	1671	1671	1671	1671	1671	1671	1671	1671	1670	1671	1671	1671	1670	1671	1671	1670	1670	1671	1671	1671	1671	1671	1671	1670	1671	1671	1670	1671	1671	1671	1671	1671	1671	1671	1671	1671	1671	1671	1671	1670	1671	1671	1671	1671	1671	1671
3355	643692	1672	1672	1672	1672	1672	1672	1671	1671	1671	1672	1672	1671	1671	1671	1672	1671	1671	1672	1671	1671	1672	1671	1671	1671	1671	1671	1671	1672	1671	1672	1671	1671	1672	1671	1672	1671	1671	1671	1671	1672	1671	1671	1671	1671	1671	1671	1672	1671	1672	1672	1672	1672	1671	1672	1672	1671	1672	1672	1671	1672	1671	1671	1671	1672	1671	1671	1672	1671	1672	1672	1672	1672	1672	1672	1673	1672	1672	1672	1672	1672	1672	1672	1671	1672	1671	1671	1672	1672	1672	1671	1671	1672	1672	1672	1671	1672	1672	1671	1672	1671	1672	1672	1672	1672	1671	1672	1672	1672	1672	1672	1672	1672	1672	1672	1672	1672	1672	1672	1672	1672	1672	1672	1672	1672	1672	1672	1672	1672
3356	644184	1672	1672	1671	1672	1671	1672	1672	1671	1671	1672	1672	1672	1672	1672	1672	1672	1672	1671	1672	1672	1672	1672	1672	1672	1672	1672	1672	1672	1672	1672	1672	1672	1672	1672	1672	1672	1672	1672	1672	1672	1672	1672	1673	1672	1672	1672	1672	1672	1672	1671	1671	1673	1673	1672	1672	1672	1672	1672	1672	1672	1672	1671	1672	1672	1672	1672	1672	1672	1672	1672	1672	1672	1672	1672	1672	1672	1672	1673	1672	1672	1672	1672	1672	1672	1672	1672	1672	1673	1672	1672	1672	1672	1672	1672	1672	1672	1672	1672	1672	1673	1672	1672	1672	1672	1672	1672	1672	1672	1672	1672	1672	1672	1672	1672	1673	1673	1673	1672	1672	1672	1672	1673	1672	1672	1672	1672	1673	1672
3357	644676	1672	1672	1672	1671	1672	1673	1672	1672	1672	1672	1672	1672	1672	1673	1672	1673	1673	1672	1672	1672	1673	1672	1672	1672	1672	1673	1672	1673	1673	1673	1673	1673	1672	1672	1672	1673	1672	1672	1672	1673	1673	1673	1673	1673	1673	1673	1673	1673	1674	1674	1673	1672	1673	1673	1673	1673	1673	1673	1672	1673	1672	1673	1672	1672	1673	1673	1673	1673	1673	1673	1673	1673	1673	1673	1673	1673	1673	1672	1672	1674	1672	1672	1672	1672	1672	1673	1672	1673	1672	1672	1673	1673	1672	1672	1673	1672	1672	1672	1671	1673	1672	1672	1672	1672	1672	1672	1672	1672	1671	1672	1672	1672	1673	1672	1672	1673	1673	1673	1673	1673	1672	1673	1672	1672	1672	1672	1672	1672
3358	645169	1673	1674	1673	1673	1673	1673	1673	1673	1673	1673	1673	1673	1673	1673	1673	1673	1673	1673	1673	1673	1673	1673	1673	1674	1672	1673	1673	1673	1673	1673	1673	1673	1673	1673	1672	1673	1672	1673	1673	1673	1673	1673	1674	1673	1672	1673	1673	1673	1674	1673	1673	1673	1674	1672	1673	1673	1673	1673	1672	1674	1673	1672	1673	1673	1673	1674	1673	1673	1673	1673	1673	1674	1673	1673	1674	1673	1674	1673	1674	1674	1673	1673	1674	1674	1674	1673	1673	1673	1674	1675	1673	1673	1674	1673	1673	1673	1673	1673	1674	1674	1673	1673	1673	1673	1674	1673	1674	1673	1673	1674	1673	1673	1672	1672	1673	1673	1673	1673	1674	1673	1673	1673	1673	1673	1674	1673	1673	1672
3359	645661	1674	1674	1674	1674	1674	1674	1673	1674	1673	1673	1673	1673	1673	1673	1673	1673	1673	1674	1673	1673	1672	1673	1672	1672	1673	1673	1673	1673	1673	1672	1673	1673	1674	1673	1673	1673	1673	1673	1673	1673	1673	1673	1673	1673	1674	1673	1674	1674	1674	1674	1674	1674	1674	1673	1674	1674	1674	1674	1674	1674	1674	1674	1674	1674	1674	1674	1674	1674	1674	1674	1674	1674	1674	1674	1674	1674	1674	1674	1674	1674	1674	1673	1673	1673	1672	1673	1673	1674	1673	1674	1674	1673	1673	1674	1674	1673	1673	1673	1673	1673	1674	1674	1673	1673	1673	1673	1673	1673	1674	1674	1673	1673	1673	1673	1674	1674	1673	1673	1674	1674	1674	1673	1673	1674	1674	1674	1673	1674
3360	646153	1673	1673	1674	1673	1673	1673	1674	1673	1674	1673	1673	1674	1675	1674	1674	1674	1674	1674	1674	1674	1675	1675	1674	1674	1674	1674	1674	1674	1674	1674	1675	1675	1674	1674	1674	1675	1674	1674	1674	1675	1675	1675	1675	1675	1675	1675	1675	1675	1674	1675	1675	1673	1674	1674	1674	1674	1675	1674	1674	1674	1675	1674	1674	1675	1674	1675	1673	1673	1673	1674	1673	1673	1674	1673	1673	1674	1673	1673	1673	1673	1673	1674	1673	1673	1673	1673	1673	1673	1674	1673	1673	1673	1674	1673	1673	1673	1673	1673	1673	1674	1674	1673	1674	1675	1674	1675	1675	1675	1675	1675	1675	1674	1675	1675	1674	1674	1675	1674	1675	1674	1673	1674	1674	1674	1675	1674	1674	1674
3361	646646	1674	1675	1674	1674	1674	1674	1674	1675	1674	1674	1673	1674	1674	1674	1674	1674	1673	1674	1674	1675	1674	1673	1675	1674	1674	1674	1673	1674	1674	1674	1675	1674	1674	1674	1674	1674	1674	1674	1674	1674	1674	1674	1674	1674	1674	1674	1674	1674	1675	1674	1674	1674	1674	1675	1674	1675	1675	1674	1674	1674	1674	1674	1674	1674	1674	1674	1674	1674	1674	1674	1674	1675	1675	1674	1674	1674	1674	1675	1674	1674	1674	1674	1674	1673	1674	1674	1674	1675	1674	1675	1675	1674	1675	1674	1675	1675	1674	1675	1674	1675	1675	1675	1675	1675	1675	1674	1675	1674	1675	1675	1674	1675	1674	1674	1674	1674	1675	1675	1674	1675	1674	1675	1675	1675	1674	1674	1675	1674
3362	647138	1675	1674	1674	1674	1675	1674	1674	1674	1675	1675	1675	1675	1674	1675	1674	1674	1674	1674	1675	1674	1674	1674	1674	1674	1673	1675	1674	1673	1674	1674	1675	1675	1675	1675	1674	1675	1675	1675	1675	1675	1675	1675	1676	1675	1675	1676	1675	1675	1674	1675	1676	1675	1674	1676	1675	1675	1675	1676	1676	1676	1676	1675	1676	1675	1676	1676	1675	1676	1675	1675	1676	1675	1675	1675	1675	1675	1675	1676	1675	1675	1675	1675	1675	1675	1675	1675	1676	1675	1675	1675	1675	1675	1675	1675	1674	1674	1675	1674	1675	1675	1675	1676	1675	1674	1675	1675	1674	1675	1674	1675	1674	1675	1674	1674	1674	1674	1675	1675	1675	1675	1675	1675	1675	1675	1675	1675	1675	1674
3363	647630	1675	1676	1675	1675	1675	1676	1676	1676	1676	1676	1676	1676	1676	1676	1675	1676	1677	1676	1675	1676	1675	1676	1675	1676	1676	1675	1676	1675	1676	1676	1675	1675	1675	1675	1675	1675	1675	1675	1675	1675	1675	1675	1674	1674	1675	1675	1675	1675	1674	1675	1675	1675	1675	1675	1675	1675	1676	1675	1676	1675	1675	1675	1675	1675	1675	1676	1676	1675	1675	1676	1676	1676	1675	1676	1676	1676	1676	1675	1676	1676	1676	1676	1676	1675	1677	1676	1676	1675	1676	1676	1676	1676	1676	1676	1676	1676	1676	1676	1676	1676	1676	1676	1676	1676	1676	1676	1676	1676	1676	1675	1676	1675	1675	1675	1675	1675	1676	1675	1675	1675	1675	1675	1675	1675	1674	1675	1675	1675
3364	648123	1676	1676	1675	1676	1675	1675	1676	1675	1675	1676	1676	1675	1675	1676	1675	1676	1675	1675	1676	1675	1676	1675	1676	1676	1675	1676	1675	1675	1676	1675	1676	1677	1676	1676	1676	1676	1676	1676	1676	1676	1676	1676	1676	1676	1675	1676	1674	1676	1676	1676	1676	1676	1676	1676	1676	1676	1676	1676	1676	1675	1676	1676	1676	1675	1676	1676	1676	1676	1675	1675	1676	1675	1676	1675	1675	1676	1675	1675	1675	1676	1676	1675	1676	1675	1676	1676	1676	1676	1676	1676	1676	1676	1676	1676	1676	1676	1676	1675	1676	1676	1676	1676	1675	1676	1675	1676	1676	1676	1676	1676	1676	1677	1676	1676	1675	1676	1677	1677	1676	1677	1675	1676	1676	1676	1676	1676	1676	1675
3365	648615	1677	1677	1677	1677	1676	1677	1677	1676	1677	1677	1677	1676	1676	1677	1676	1676	1676	1677	1676	1677	1676	1677	1676	1676	1676	1676	1675	1676	1676	1676	1676	1676	1676	1676	1676	1676	1676	1676	1676	1676	1676	1676	1677	1677	1676	1676	1676	1677	1677	1677	1677	1676	1676	1677	1676	1677	1676	1676	1676	1677	1677	1676	1677	1677	1677	1677	1677	1677	1677	1677	1677	1677	1676	1677	1677	1677	1677	1676	1677	1677	1677	1677	1676	1676	1676	1676	1676	1676	1676	1676	1676	1677	1676	1676	1676	1676	1677	1676	1676	1676	1676	1676	1676	1676	1676	1676	1677	1676	1676	1677	1676	1676	1676	1676	1676	1676	1676	1676	1676	1676	1676	1676	1677	1677	1677	1677	1677	1677
3366	649107	1677	1677	1678	1677	1677	1678	1677	1677	1677	1677	1677	1677	1677	1677	1677	1677	1677	1677	1676	1677	1678	1677	1677	1677	1677	1677	1677	1677	1677	1677	1678	1677	1677	1677	1677	1677	1676	1677	1676	1677	1676	1677	1676	1677	1676	1677	1676	1676	1677	1677	1676	1677	1677	1677	1677	1677	1677	1676	1676	1677	1676	1676	1677	1676	1677	1676	1677	1676	1676	1677	1677	1676	1677	1677	1677	1677	1677	1677	1677	1677	1677	1677	1677	1677	1677	1677	1676	1677	1677	1677	1677	1677	1677	1677	1677	1677	1677	1677	1677	1677	1677	1677	1677	1677	1678	1678	1677	1677	1677	1677	1678	1678	1677	1678	1677	1677	1677	1677	1678	1677	1677	1677	1676	1677	1676	1677	1677	1677
3367	649600	1677	1676	1677	1676	1677	1678	1677	1677	1678	1677	1677	1677	1677	1676	1676	1677	1677	1677	1677	1677	1677	1677	1677	1677	1678	1678	1677	1676	1677	1677	1677	1677	1678	1677	1677	1677	1676	1677	1678	1678	1677	1678	1678	1677	1678	1677	1678	1678	1678	1678	1678	1677	1678	1678	1678	1678	1678	1677	1678	1678	1677	1678	1677	1678	1678	1678	1678	1677	1677	1677	1677	1677	1677	1678	1677	1677	1677	1677	1677	1676	1677	1677	1677	1677	1676	1678	1677	1677	1677	1677	1677	1677	1677	1677	1677	1677	1677	1677	1677	1677	1678	1677	1677	1678	1678	1677	1677	1677	1677	1677	1678	1677	1678	1677	1678	1678	1677	1677	1678	1678	1677	1677	1678	1677	1677	1678	1677	1678
3368	650092	1678	1678	1678	1677	1678	1678	1678	1678	1678	1678	1678	1677	1678	1678	1678	1678	1678	1678	1678	1678	1678	1678	1678	1677	1677	1678	1678	1677	1677	1678	1678	1678	1678	1677	1678	1678	1677	1678	1678	1678	1678	1678	1678	1679	1678	1679	1679	1679	1679	1678	1679	1678	1679	1677	1678	1678	1678	1678	1678	1679	1678	1678	1678	1678	1679	1679	1679	1679	1679	1678	1679	1679	1678	1678	1679	1678	1678	1679	1678	1678	1678	1678	1678	1678	1678	1678	1678	1678	1678	1678	1678	1678	1678	1678	1678	1678	1678	1677	1677	1677	1678	1678	1677	1678	1677	1678	1678	1677	1677	1678	1677	1678	1677	1678	1678	1678	1678	1678	1678	1677	1678	1678	1678	1678	1678	1678	1678	1678
3369	650584	1679	1679	1678	1679	1679	1679	1679	1679	1679	1679	1679	1678	1679	1678	1679	1678	1679	1679	1679	1679	1679	1679	1678	1678	1679	1678	1678	1678	1678	1678	1678	1679	1678	1678	1678	1678	1678	1678	1678	1678	1678	1679	1679	1678	1678	1679	1678	1678	1678	1678	1679	1678	1679	1678	1679	1679	1679	1679	1679	1678	1679	1678	1679	1679	1678	1679	1678	1679	1679	1679	1679	1679	1679	1679	1679	1679	1679	1679	1679	1679	1679	1678	1679	1679	1679	1678	1679	1679	1678	1679	1678	1678	1678	1678	1679	1678	1679	1679	1679	1679	1679	1679	1678	1679	1679	1678	1678	1678	1678	1678	1678	1678	1678	1678	1679	1678	1678	1678	1677	1679	1678	1678	1678	1678	1679	1678	1679	1678
3370	651076	1679	1680	1680	1679	1680	1679	1679	1679	1679	1679	1679	1680	1679	1679	1679	1679	1680	1679	1679	1679	1679	1679	1679	1679	1679	1679	1680	1679	1679	1679	1678	1679	1678	1679	1678	1678	1679	1679	1679	1678	1678	1679	1679	1679	1679	1678	1678	1678	1678	1678	1678	1679	1678	1678	1679	1677	1678	1678	1678	1678	1678	1679	1678	1679	1679	1678	1679	1679	1679	1679	1679	1679	1679	1679	1679	1679	1679	1678	1679	1679	1679	1679	1679	1678	1679	1679	1679	1678	1678	1678	1679	1679	1679	1681	1679	1679	1679	1679	1679	1679	1678	1679	1679	1679	1679	1679	1678	1678	1678	1678	1678	1678	1678	1678	1679	1679	1679	1678	1679	1679	1679	1679	1679	1679	1679	1679	1679	1679
3371	651569	1679	1680	1679	1680	1679	1679	1679	1679	1680	1679	1679	1680	1679	1680	1679	1679	1679	1679	1680	1679	1680	1680	1680	1680	1680	1680	1680	1679	1680	1679	1680	1680	1680	1680	1679	1680	1679	1680	1679	1679	1680	1680	1680	1680	1680	1680	1680	1680	1680	1680	1679	1679	1679	1679	1679	1679	1679	1679	1679	1679	1679	1679	1679	1679	1679	1679	1679	1679	1678	1680	1679	1679	1679	1679	1679	1679	1679	1679	1679	1679	1679	1679	1679	1678	1679	1678	1679	1679	1679	1679	1679	1679	1679	1680	1680	1680	1679	1679	1680	1679	1679	1679	1679	1679	1679	1679	1679	1679	1680	1679	1680	1679	1679	1680	1680	1680	1679	1679	1679	1679	1679	1679	1679	1680	1679	1679	1680	1679
3372	652061	1679	1680	1679	1680	1680	1679	1680	1680	1680	1680	1680	1679	1679	1681	1680	1680	1680	1680	1681	1680	1681	1680	1680	1680	1679	1680	1679	1680	1680	1680	1679	1680	1680	1680	1681	1680	1680	1680	1680	1679	1680	1680	1681	1680	1680	1680	1680	1680	1680	1680	1679	1680	1680	1680	1680	1679	1679	1680	1679	1679	1679	1679	1680	1679	1680	1681	1680	1680	1681	1680	1681	1680	1680	1680	1680	1681	1680	1680	1680	1680	1680	1679	1680	1680	1680	1680	1679	1680	1680	1680	1680	1680	1680	1680	1680	1680	1680	1680	1680	1680	1679	1679	1680	1679	1679	1680	1679	1680	1680	1680	1680	1679	1679	1680	1680	1680	1680	1680	1680	1680	1680	1680	1680	1680	1680	1680	1680	1679
3373	652553	1680	1680	1680	1679	1680	1680	1680	1679	1679	1680	1680	1680	1680	1680	1680	1680	1680	1681	1680	1680	1680	1680	1680	1680	1680	1680	1680	1680	1679	1680	1680	1680	1680	1680	1680	1680	1680	1679	1681	1680	1680	1680	1680	1681	1680	1680	1680	1680	1680	1680	1680	1680	1680	1680	1680	1680	1680	1680	1680	1680	1680	1681	1680	1680	1680	1680	1680	1680	1680	1680	1681	1680	1681	1681	1681	1680	1680	1680	1680	1681	1680	1680	1680	1680	1680	1680	1680	1680	1680	1681	1681	1681	1681	1681	1681	1680	1681	1681	1680	1680	1680	1681	1680	1680	1680	1680	1680	1680	1680	1680	1680	1681	1680	1680	1680	1680	1680	1680	1681	1681	1681	1681	1680	1680	1680	1680	1680	1680
3374	653046	1681	1680	1681	1681	1681	1681	1681	1680	1680	1680	1681	1680	1680	1681	1681	1681	1680	1680	1680	1680	1680	1680	1681	1681	1680	1681	1681	1680	1681	1680	1680	1680	1680	1680	1680	1680	1680	1680	1681	1680	1681	1680	1681	1681	1681	1681	1681	1681	1681	1681	1681	1681	1682	1681	1681	1681	1680	1681	1680	1681	1681	1681	1681	1680	1682	1680	1681	1681	1681	1682	1680	1681	1681	1681	1681	1681	1682	1681	1681	1681	1681	1681	1680	1681	1681	1680	1681	1680	1680	1680	1680	1681	1680	1681	1681	1681	1681	1681	1681	1681	1681	1681	1681	1681	1680	1681	1681	1681	1681	1681	1681	1681	1680	1681	1681	1682	1681	1681	1681	1681	1681	1681	1681	1681	1681	1681	1682	1680
3375	653538	1681	1681	1681	1681	1681	1681	1681	1682	1681	1681	1681	1682	1681	1681	1682	1681	1682	1682	1681	1682	1681	1682	1681	1681	1682	1682	1683	1681	1681	1681	1681	1681	1682	1681	1681	1681	1682	1681	1681	1682	1681	1681	1681	1681	1682	1681	1681	1681	1681	1680	1681	1681	1681	1681	1681	1681	1680	1682	1681	1681	1682	1681	1682	1681	1681	1681	1681	1681	1680	1681	1681	1681	1681	1681	1681	1681	1680	1681	1680	1681	1681	1681	1681	1680	1681	1681	1681	1681	1681	1682	1681	1682	1681	1681	1681	1681	1682	1681	1680	1681	1681	1682	1681	1681	1681	1682	1682	1681	1681	1681	1682	1681	1681	1682	1682	1682	1682	1681	1682	1682	1682	1682	1681	1681	1681	1681	1681	1681
3376	654030	1681	1682	1682	1682	1681	1682	1681	1681	1682	1682	1682	1683	1683	1681	1682	1682	1682	1681	1681	1681	1681	1681	1682	1681	1681	1682	1681	1681	1681	1682	1682	1681	1682	1682	1681	1682	1681	1682	1682	1682	1682	1682	1682	1682	1682	1682	1682	1682	1682	1681	1682	1682	1682	1681	1682	1682	1682	1683	1682	1683	1683	1682	1682	1683	1683	1682	1682	1682	1682	1683	1682	1683	1683	1682	1683	1682	1682	1682	1682	1682	1682	1682	1682	1682	1682	1682	1682	1682	1682	1682	1681	1682	1681	1681	1681	1681	1682	1681	1681	1681	1682	1681	1681	1681	1681	1682	1681	1681	1681	1681	1680	1681	1682	1681	1682	1682	1682	1682	1682	1682	1682	1682	1681	1682	1682	1682	1682	1682
3377	654523	1682	1682	1682	1682	1683	1682	1683	1683	1683	1683	1682	1682	1682	1683	1682	1683	1683	1682	1683	1682	1682	1683	1682	1683	1683	1683	1683	1682	1683	1682	1683	1683	1683	1683	1683	1683	1682	1682	1683	1682	1682	1682	1682	1683	1682	1682	1682	1682	1682	1682	1682	1682	1682	1682	1682	1681	1682	1682	1682	1682	1681	1682	1681	1682	1682	1681	1682	1681	1682	1681	1682	1682	1682	1682	1682	1683	1682	1683	1682	1683	1682	1682	1682	1682	1682	1682	1682	1682	1683	1683	1682	1682	1683	1682	1683	1683	1682	1683	1682	1683	1683	1682	1683	1682	1683	1683	1682	1682	1682	1682	1683	1683	1682	1682	1682	1682	1682	1683	1682	1682	1682	1683	1682	1683	1683	1682	1682	1681
3378	655015	1683	1682	1683	1683	1683	1682	1683	1683	1683	1682	1683	1683	1683	1682	1683	1683	1683	1682	1683	1683	1683	1683	1683	1684	1683	1683	1683	1683	1683	1683	1683	1683	1682	1683	1683	1683	1683	1682	1683	1682	1683	1683	1683	1683	1683	1683	1683	1683	1683	1683	1683	1682	1683	1683	1683	1682	1682	1682	1683	1683	1682	1683	1683	1683	1683	1683	1683	1683	1683	1683	1683	1683	1683	1683	1683	1682	1683	1683	1683	1683	1683	1683	1683	1682	1683	1683	1682	1682	1683	1682	1683	1683	1682	1683	1683	1683	1683	1683	1682	1682	1683	1683	1683	1683	1683	1684	1683	1683	1683	1683	1684	1683	1683	1683	1682	1683	1683	1682	1683	1683	1683	1683	1683	1683	1683	1683	1683	1683
3379	655507	1683	1684	1684	1683	1683	1683	1683	1683	1684	1683	1683	1683	1683	1683	1683	1683	1683	1683	1683	1683	1683	1683	1683	1683	1683	1683	1683	1683	1683	1682	1683	1683	1683	1683	1683	1683	1683	1683	1683	1682	1683	1683	1684	1683	1683	1683	1683	1684	1684	1683	1683	1684	1684	1682	1684	1683	1684	1684	1683	1684	1683	1683	1684	1683	1684	1683	1684	1684	1683	1684	1683	1683	1683	1683	1684	1682	1683	1683	1683	1684	1683	1683	1683	1683	1684	1683	1684	1683	1683	1683	1683	1683	1683	1683	1683	1683	1684	1683	1683	1684	1683	1683	1683	1683	1683	1683	1683	1683	1683	1683	1684	1683	1683	1684	1683	1683	1682	1683	1684	1683	1683	1684	1683	1683	1683	1683	1683	1683
3380	656000	1684	1684	1685	1684	1684	1684	1684	1683	1684	1684	1684	1684	1684	1684	1684	1684	1683	1683	1683	1683	1684	1683	1683	1684	1684	1684	1684	1684	1684	1684	1684	1684	1684	1684	1684	1684	1684	1684	1683	1684	1684	1684	1684	1685	1684	1684	1684	1683	1684	1685	1684	1684	1685	1685	1685	1685	1684	1685	1684	1684	1684	1684	1683	1684	1683	1684	1684	1683	1683	1684	1683	1683	1683	1683	1683	1683	1684	1683	1683	1683	1683	1683	1684	1683	1684	1683	1683	1684	1684	1684	1683	1684	1683	1683	1685	1683	1684	1684	1684	1684	1684	1684	1684	1684	1684	1684	1684	1684	1684	1684	1684	1684	1684	1684	1685	1684	1684	1684	1684	1684	1684	1684	1684	1684	1684	1684	1684	1683
3381	656492	1684	1684	1684	1684	1684	1684	1684	1684	1684	1685	1684	1685	1685	1684	1684	1684	1685	1684	1684	1685	1684	1684	1684	1684	1685	1685	1685	1685	1685	1685	1685	1685	1685	1685	1684	1685	1685	1685	1685	1685	1685	1685	1685	1685	1686	1685	1685	1685	1684	1684	1685	1685	1685	1684	1684	1685	1684	1685	1685	1685	1684	1685	1684	1684	1684	1684	1685	1684	1684	1684	1685	1685	1685	1685	1684	1685	1684	1685	1685	1684	1684	1684	1685	1684	1684	1684	1684	1685	1684	1685	1685	1685	1685	1684	1685	1685	1685	1685	1684	1685	1685	1685	1685	1684	1685	1684	1684	1684	1684	1685	1684	1684	1684	1684	1685	1684	1684	1685	1684	1685	1685	1684	1684	1684	1684	1684	1684	1684
3382	656984	1684	1685	1685	1684	1685	1685	1685	1685	1685	1685	1684	1684	1684	1684	1684	1685	1685	1684	1684	1685	1684	1684	1684	1684	1685	1684	1685	1684	1685	1685	1684	1685	1685	1685	1685	1685	1685	1685	1685	1686	1686	1685	1685	1685	1685	1685	1686	1685	1685	1686	1685	1685	1684	1685	1685	1685	1685	1685	1686	1685	1685	1685	1685	1685	1685	1685	1685	1685	1684	1684	1685	1685	1684	1685	1684	1684	1685	1684	1685	1684	1685	1685	1684	1685	1683	1685	1684	1684	1684	1685	1685	1685	1686	1685	1685	1685	1685	1686	1685	1685	1685	1685	1686	1685	1685	1685	1685	1685	1685	1686	1685	1686	1685	1685	1685	1685	1685	1685	1685	1685	1685	1686	1686	1685	1685	1685	1685	1685
3383	657476	1685	1685	1685	1685	1684	1684	1685	1685	1686	1685	1685	1686	1684	1686	1685	1685	1686	1685	1686	1685	1685	1685	1684	1685	1685	1686	1686	1685	1685	1685	1686	1686	1686	1686	1685	1686	1686	1685	1686	1685	1686	1685	1686	1685	1685	1685	1686	1686	1685	1685	1686	1686	1686	1685	1685	1686	1686	1686	1685	1686	1686	1686	1686	1685	1685	1685	1686	1685	1686	1685	1686	1685	1685	1685	1685	1685	1686	1685	1685	1685	1686	1685	1685	1686	1685	1685	1685	1685	1685	1685	1685	1685	1685	1685	1685	1685	1685	1684	1685	1685	1685	1686	1686	1686	1686	1685	1686	1685	1685	1686	1685	1686	1685	1686	1686	1685	1685	1685	1685	1686	1685	1685	1685	1685	1686	1685	1685	1685
3384	657969	1686	1686	1686	1686	1686	1686	1685	1686	1686	1686	1686	1686	1686	1686	1686	1686	1686	1686	1686	1686	1686	1686	1687	1685	1686	1686	1686	1686	1686	1685	1685	1686	1686	1685	1685	1686	1686	1687	1685	1686	1686	1686	1686	1685	1686	1686	1685	1686	1686	1686	1686	1686	1686	1686	1686	1685	1686	1686	1686	1686	1686	1685	1685	1685	1686	1685	1686	1686	1685	1686	1685	1686	1685	1686	1685	1686	1685	1685	1686	1685	1686	1686	1685	1686	1685	1686	1686	1686	1686	1686	1685	1686	1685	1685	1686	1685	1686	1686	1686	1686	1686	1686	1686	1686	1686	1686	1686	1686	1686	1686	1685	1686	1686	1686	1686	1685	1686	1686	1686	1686	1686	1686	1686	1686	1686	1686	1686	1685
3385	658461	1687	1686	1687	1687	1686	1687	1686	1686	1687	1686	1686	1687	1686	1687	1686	1686	1686	1686	1686	1686	1686	1686	1686	1687	1687	1687	1687	1687	1686	1687	1687	1686	1687	1686	1687	1686	1687	1687	1687	1686	1687	1686	1687	1687	1687	1686	1687	1687	1687	1687	1686	1687	1686	1687	1686	1686	1687	1686	1687	1686	1685	1686	1686	1686	1686	1686	1686	1686	1686	1686	1686	1686	1686	1687	1686	1686	1686	1686	1687	1687	1687	1686	1686	1687	1686	1687	1687	1687	1686	1686	1687	1686	1687	1686	1686	1687	1686	1686	1686	1686	1686	1686	1687	1686	1687	1686	1686	1686	1686	1686	1686	1686	1686	1687	1686	1686	1687	1686	1686	1686	1687	1686	1686	1686	1687	1687	1687	1687
3386	658953	1687	1686	1687	1687	1687	1687	1688	1687	1687	1687	1687	1688	1687	1688	1687	1687	1688	1686	1687	1687	1687	1688	1686	1687	1687	1687	1688	1687	1687	1687	1687	1687	1687	1687	1687	1687	1687	1687	1687	1687	1686	1686	1686	1686	1687	1686	1686	1686	1687	1686	1686	1687	1687	1687	1686	1687	1687	1687	1686	1686	1687	1686	1687	1687	1686	1687	1687	1686	1687	1686	1686	1687	1687	1687	1687	1687	1687	1686	1687	1687	1687	1687	1687	1687	1687	1687	1688	1687	1687	1688	1687	1687	1686	1687	1687	1686	1689	1687	1687	1687	1687	1688	1687	1687	1687	1687	1687	1687	1687	1687	1687	1687	1687	1687	1687	1687	1687	1687	1687	1687	1687	1687	1686	1687	1687	1687	1687	1687
3387	659446	1688	1688	1688	1688	1688	1687	1688	1689	1688	1688	1688	1687	1688	1688	1687	1688	1687	1688	1688	1688	1687	1687	1688	1687	1687	1687	1685	1687	1687	1688	1687	1687	1687	1687	1688	1687	1687	1688	1687	1687	1687	1687	1687	1687	1688	1686	1687	1687	1687	1688	1687	1687	1687	1687	1687	1688	1687	1687	1687	1687	1687	1688	1688	1687	1689	1688	1688	1688	1687	1687	1688	1687	1687	1687	1687	1688	1687	1688	1687	1688	1687	1688	1688	1688	1689	1688	1688	1688	1688	1688	1688	1688	1688	1688	1688	1687	1687	1687	1688	1687	1687	1688	1686	1688	1687	1687	1687	1688	1688	1688	1687	1688	1687	1688	1687	1687	1688	1687	1686	1687	1687	1686	1687	1687	1687	1687	1687	1687
3388	659938	1687	1688	1688	1688	1688	1688	1688	1688	1688	1688	1688	1687	1688	1687	1688	1688	1688	1688	1688	1688	1687	1688	1688	1688	1687	1688	1687	1688	1688	1688	1688	1688	1688	1688	1688	1688	1688	1688	1688	1688	1688	1687	1688	1688	1688	1687	1688	1689	1688	1688	1688	1688	1688	1688	1689	1688	1688	1688	1688	1688	1688	1688	1688	1688	1688	1688	1688	1688	1688	1688	1688	1688	1687	1688	1688	1688	1688	1688	1688	1688	1688	1688	1688	1689	1688	1688	1688	1687	1688	1687	1687	1688	1687	1688	1687	1688	1688	1687	1688	1688	1687	1687	1687	1688	1688	1688	1688	1688	1688	1688	1688	1688	1688	1688	1688	1687	1688	1688	1687	1688	1687	1687	1687	1687	1688	1688	1688	1688
3389	660430	1689	1688	1688	1688	1689	1689	1688	1688	1689	1688	1689	1689	1688	1689	1688	1689	1689	1688	1689	1689	1688	1689	1689	1689	1688	1689	1689	1689	1689	1689	1689	1688	1689	1689	1689	1688	1689	1688	1688	1688	1689	1688	1688	1688	1687	1688	1688	1687	1688	1688	1688	1688	1688	1688	1688	1687	1687	1688	1688	1688	1688	1688	1689	1688	1688	1689	1688	1688	1688	1688	1689	1688	1688	1688	1688	1688	1689	1689	1688	1688	1688	1688	1689	1689	1689	1689	1688	1689	1689	1689	1689	1688	1689	1689	1689	1689	1689	1688	1689	1688	1688	1689	1688	1689	1688	1688	1689	1689	1688	1688	1688	1688	1688	1689	1688	1688	1689	1686	1688	1688	1688	1688	1688	1688	1688	1688	1688	1688
3390	660923	1689	1689	1690	1689	1689	1688	1688	1689	1689	1688	1689	1689	1689	1690	1689	1689	1689	1689	1690	1689	1688	1688	1688	1689	1689	1689	1688	1688	1688	1689	1689	1689	1689	1688	1688	1689	1689	1689	1688	1689	1689	1689	1690	1689	1689	1689	1689	1689	1688	1689	1689	1689	1689	1689	1688	1689	1689	1689	1689	1689	1689	1688	1689	1689	1689	1689	1689	1689	1689	1689	1689	1689	1689	1689	1689	1689	1689	1688	1689	1688	1689	1688	1689	1688	1688	1688	1688	1689	1688	1689	1689	1689	1688	1689	1688	1688	1689	1689	1688	1689	1688	1689	1689	1688	1689	1688	1689	1689	1688	1690	1688	1689	1689	1688	1689	1688	1689	1690	1688	1689	1689	1689	1689	1689	1689	1688	1689	1689
3391	661415	1689	1689	1689	1689	1689	1689	1689	1689	1689	1689	1689	1689	1688	1689	1689	1688	1689	1689	1689	1689	1689	1689	1689	1689	1690	1690	1690	1690	1690	1690	1689	1689	1690	1690	1690	1690	1690	1690	1690	1690	1690	1690	1691	1690	1690	1690	1690	1689	1690	1690	1689	1690	1690	1690	1690	1689	1690	1689	1690	1689	1689	1689	1689	1689	1689	1689	1689	1689	1689	1688	1689	1689	1689	1688	1688	1689	1689	1688	1689	1689	1689	1689	1689	1689	1689	1689	1689	1689	1688	1688	1689	1689	1688	1689	1689	1689	1689	1689	1690	1690	1690	1690	1690	1690	1689	1690	1690	1690	1689	1689	1690	1689	1689	1690	1689	1689	1689	1690	1689	1690	1690	1689	1690	1690	1690	1690	1689	1690
3392	661907	1690	1690	1690	1690	1689	1690	1690	1690	1690	1689	1690	1689	1690	1690	1689	1690	1689	1690	1690	1690	1689	1690	1689	1689	1689	1689	1689	1689	1689	1689	1689	1689	1689	1689	1689	1689	1689	1689	1689	1690	1689	1689	1689	1688	1690	1689	1689	1689	1690	1690	1689	1689	1689	1689	1689	1689	1689	1689	1689	1690	1689	1690	1689	1689	1690	1689	1690	1690	1690	1690	1690	1690	1690	1690	1690	1689	1690	1689	1691	1690	1690	1690	1690	1690	1691	1690	1691	1690	1690	1691	1690	1690	1690	1691	1690	1690	1689	1690	1690	1690	1690	1690	1690	1690	1690	1690	1689	1689	1690	1691	1691	1690	1690	1690	1689	1690	1690	1690	1691	1690	1690	1690	1690	1690	1690	1690	1690	1690
3393	662400	1691	1690	1690	1690	1691	1690	1690	1690	1690	1690	1690	1691	1690	1690	1690	1690	1690	1690	1690	1690	1689	1690	1690	1690	1690	1690	1689	1690	1690	1690	1690	1690	1690	1690	1690	1690	1690	1690	1690	1690	1690	1690	1691	1690	1690	1690	1690	1690	1690	1690	1690	1690	1691	1690	1691	1691	1691	1691	1691	1691	1690	1690	1691	1690	1691	1690	1691	1690	1690	1690	1690	1690	1690	1690	1690	1690	1691	1690	1689	1690	1691	1691	1690	1690	1691	1691	1690	1690	1690	1690	1690	1690	1689	1690	1690	1690	1690	1690	1690	1690	1690	1690	1690	1689	1690	1690	1691	1690	1690	1690	1690	1690	1690	1690	1690	1690	1690	1691	1689	1690	1690	1690	1691	1690	1691	1690	1690	1691
3394	662892	1691	1691	1691	1691	1691	1691	1690	1691	1691	1692	1691	1691	1691	1690	1691	1691	1691	1691	1690	1691	1691	1690	1691	1691	1691	1691	1691	1691	1690	1691	1691	1690	1691	1690	1691	1690	1690	1691	1691	1691	1690	1692	1691	1691	1691	1691	1691	1690	1692	1691	1691	1691	1691	1691	1691	1691	1692	1691	1691	1690	1691	1691	1691	1692	1691	1691	1692	1692	1691	1691	1691	1691	1691	1691	1690	1691	1691	1691	1691	1691	1691	1691	1690	1691	1690	1690	1690	1690	1691	1690	1690	1691	1690	1690	1690	1691	1690	1690	1691	1691	1691	1690	1690	1691	1688	1691	1690	1691	1690	1691	1691	1691	1691	1691	1691	1691	1691	1690	1691	1691	1691	1691	1690	1690	1691	1690	1691	1690
3395	663384	1691	1691	1691	1691	1691	1691	1691	1691	1691	1691	1691	1692	1692	1692	1692	1691	1692	1692	1692	1692	1692	1692	1692	1691	1691	1691	1691	1691	1691	1691	1691	1692	1691	1691	1692	1691	1692	1692	1692	1691	1691	1692	1692	1692	1692	1691	1691	1692	1692	1691	1691	1691	1691	1691	1691	1691	1691	1690	1692	1691	1691	1691	1691	1691	1691	1691	1691	1691	1691	1691	1691	1692	1691	1691	1692	1691	1692	1691	1691	1691	1691	1691	1691	1692	1691	1691	1691	1691	1691	1691	1691	1692	1692	1691	1691	1691	1691	1691	1691	1691	1691	1691	1691	1691	1692	1691	1691	1691	1691	1691	1691	1691	1691	1691	1691	1691	1691	1691	1692	1691	1691	1691	1691	1691	1691	1691	1691	1691
3396	663876	1691	1692	1691	1693	1692	1692	1692	1692	1692	1692	1693	1693	1692	1692	1692	1692	1692	1692	1692	1692	1692	1692	1692	1692	1692	1692	1692	1692	1692	1692	1692	1691	1692	1692	1692	1692	1692	1692	1692	1692	1692	1691	1691	1691	1692	1691	1691	1691	1692	1691	1691	1692	1692	1692	1692	1692	1691	1691	1691	1692	1693	1692	1691	1692	1691	1691	1691	1692	1691	1692	1692	1692	1691	1691	1692	1692	1692	1691	1691	1692	1691	1692	1692	1692	1691	1692	1691	1692	1692	1692	1691	1692	1691	1691	1691	1692	1691	1692	1691	1692	1692	1692	1692	1692	1693	1692	1692	1693	1692	1693	1692	1692	1692	1692	1692	1692	1692	1693	1692	1692	1692	1692	1692	1692	1692	1692	1692	1692
3397	664369	1692	1692	1692	1692	1692	1692	1692	1692	1692	1692	1693	1692	1693	1692	1692	1693	1692	1692	1692	1693	1692	1693	1693	1692	1693	1692	1693	1692	1693	1692	1692	1693	1692	1692	1693	1692	1693	1693	1693	1693	1692	1693	1694	1693	1693	1693	1693	1693	1693	1693	1692	1693	1693	1693	1692	1693	1692	1692	1693	1692	1692	1692	1692	1692	1692	1692	1693	1692	1692	1692	1693	1693	1692	1692	1692	1692	1692	1692	1692	1692	1692	1692	1692	1692	1691	1692	1692	1691	1692	1691	1692	1692	1692	1692	1691	1692	1692	1692	1692	1692	1692	1692	1692	1692	1692	1692	1692	1692	1692	1692	1691	1692	1692	1692	1692	1692	1691	1692	1692	1692	1692	1692	1692	1692	1692	1692	1692	1692
3398	664861	1694	1694	1693	1693	1693	1693	1693	1693	1693	1693	1695	1693	1693	1693	1693	1693	1693	1693	1692	1693	1693	1693	1693	1693	1693	1693	1694	1693	1693	1693	1693	1693	1693	1693	1693	1693	1693	1693	1692	1693	1692	1693	1692	1692	1693	1693	1693	1693	1693	1693	1693	1692	1692	1693	1693	1693	1693	1693	1694	1693	1693	1693	1693	1693	1692	1693	1693	1693	1693	1693	1693	1693	1693	1694	1692	1693	1693	1692	1693	1693	1693	1693	1693	1693	1693	1693	1692	1693	1693	1693	1693	1692	1692	1693	1694	1693	1693	1693	1693	1692	1692	1693	1693	1693	1693	1693	1693	1693	1693	1693	1693	1693	1692	1692	1693	1692	1692	1692	1693	1693	1692	1692	1693	1693	1693	1694	1693	1693
3399	665353	1693	1693	1694	1693	1693	1694	1693	1694	1693	1693	1694	1693	1693	1693	1693	1693	1693	1693	1693	1692	1693	1692	1693	1693	1692	1693	1692	1693	1693	1692	1693	1693	1693	1693	1693	1693	1693	1693	1694	1694	1694	1694	1694	1694	1694	1693	1694	1694	1693	1693	1693	1693	1694	1693	1693	1693	1693	1693	1693	1693	1693	1692	1693	1693	1693	1692	1693	1691	1693	1693	1693	1693	1693	1693	1693	1693	1693	1693	1693	1694	1693	1692	1693	1692	1694	1693	1693	1693	1694	1694	1693	1693	1693	1694	1694	1693	1693	1693	1693	1694	1693	1694	1693	1694	1693	1693	1695	1694	1695	1693	1694	1694	1695	1694	1693	1694	1694	1693	1694	1695	1694	1694	1694	1694	1694	1693	1693	1694
3400	665846	1693	1693	1693	1693	1693	1694	1693	1693	1694	1693	1694	1693	1694	1694	1694	1694	1694	1694	1694	1693	1694	1693	1693	1693	1693	1693	1693	1693	1693	1693	1693	1693	1693	1694	1694	1694	1694	1694	1694	1694	1694	1694	1693	1693	1694	1694	1694	1693	1694	1694	1693	1693	1694	1694	1693	1694	1693	1694	1694	1694	1694	1694	1693	1694	1694	1693	1694	1693	1694	1694	1694	1694	1693	1693	1694	1693	1694	1694	1694	1694	1694	1693	1694	1694	1693	1694	1694	1694	1694	1694	1694	1694	1694	1694	1693	1694	1694	1694	1694	1693	1694	1693	1694	1694	1693	1694	1694	1694	1694	1694	1694	1693	1694	1693	1694	1694	1693	1694	1693	1693	1693	1693	1693	1694	1694	1693	1693	1693
3401	666338	1695	1695	1695	1695	1695	1695	1695	1695	1695	1695	1695	1694	1694	1695	1695	1694	1694	1695	1694	1694	1694	1695	1695	1695	1695	1694	1694	1694	1695	1695	1694	1694	1695	1694	1695	1694	1694	1694	1694	1694	1694	1694	1694	1694	1694	1694	1694	1695	1695	1694	1695	1694	1694	1695	1694	1695	1695	1694	1694	1695	1695	1694	1694	1694	1694	1695	1694	1694	1694	1694	1694	1695	1694	1694	1694	1695	1694	1694	1695	1695	1695	1695	1694	1694	1694	1694	1695	1695	1694	1694	1694	1694	1694	1694	1695	1694	1695	1695	1695	1695	1694	1695	1694	1694	1694	1695	1694	1695	1695	1694	1695	1694	1695	1695	1695	1694	1695	1694	1695	1694	1694	1695	1694	1694	1694	1694	1694	1695
3402	666830	1694	1695	1695	1694	1694	1694	1695	1695	1694	1695	1695	1695	1695	1695	1694	1694	1695	1694	1695	1694	1694	1695	1695	1695	1694	1695	1695	1694	1694	1695	1695	1695	1694	1695	1695	1695	1695	1695	1695	1695	1695	1695	1694	1695	1694	1695	1694	1694	1695	1694	1694	1695	1695	1695	1695	1695	1695	1694	1696	1695	1695	1695	1695	1694	1695	1695	1695	1695	1695	1696	1695	1695	1695	1695	1695	1695	1695	1694	1695	1695	1695	1695	1695	1695	1695	1695	1695	1695	1695	1694	1695	1694	1694	1695	1694	1694	1694	1695	1695	1695	1695	1694	1694	1695	1695	1695	1694	1695	1694	1694	1694	1694	1695	1694	1695	1696	1694	1695	1695	1695	1694	1694	1695	1695	1695	1695	1695	1694
3403	667323	1696	1695	1696	1695	1696	1696	1695	1695	1695	1696	1695	1695	1696	1696	1696	1696	1695	1695	1696	1695	1695	1696	1695	1695	1696	1696	1696	1696	1696	1696	1696	1696	1695	1695	1695	1695	1695	1695	1695	1695	1695	1695	1695	1696	1696	1695	1696	1696	1695	1696	1696	1696	1695	1696	1696	1695	1695	1695	1695	1695	1695	1695	1695	1695	1695	1695	1695	1695	1695	1695	1695	1696	1695	1696	1695	1695	1695	1696	1696	1695	1696	1695	1695	1695	1695	1694	1695	1695	1695	1695	1695	1695	1695	1695	1695	1695	1695	1695	1695	1695	1695	1695	1696	1696	1695	1695	1695	1695	1696	1695	1695	1694	1695	1695	1695	1695	1695	1695	1695	1694	1695	1695	1696	1695	1695	1695	1695	1695
3404	667815	1696	1696	1696	1696	1696	1696	1696	1696	1695	1697	1696	1696	1696	1695	1695	1696	1695	1695	1695	1695	1695	1695	1695	1696	1695	1695	1695	1694	1695	1695	1695	1695	1695	1695	1696	1696	1695	1695	1695	1695	1695	1695	1695	1695	1695	1695	1695	1695	1695	1696	1696	1696	1696	1696	1696	1696	1696	1696	1697	1697	1696	1696	1696	1696	1696	1696	1696	1696	1695	1696	1696	1696	1696	1696	1696	1696	1696	1696	1696	1695	1696	1696	1695	1695	1695	1696	1695	1695	1695	1695	1695	1696	1696	1696	1696	1696	1696	1696	1696	1696	1696	1695	1695	1695	1695	1696	1696	1695	1695	1696	1695	1696	1696	1695	1695	1695	1695	1696	1695	1695	1697	1696	1696	1695	1696	1696	1696	1696
3405	668307	1695	1696	1696	1696	1696	1695	1696	1696	1696	1696	1696	1696	1697	1696	1696	1696	1696	1696	1697	1695	1695	1696	1696	1696	1695	1696	1696	1696	1697	1696	1696	1696	1696	1696	1696	1696	1696	1696	1696	1696	1696	1696	1696	1696	1696	1696	1696	1696	1696	1697	1696	1696	1695	1696	1696	1696	1696	1695	1696	1696	1696	1697	1696	1696	1696	1697	1697	1696	1697	1697	1697	1697	1697	1696	1697	1697	1697	1697	1697	1697	1697	1697	1697	1696	1696	1697	1696	1697	1696	1696	1697	1697	1697	1696	1697	1697	1696	1696	1696	1696	1696	1696	1697	1695	1696	1696	1696	1697	1696	1696	1696	1696	1697	1695	1696	1695	1696	1696	1696	1696	1696	1696	1696	1696	1697	1696	1696	1696
3406	668800	1697	1696	1697	1697	1696	1697	1696	1697	1696	1697	1697	1697	1696	1696	1697	1696	1697	1696	1696	1697	1697	1697	1696	1696	1696	1696	1696	1696	1697	1696	1696	1697	1696	1696	1696	1696	1697	1696	1697	1696	1696	1696	1696	1696	1696	1696	1696	1696	1696	1696	1696	1696	1696	1697	1696	1696	1696	1696	1696	1696	1696	1696	1696	1696	1697	1697	1697	1696	1696	1697	1697	1697	1697	1697	1697	1697	1697	1696	1697	1697	1697	1697	1697	1698	1697	1697	1697	1697	1697	1697	1697	1698	1698	1697	1697	1697	1698	1697	1697	1697	1697	1697	1697	1696	1696	1696	1696	1697	1696	1696	1696	1697	1696	1696	1696	1696	1696	1697	1696	1696	1696	1696	1696	1695	1696	1696	1696	1697
3407	669292	1697	1698	1697	1698	1697	1697	1698	1697	1698	1697	1698	1697	1697	1697	1697	1697	1697	1697	1698	1696	1697	1697	1697	1697	1697	1697	1696	1697	1696	1696	1697	1697	1696	1696	1697	1696	1696	1696	1697	1696	1697	1697	1697	1697	1697	1697	1697	1697	1697	1697	1697	1697	1696	1697	1697	1697	1696	1697	1697	1697	1697	1697	1698	1698	1697	1697	1697	1697	1697	1698	1697	1697	1698	1697	1697	1698	1697	1697	1697	1697	1697	1697	1697	1697	1697	1696	1697	1696	1696	1697	1696	1697	1697	1696	1697	1696	1697	1697	1696	1697	1697	1697	1697	1697	1697	1696	1697	1697	1697	1697	1696	1697	1696	1696	1696	1697	1697	1696	1697	1697	1697	1697	1696	1697	1697	1698	1697	1697
3408	669784	1697	1698	1696	1697	1697	1697	1698	1697	1697	1697	1697	1698	1697	1697	1698	1697	1698	1697	1697	1697	1697	1698	1698	1697	1697	1698	1698	1697	1698	1697	1698	1697	1697	1698	1697	1698	1698	1698	1698	1698	1698	1697	1698	1698	1697	1698	1697	1698	1697	1697	1698	1697	1698	1698	1698	1698	1697	1698	1698	1697	1698	1697	1697	1698	1698	1698	1698	1697	1698	1697	1698	1697	1698	1698	1698	1698	1697	1697	1698	1698	1698	1698	1697	1698	1698	1697	1698	1698	1698	1698	1698	1697	1697	1698	1698	1698	1698	1698	1698	1698	1697	1697	1698	1698	1697	1697	1697	1698	1698	1698	1697	1697	1698	1697	1698	1698	1698	1698	1697	1698	1698	1698	1698	1698	1699	1698	1699	1699
3409	670276	1698	1698	1698	1699	1698	1698	1699	1698	1699	1699	1698	1698	1699	1698	1698	1698	1698	1699	1698	1698	1699	1698	1699	1698	1699	1699	1697	1698	1698	1698	1698	1697	1698	1698	1698	1697	1698	1698	1697	1698	1697	1697	1698	1697	1698	1696	1697	1697	1697	1697	1698	1697	1697	1697	1697	1698	1698	1698	1697	1697	1698	1697	1698	1697	1700	1698	1698	1698	1698	1698	1699	1699	1699	1698	1699	1699	1699	1699	1698	1699	1699	1699	1699	1698	1699	1698	1699	1698	1698	1698	1698	1698	1697	1698	1698	1698	1699	1698	1698	1698	1698	1699	1698	1697	1698	1697	1698	1698	1698	1698	1697	1698	1697	1697	1697	1697	1698	1697	1697	1698	1699	1698	1698	1698	1697	1698	1697	1698
3410	670769	1699	1699	1699	1698	1699	1698	1698	1699	1699	1699	1698	1699	1699	1699	1698	1698	1698	1699	1699	1699	1699	1699	1698	1699	1699	1699	1699	1699	1699	1699	1699	1698	1698	1698	1698	1699	1698	1699	1699	1699	1699	1699	1698	1699	1699	1699	1698	1698	1699	1699	1699	1698	1700	1698	1698	1699	1699	1699	1698	1698	1698	1698	1698	1698	1699	1699	1699	1699	1699	1699	1699	1700	1699	1700	1700	1698	1700	1699	1699	1700	1699	1699	1699	1699	1699	1698	1699	1699	1699	1698	1698	1699	1699	1698	1698	1698	1699	1699	1699	1699	1698	1699	1698	1698	1697	1698	1699	1698	1698	1698	1699	1698	1698	1698	1699	1698	1698	1698	1698	1699	1699	1698	1699	1698	1698	1698	1698	1698
3411	671261	1699	1699	1699	1699	1699	1699	1699	1699	1699	1699	1699	1699	1699	1700	1700	1699	1699	1700	1700	1700	1700	1699	1699	1699	1699	1699	1699	1700	1699	1699	1699	1699	1699	1699	1699	1699	1699	1699	1699	1699	1699	1699	1700	1699	1699	1699	1699	1699	1699	1699	1699	1699	1699	1699	1699	1699	1699	1699	1699	1699	1699	1699	1699	1699	1699	1699	1699	1700	1699	1699	1698	1699	1699	1699	1700	1699	1699	1699	1699	1699	1699	1699	1698	1699	1699	1699	1699	1699	1699	1699	1699	1699	1698	1698	1698	1699	1699	1698	1699	1698	1698	1697	1698	1698	1698	1698	1699	1698	1699	1698	1699	1699	1699	1699	1699	1699	1698	1700	1699	1699	1699	1698	1700	1699	1699	1699	1699	1700
3412	671753	1699	1700	1699	1699	1700	1699	1700	1699	1700	1700	1699	1701	1700	1700	1699	1700	1700	1700	1700	1699	1699	1700	1699	1699	1699	1700	1699	1700	1700	1700	1700	1700	1700	1700	1700	1700	1699	1700	1701	1700	1700	1700	1699	1700	1700	1700	1700	1700	1700	1700	1700	1700	1700	1700	1700	1701	1700	1700	1700	1700	1700	1699	1699	1700	1700	1700	1700	1699	1698	1699	1699	1699	1698	1698	1699	1699	1699	1698	1699	1699	1699	1699	1699	1699	1699	1699	1699	1699	1699	1700	1699	1699	1700	1699	1700	1699	1700	1700	1699	1699	1700	1699	1699	1699	1699	1699	1700	1700	1700	1700	1700	1700	1700	1700	1700	1700	1700	1700	1700	1700	1700	1700	1700	1700	1700	1700	1700	1700
3413	672246	1700	1701	1700	1700	1701	1701	1701	1700	1699	1700	1700	1700	1700	1700	1700	1699	1700	1700	1700	1699	1700	1700	1700	1700	1700	1700	1699	1700	1700	1699	1700	1700	1700	1700	1700	1701	1700	1700	1700	1700	1700	1700	1700	1700	1700	1700	1700	1700	1700	1700	1700	1700	1700	1700	1700	1700	1700	1700	1700	1700	1700	1701	1700	1700	1701	1701	1701	1699	1700	1700	1700	1700	1700	1700	1699	1699	1700	1700	1700	1700	1700	1700	1699	1700	1699	1698	1700	1700	1700	1700	1700	1700	1700	1700	1700	1700	1699	1699	1699	1699	1700	1699	1700	1700	1700	1700	1700	1701	1700	1700	1700	1701	1701	1700	1700	1700	1700	1700	1700	1700	1700	1700	1701	1700	1701	1700	1701	1700
3414	672738	1701	1700	1700	1701	1701	1701	1701	1700	1700	1700	1701	1700	1700	1700	1700	1701	1700	1701	1700	1701	1701	1700	1701	1701	1701	1701	1701	1701	1701	1701	1701	1701	1701	1700	1701	1701	1701	1701	1701	1701	1700	1700	1700	1700	1701	1700	1700	1700	1700	1701	1700	1700	1700	1700	1701	1700	1700	1700	1700	1700	1700	1700	1700	1700	1700	1699	1700	1700	1700	1700	1700	1700	1699	1700	1699	1700	1700	1700	1700	1700	1701	1700	1701	1701	1700	1701	1701	1701	1701	1700	1700	1700	1700	1700	1700	1700	1700	1701	1701	1702	1701	1701	1701	1701	1701	1701	1701	1701	1701	1701	1701	1701	1701	1702	1701	1701	1700	1701	1701	1700	1700	1701	1700	1701	1700	1701	1701	1701
3415	673230	1701	1701	1701	1701	1702	1701	1700	1701	1700	1701	1701	1701	1702	1701	1701	1702	1701	1701	1701	1701	1702	1702	1702	1701	1702	1701	1701	1702	1701	1702	1702	1702	1702	1701	1702	1701	1702	1702	1701	1701	1701	1702	1702	1701	1702	1701	1702	1702	1702	1702	1701	1702	1702	1701	1702	1701	1701	1701	1701	1701	1700	1700	1701	1701	1701	1701	1700	1701	1701	1702	1701	1701	1702	1701	1701	1702	1701	1701	1701	1701	1701	1701	1701	1702	1701	1701	1701	1701	1701	1701	1701	1701	1701	1701	1701	1701	1701	1701	1702	1702	1701	1701	1701	1702	1701	1701	1701	1701	1702	1702	1701	1701	1701	1701	1701	1700	1702	1701	1701	1701	1701	1701	1701	1702	1702	1701	1701	1701
3416	673723	1702	1702	1701	1703	1702	1702	1703	1702	1703	1702	1702	1702	1701	1702	1702	1702	1702	1701	1703	1702	1702	1702	1702	1702	1702	1702	1702	1702	1702	1702	1702	1702	1702	1702	1702	1702	1702	1702	1701	1702	1702	1701	1701	1701	1701	1701	1701	1701	1701	1702	1701	1701	1701	1701	1701	1701	1701	1701	1701	1701	1702	1701	1701	1702	1702	1702	1701	1701	1701	1701	1701	1702	1702	1702	1701	1702	1702	1702	1702	1703	1702	1702	1702	1702	1703	1702	1702	1703	1703	1703	1703	1702	1702	1702	1702	1702	1702	1702	1702	1702	1701	1702	1702	1701	1702	1701	1702	1702	1701	1702	1701	1701	1702	1701	1701	1701	1701	1701	1701	1701	1701	1701	1701	1701	1701	1701	1701	1701
3417	674215	1701	1701	1702	1702	1701	1701	1702	1701	1701	1701	1702	1701	1702	1701	1701	1701	1702	1701	1702	1702	1701	1702	1702	1702	1702	1702	1703	1702	1702	1702	1702	1703	1702	1702	1702	1702	1702	1703	1703	1702	1702	1702	1702	1703	1703	1702	1702	1702	1703	1702	1702	1703	1703	1702	1702	1702	1702	1703	1702	1702	1703	1702	1702	1702	1702	1702	1702	1702	1702	1702	1702	1702	1701	1702	1702	1702	1701	1701	1702	1701	1702	1701	1702	1702	1702	1702	1702	1701	1702	1702	1702	1702	1701	1702	1702	1701	1702	1702	1702	1702	1702	1702	1702	1702	1702	1702	1702	1702	1703	1702	1702	1702	1702	1703	1702	1702	1703	1702	1702	1702	1703	1702	1702	1703	1702	1702	1702	1702
3418	674707	1703	1703	1703	1703	1703	1703	1703	1703	1703	1702	1702	1703	1702	1702	1703	1703	1703	1702	1702	1703	1702	1703	1702	1702	1703	1702	1702	1702	1702	1702	1702	1702	1702	1702	1702	1702	1702	1702	1702	1702	1702	1702	1702	1703	1702	1703	1703	1702	1703	1703	1703	1702	1702	1703	1703	1702	1703	1703	1703	1703	1703	1703	1703	1703	1703	1703	1703	1703	1703	1702	1703	1703	1703	1703	1702	1702	1703	1702	1703	1702	1702	1702	1702	1703	1702	1702	1702	1702	1703	1702	1702	1702	1702	1702	1702	1702	1702	1702	1702	1702	1703	1703	1703	1703	1703	1702	1702	1703	1702	1703	1703	1702	1703	1702	1703	1703	1702	1703	1702	1703	1702	1703	1703	1703	1703	1702	1703	1703
3419	675200	1703	1703	1702	1703	1702	1703	1703	1703	1704	1703	1703	1704	1703	1703	1703	1704	1704	1703	1704	1703	1703	1703	1703	1703	1703	1703	1703	1703	1703	1704	1703	1704	1705	1704	1703	1704	1703	1703	1703	1703	1703	1703	1703	1703	1703	1703	1703	1703	1702	1702	1703	1702	1703	1703	1703	1703	1703	1704	1703	1704	1703	1703	1704	1703	1703	1703	1703	1703	1703	1702	1702	1703	1703	1702	1702	1702	1702	1703	1702	1703	1702	1702	1703	1702	1702	1702	1703	1702	1703	1704	1703	1703	1703	1703	1702	1702	1703	1703	1702	1703	1702	1703	1703	1703	1703	1703	1703	1703	1703	1703	1703	1703	1703	1703	1704	1703	1704	1703	1704	1703	1703	1703	1703	1703	1703	1703	1703	1704
3420	675692	1703	1703	1704	1704	1703	1704	1704	1704	1703	1702	1703	1703	1703	1703	1703	1703	1703	1704	1704	1704	1703	1703	1704	1703	1704	1704	1703	1704	1704	1704	1704	1704	1704	1704	1704	1703	1704	1704	1703	1704	1702	1704	1704	1704	1704	1703	1704	1703	1704	1704	1704	1704	1704	1704	1704	1704	1704	1704	1703	1704	1703	1704	1704	1703	1703	1703	1703	1703	1703	1704	1703	1704	1703	1704	1703	1703	1704	1704	1703	1703	1703	1704	1704	1703	1703	1704	1703	1703	1704	1703	1703	1704	1704	1703	1704	1703	1704	1704	1704	1704	1704	1704	1703	1703	1704	1703	1703	1704	1704	1703	1703	1703	1704	1703	1704	1703	1704	1704	1703	1703	1704	1704	1704	1704	1703	1703	1703	1703
3421	676184	1703	1704	1703	1703	1704	1704	1704	1703	1704	1704	1704	1704	1704	1704	1704	1704	1705	1704	1704	1704	1704	1704	1704	1705	1704	1704	1704	1705	1705	1704	1704	1705	1704	1705	1705	1704	1705	1704	1705	1705	1704	1704	1705	1705	1704	1705	1705	1705	1704	1704	1705	1705	1705	1705	1704	1704	1704	1705	1705	1705	1704	1704	1704	1704	1704	1704	1704	1704	1704	1704	1704	1704	1704	1704	1704	1704	1703	1704	1704	1704	1704	1704	1703	1703	1704	1704	1703	1704	1703	1703	1703	1703	1704	1703	1704	1704	1703	1704	1704	1703	1704	1704	1704	1704	1704	1705	1704	1703	1704	1703	1704	1703	1704	1703	1704	1704	1704	1704	1704	1705	1704	1704	1704	1704	1704	1703	1705	1704
3422	676676	1704	1704	1704	1704	1704	1704	1705	1704	1705	1705	1704	1705	1704	1705	1705	1704	1705	1705	1704	1705	1705	1705	1705	1704	1705	1705	1704	1704	1705	1706	1705	1704	1704	1704	1705	1705	1704	1704	1705	1705	1705	1705	1705	1704	1704	1704	1704	1705	1704	1704	1704	1704	1705	1704	1705	1705	1704	1705	1704	1704	1705	1704	1704	1704	1705	1704	1705	1704	1705	1704	1705	1704	1704	1705	1704	1704	1704	1705	1705	1704	1705	1705	1704	1704	1705	1705	1705	1704	1705	1704	1705	1704	1705	1705	1705	1705	1705	1705	1705	1705	1705	1705	1705	1704	1704	1704	1705	1704	1704	1705	1705	1704	1704	1704	1704	1705	1704	1705	1705	1705	1705	1704	1705	1705	1704	1705	1704	1705
3423	677169	1705	1705	1705	1705	1706	1706	1706	1706	1706	1706	1705	1705	1706	1706	1706	1705	1705	1705	1706	1704	1706	1705	1704	1705	1704	1705	1704	1704	1705	1704	1705	1704	1706	1706	1704	1705	1704	1705	1704	1704	1705	1704	1704	1704	1704	1704	1704	1705	1704	1704	1705	1704	1704	1704	1704	1704	1704	1705	1704	1705	1705	1705	1705	1705	1705	1705	1704	1704	1704	1705	1704	1704	1704	1704	1705	1704	1704	1705	1704	1705	1704	1705	1704	1705	1705	1705	1705	1704	1705	1705	1704	1705	1704	1705	1704	1704	1705	1705	1704	1704	1705	1705	1705	1705	1705	1705	1705	1705	1705	1705	1705	1705	1704	1705	1706	1705	1705	1704	1705	1704	1704	1704	1705	1705	1705	1705	1705	1705
3424	677661	1705	1705	1705	1705	1705	1705	1705	1705	1705	1705	1705	1705	1706	1705	1705	1706	1705	1705	1705	1705	1705	1705	1706	1705	1705	1706	1706	1706	1705	1706	1706	1705	1705	1705	1706	1705	1705	1705	1705	1705	1705	1705	1705	1705	1705	1705	1706	1706	1706	1705	1705	1705	1705	1705	1705	1705	1705	1705	1705	1705	1705	1705	1704	1705	1705	1705	1705	1705	1705	1705	1705	1705	1704	1705	1705	1706	1706	1705	1705	1705	1705	1705	1705	1705	1705	1706	1705	1706	1706	1705	1706	1706	1706	1706	1706	1706	1705	1706	1706	1706	1706	1707	1706	1706	1706	1706	1706	1706	1707	1706	1706	1706	1705	1706	1706	1706	1707	1706	1706	1706	1706	1705	1706	1706	1705	1706	1706	1706
3425	678153	1706	1705	1705	1706	1706	1706	1706	1705	1705	1705	1705	1706	1706	1706	1706	1705	1706	1705	1705	1706	1705	1706	1705	1706	1705	1706	1706	1705	1706	1705	1706	1706	1706	1706	1705	1706	1706	1706	1706	1707	1706	1706	1706	1707	1706	1706	1706	1706	1706	1706	1706	1706	1706	1706	1706	1706	1706	1706	1705	1706	1706	1706	1706	1707	1706	1706	1706	1707	1706	1706	1706	1706	1707	1706	1706	1706	1706	1707	1706	1706	1706	1706	1706	1707	1706	1706	1706	1706	1706	1706	1706	1706	1706	1706	1706	1706	1706	1706	1706	1705	1706	1706	1707	1706	1706	1706	1706	1707	1707	1706	1706	1707	1706	1706	1706	1705	1707	1706	1706	1706	1706	1707	1706	1706	1706	1706	1706	1706
3426	678646	1706	1707	1706	1707	1706	1706	1706	1706	1706	1707	1705	1706	1707	1706	1706	1707	1707	1707	1707	1707	1707	1706	1707	1706	1706	1706	1706	1707	1707	1707	1707	1707	1707	1707	1707	1707	1708	1708	1707	1707	1707	1707	1708	1707	1707	1707	1707	1707	1707	1707	1707	1707	1707	1707	1707	1707	1707	1707	1707	1707	1707	1708	1707	1707	1707	1706	1707	1705	1706	1706	1706	1707	1707	1707	1707	1706	1707	1706	1706	1706	1706	1707	1706	1706	1706	1706	1706	1706	1706	1706	1706	1707	1707	1707	1707	1707	1707	1706	1707	1706	1707	1706	1706	1705	1706	1707	1706	1706	1706	1706	1707	1706	1707	1707	1706	1707	1707	1707	1706	1707	1707	1706	1707	1706	1706	1706	1706	1706
3427	679138	1707	1707	1707	1707	1707	1706	1707	1707	1707	1708	1707	1707	1708	1708	1707	1707	1707	1707	1708	1708	1707	1707	1708	1708	1708	1708	1708	1708	1708	1708	1708	1708	1707	1708	1708	1708	1708	1707	1707	1707	1708	1707	1707	1708	1707	1707	1707	1707	1707	1707	1707	1707	1707	1707	1706	1705	1707	1707	1707	1706	1707	1707	1707	1706	1707	1707	1706	1707	1707	1707	1707	1707	1706	1707	1706	1707	1707	1707	1707	1707	1706	1707	1707	1707	1707	1707	1707	1707	1707	1707	1707	1707	1707	1707	1707	1707	1707	1708	1706	1707	1707	1707	1707	1708	1708	1708	1707	1708	1707	1707	1706	1707	1706	1706	1707	1706	1707	1707	1707	1707	1707	1706	1707	1707	1707	1706	1707	1707
3428	679630	1708	1707	1707	1707	1707	1707	1707	1708	1707	1707	1707	1707	1707	1707	1707	1707	1707	1707	1707	1706	1707	1707	1707	1707	1707	1707	1707	1707	1707	1708	1708	1707	1707	1707	1708	1708	1708	1707	1707	1708	1708	1708	1708	1708	1708	1708	1707	1707	1707	1707	1708	1707	1708	1708	1708	1707	1707	1708	1708	1708	1708	1708	1708	1707	1708	1707	1708	1707	1708	1708	1707	1707	1708	1707	1707	1707	1707	1707	1707	1707	1707	1707	1707	1707	1707	1707	1708	1708	1708	1708	1707	1707	1707	1707	1707	1707	1707	1707	1708	1707	1707	1707	1707	1707	1707	1707	1707	1707	1708	1707	1707	1707	1707	1708	1708	1708	1708	1707	1708	1708	1708	1707	1707	1708	1706	1708	1707	1707
3429	680123	1708	1708	1708	1708	1709	1708	1708	1708	1707	1708	1708	1708	1708	1708	1708	1708	1708	1707	1708	1708	1708	1708	1708	1708	1708	1708	1708	1708	1708	1708	1708	1708	1708	1708	1707	1708	1708	1708	1708	1708	1709	1708	1708	1709	1708	1708	1708	1708	1708	1708	1708	1708	1709	1708	1708	1708	1708	1709	1707	1709	1708	1708	1708	1709	1708	1709	1708	1709	1708	1709	1708	1708	1708	1708	1708	1708	1708	1708	1708	1707	1708	1708	1709	1708	1708	1708	1708	1708	1707	1707	1707	1708	1708	1708	1708	1708	1708	1707	1707	1707	1707	1708	1708	1707	1708	1707	1708	1707	1708	1708	1708	1708	1707	1709	1707	1708	1708	1707	1708	1709	1708	1709	1708	1708	1707	1708	1708	1708
3430	680615	1709	1708	1708	1708	1709	1708	1709	1708	1708	1708	1709	1709	1709	1709	1709	1709	1709	1709	1710	1709	1709	1709	1709	1709	1709	1709	1708	1709	1708	1709	1709	1709	1709	1709	1709	1709	1708	1709	1709	1708	1709	1709	1709	1709	1709	1709	1709	1708	1709	1708	1708	1708	1708	1708	1708	1709	1708	1708	1708	1708	1708	1708	1708	1709	1708	1708	1708	1709	1708	1708	1708	1708	1708	1708	1708	1709	1708	1709	1708	1708	1709	1708	1709	1709	1709	1709	1709	1709	1709	1709	1710	1709	1709	1709	1709	1709	1709	1709	1709	1709	1709	1708	1709	1709	1710	1709	1709	1709	1710	1710	1709	1709	1709	1709	1710	1709	1709	1709	1709	1708	1708	1708	1708	1709	1708	1708	1708	1709
3431	681107	1709	1709	1709	1708	1709	1709	1709	1709	1709	1709	1709	1709	1709	1710	1709	1709	1709	1709	1709	1709	1709	1709	1709	1709	1709	1709	1709	1709	1709	1709	1709	1709	1710	1710	1709	1709	1709	1709	1710	1709	1709	1709	1710	1709	1709	1710	1709	1709	1709	1710	1709	1709	1710	1709	1710	1709	1709	1709	1709	1709	1709	1709	1708	1709	1709	1708	1709	1709	1709	1709	1708	1708	1709	1709	1709	1710	1709	1709	1709	1709	1709	1708	1709	1709	1709	1709	1709	1708	1709	1709	1709	1709	1709	1709	1709	1709	1709	1709	1709	1709	1709	1709	1710	1710	1709	1710	1710	1709	1709	1709	1710	1710	1710	1710	1710	1709	1709	1709	1709	1709	1709	1709	1709	1709	1709	1709	1709	1710
3432	681600	1710	1710	1709	1710	1710	1710	1710	1710	1710	1709	1709	1709	1710	1709	1710	1710	1710	1709	1710	1710	1710	1709	1709	1709	1709	1709	1709	1709	1709	1709	1709	1709	1710	1709	1709	1709	1709	1710	1708	1710	1709	1710	1710	1709	1710	1709	1709	1710	1710	1710	1709	1709	1710	1709	1710	1709	1709	1710	1709	1710	1709	1710	1710	1710	1710	1709	1710	1710	1710	1710	1709	1710	1710	1710	1710	1710	1710	1710	1711	1710	1710	1710	1709	1710	1710	1709	1710	1709	1709	1710	1710	1710	1709	1709	1709	1709	1709	1709	1709	1709	1709	1709	1709	1709	1709	1710	1709	1709	1710	1710	1709	1709	1709	1709	1708	1709	1709	1709	1709	1709	1709	1710	1709	1709	1709	1709	1709	1709
3433	682092	1710	1710	1711	1711	1710	1710	1709	1709	1710	1710	1710	1710	1710	1710	1710	1709	1710	1710	1710	1709	1710	1711	1710	1710	1710	1709	1710	1710	1710	1710	1710	1710	1710	1709	1710	1710	1710	1710	1710	1710	1710	1710	1710	1710	1710	1710	1710	1710	1710	1710	1710	1709	1710	1710	1710	1710	1710	1710	1710	1709	1710	1710	1710	1710	1710	1710	1710	1711	1711	1710	1711	1710	1711	1710	1710	1710	1710	1709	1709	1710	1709	1709	1710	1710	1710	1709	1709	1710	1710	1710	1709	1710	1710	1709	1709	1710	1710	1710	1710	1710	1709	1711	1710	1710	1709	1709	1710	1710	1708	1710	1709	1710	1709	1710	1711	1711	1711	1710	1711	1711	1711	1711	1710	1710	1709	1710	1710	1711
3434	682584	1711	1710	1710	1711	1710	1710	1710	1710	1711	1710	1710	1710	1711	1711	1710	1710	1710	1710	1710	1710	1710	1711	1711	1711	1710	1711	1711	1713	1710	1710	1710	1710	1711	1711	1711	1711	1711	1711	1711	1711	1711	1711	1712	1711	1711	1711	1711	1711	1711	1711	1711	1711	1711	1711	1711	1711	1711	1711	1711	1711	1711	1711	1711	1711	1711	1711	1711	1711	1710	1711	1710	1711	1711	1711	1710	1710	1710	1710	1709	1711	1710	1710	1710	1710	1711	1710	1710	1710	1710	1710	1710	1710	1710	1710	1710	1710	1711	1710	1711	1711	1710	1711	1710	1710	1710	1710	1710	1709	1710	1711	1710	1711	1711	1711	1711	1711	1711	1711	1711	1712	1711	1711	1710	1711	1711	1711	1711	1710
3435	683076	1712	1711	1711	1710	1710	1711	1711	1711	1711	1711	1711	1711	1711	1711	1711	1711	1711	1710	1710	1711	1710	1710	1711	1711	1711	1711	1712	1712	1712	1711	1711	1712	1711	1711	1711	1711	1711	1711	1711	1711	1712	1711	1711	1711	1711	1712	1711	1712	1712	1712	1712	1712	1712	1711	1711	1711	1711	1711	1712	1711	1711	1711	1711	1710	1711	1711	1711	1710	1710	1711	1710	1711	1711	1711	1711	1711	1711	1710	1711	1711	1710	1711	1710	1711	1711	1711	1710	1710	1711	1711	1711	1711	1711	1710	1711	1711	1711	1711	1711	1711	1710	1710	1710	1711	1711	1712	1712	1711	1712	1711	1712	1712	1711	1711	1711	1711	1711	1712	1712	1711	1712	1712	1711	1711	1711	1711	1711	1711
3436	683569	1711	1711	1711	1711	1711	1711	1711	1711	1711	1711	1710	1711	1711	1711	1710	1711	1712	1711	1711	1711	1712	1712	1711	1712	1712	1712	1712	1712	1712	1711	1711	1711	1711	1711	1711	1712	1711	1712	1712	1712	1712	1712	1712	1712	1712	1712	1711	1712	1712	1712	1712	1712	1712	1712	1712	1712	1712	1712	1712	1711	1712	1711	1711	1711	1711	1712	1711	1712	1712	1712	1711	1711	1712	1711	1711	1712	1712	1712	1712	1712	1712	1712	1712	1712	1712	1711	1712	1712	1712	1712	1711	1712	1712	1712	1712	1712	1713	1712	1712	1712	1712	1713	1712	1712	1712	1712	1712	1712	1712	1712	1711	1712	1712	1712	1712	1712	1712	1712	1713	1712	1712	1712	1712	1712	1712	1712	1712	1712
3437	684061	1712	1712	1712	1711	1712	1712	1712	1712	1711	1712	1712	1712	1712	1712	1712	1712	1712	1712	1712	1712	1711	1711	1712	1712	1712	1712	1712	1712	1711	1712	1712	1712	1712	1712	1712	1712	1712	1712	1712	1711	1712	1712	1712	1712	1712	1711	1712	1712	1712	1712	1712	1712	1712	1712	1712	1712	1712	1712	1712	1713	1712	1712	1712	1712	1712	1712	1712	1712	1712	1712	1712	1712	1712	1712	1712	1712	1712	1712	1712	1711	1711	1712	1712	1712	1712	1712	1712	1712	1712	1712	1712	1712	1711	1712	1712	1712	1712	1712	1712	1711	1712	1712	1712	1712	1711	1713	1712	1712	1712	1712	1712	1712	1712	1712	1712	1712	1712	1712	1712	1712	1712	1712	1712	1712	1711	1712	1712	1712
3438	684553	1712	1712	1712	1712	1713	1713	1713	1713	1713	1712	1713	1712	1712	1713	1712	1713	1712	1713	1712	1712	1712	1712	1713	1713	1713	1712	1712	1713	1712	1713	1713	1713	1713	1712	1713	1713	1713	1712	1713	1713	1712	1713	1713	1713	1714	1712	1713	1712	1712	1713	1713	1713	1712	1713	1713	1713	1713	1712	1713	1712	1712	1712	1713	1713	1712	1713	1713	1712	1712	1713	1713	1712	1712	1713	1712	1713	1713	1713	1713	1712	1712	1712	1712	1712	1712	1712	1711	1712	1711	1712	1712	1712	1712	1712	1712	1712	1712	1712	1712	1712	1712	1712	1712	1712	1712	1712	1712	1712	1712	1712	1712	1713	1712	1712	1711	1712	1713	1712	1712	1712	1712	1712	1712	1712	1712	1710	1712	1712
3439	685046	1713	1713	1713	1713	1713	1713	1713	1713	1712	1713	1713	1713	1713	1713	1714	1713	1713	1713	1713	1713	1713	1713	1713	1713	1714	1713	1713	1714	1713	1714	1713	1713	1713	1713	1714	1713	1713	1713	1712	1712	1713	1713	1713	1712	1713	1713	1713	1713	1713	1713	1713	1714	1712	1713	1713	1713	1714	1713	1713	1713	1713	1713	1713	1713	1713	1713	1714	1713	1713	1713	1713	1714	1713	1714	1713	1713	1714	1713	1713	1713	1713	1713	1712	1713	1712	1713	1713	1713	1713	1713	1713	1713	1713	1713	1713	1713	1713	1713	1713	1713	1713	1712	1713	1713	1713	1713	1713	1713	1713	1713	1714	1713	1713	1713	1713	1713	1713	1713	1713	1714	1713	1713	1713	1713	1713	1713	1713	1713
3440	685538	1713	1713	1713	1713	1713	1712	1713	1713	1714	1713	1712	1713	1713	1713	1713	1713	1713	1713	1713	1713	1713	1713	1714	1713	1713	1713	1713	1714	1714	1713	1713	1713	1713	1713	1714	1713	1713	1713	1713	1714	1714	1714	1713	1713	1714	1713	1713	1714	1713	1714	1714	1713	1713	1713	1714	1713	1713	1713	1714	1713	1713	1714	1713	1713	1713	1713	1713	1713	1713	1713	1712	1713	1713	1712	1713	1712	1713	1713	1712	1713	1713	1713	1712	1713	1713	1713	1713	1713	1713	1713	1713	1713	1713	1713	1714	1713	1714	1713	1713	1714	1713	1714	1713	1713	1714	1713	1713	1713	1713	1713	1713	1714	1713	1714	1714	1713	1714	1713	1714	1713	1713	1714	1713	1713	1713	1713	1713	1713
3441	686030	1714	1714	1714	1715	1715	1714	1714	1714	1714	1713	1714	1714	1714	1714	1714	1714	1714	1714	1714	1714	1713	1714	1714	1714	1713	1714	1714	1714	1714	1714	1714	1713	1714	1713	1713	1714	1714	1714	1713	1714	1714	1714	1714	1713	1714	1714	1713	1714	1714	1714	1714	1713	1714	1713	1713	1713	1713	1714	1713	1713	1713	1713	1714	1714	1714	1714	1714	1714	1714	1714	1713	1714	1714	1713	1714	1714	1713	1714	1713	1714	1714	1714	1713	1713	1714	1714	1715	1714	1714	1714	1714	1714	1714	1714	1714	1714	1714	1714	1714	1714	1714	1714	1714	1714	1714	1714	1714	1714	1714	1714	1713	1714	1714	1714	1713	1715	1714	1714	1714	1714	1714	1714	1714	1713	1714	1714	1714	1713
3442	686523	1715	1714	1715	1714	1714	1715	1714	1714	1715	1715	1715	1715	1715	1714	1714	1715	1714	1714	1714	1714	1714	1714	1715	1714	1715	1714	1715	1714	1714	1715	1714	1714	1714	1714	1714	1714	1714	1715	1715	1715	1715	1715	1714	1715	1715	1715	1715	1714	1715	1715	1715	1714	1714	1715	1714	1715	1715	1715	1715	1715	1714	1715	1715	1715	1715	1715	1715	1714	1715	1714	1715	1715	1714	1715	1714	1714	1714	1715	1714	1714	1714	1714	1714	1714	1714	1714	1713	1714	1714	1713	1714	1713	1714	1714	1714	1714	1713	1714	1715	1714	1715	1714	1715	1714	1714	1715	1714	1715	1714	1714	1715	1714	1714	1715	1714	1714	1715	1715	1715	1715	1715	1714	1715	1715	1714	1715	1714	1715
3443	687015	1715	1715	1715	1715	1715	1715	1715	1715	1715	1715	1715	1715	1714	1715	1714	1714	1715	1714	1715	1714	1715	1715	1714	1715	1714	1714	1715	1714	1716	1715	1715	1715	1715	1716	1715	1715	1715	1715	1715	1715	1715	1715	1715	1715	1714	1715	1715	1714	1715	1715	1715	1715	1715	1715	1715	1715	1714	1715	1715	1715	1715	1714	1715	1715	1715	1715	1714	1715	1714	1715	1715	1714	1714	1714	1715	1715	1715	1715	1714	1715	1715	1715	1715	1714	1715	1715	1715	1714	1714	1714	1715	1715	1715	1715	1715	1715	1715	1715	1715	1716	1715	1715	1715	1715	1714	1715	1715	1715	1715	1715	1715	1715	1715	1715	1715	1715	1715	1715	1715	1715	1714	1715	1714	1715	1715	1714	1715	1714
3444	687507	1715	1715	1715	1714	1714	1715	1715	1715	1716	1715	1715	1715	1715	1715	1715	1715	1715	1715	1715	1715	1715	1715	1716	1716	1715	1715	1715	1715	1716	1715	1715	1715	1715	1715	1716	1715	1715	1715	1715	1716	1715	1716	1716	1716	1716	1716	1716	1717	1716	1716	1716	1716	1716	1716	1715	1715	1715	1715	1715	1715	1715	1715	1715	1715	1715	1715	1715	1715	1715	1715	1715	1715	1715	1715	1715	1715	1715	1715	1715	1715	1715	1715	1715	1715	1715	1715	1715	1714	1715	1715	1715	1716	1715	1715	1715	1714	1715	1715	1715	1716	1716	1716	1716	1715	1715	1716	1716	1715	1715	1715	1716	1715	1715	1715	1715	1715	1715	1715	1715	1715	1715	1715	1715	1715	1715	1715	1715	1715
3445	688000	1716	1716	1716	1716	1716	1716	1716	1716	1716	1716	1715	1716	1716	1716	1714	1715	1715	1715	1715	1716	1715	1715	1715	1715	1716	1715	1715	1715	1715	1716	1716	1715	1716	1715	1716	1716	1715	1715	1716	1716	1715	1716	1715	1716	1716	1716	1716	1716	1716	1717	1716	1716	1716	1717	1716	1716	1716	1716	1716	1716	1716	1715	1716	1716	1716	1715	1715	1716	1716	1716	1715	1715	1715	1716	1715	1716	1715	1716	1716	1715	1715	1716	1716	1716	1715	1716	1716	1716	1716	1715	1716	1715	1716	1716	1716	1715	1716	1716	1715	1716	1715	1716	1717	1716	1716	1715	1716	1716	1715	1716	1716	1715	1715	1715	1715	1715	1715	1715	1716	1716	1716	1715	1716	1716	1716	1716	1716	1716
3446	688492	1716	1717	1715	1716	1716	1716	1716	1717	1716	1716	1717	1716	1717	1716	1717	1716	1715	1716	1717	1716	1716	1716	1716	1716	1716	1716	1716	1716	1716	1717	1716	1716	1716	1716	1716	1717	1717	1716	1716	1716	1717	1716	1716	1717	1717	1716	1716	1716	1716	1717	1717	1716	1717	1717	1716	1717	1715	1716	1717	1716	1716	1717	1716	1717	1717	1717	1716	1716	1717	1717	1717	1716	1717	1716	1716	1717	1716	1717	1716	1717	1717	1717	1717	1716	1717	1716	1716	1717	1716	1717	1716	1716	1716	1716	1717	1716	1716	1716	1716	1717	1716	1717	1716	1716	1716	1716	1717	1716	1716	1716	1716	1716	1716	1715	1716	1716	1716	1716	1717	1716	1717	1717	1716	1717	1716	1716	1716	1717
3447	688984	1717	1717	1716	1717	1717	1717	1717	1717	1717	1717	1717	1717	1717	1717	1717	1717	1718	1717	1717	1717	1717	1716	1716	1716	1716	1717	1717	1716	1716	1717	1716	1716	1716	1716	1716	1716	1716	1716	1716	1716	1716	1717	1716	1716	1717	1717	1717	1717	1716	1716	1717	1717	1717	1717	1717	1716	1717	1717	1717	1717	1717	1717	1717	1718	1717	1717	1717	1717	1717	1718	1717	1717	1717	1718	1717	1717	1717	1717	1718	1717	1717	1716	1717	1717	1717	1718	1717	1717	1717	1717	1718	1717	1717	1717	1716	1717	1717	1717	1717	1717	1716	1717	1717	1717	1717	1717	1716	1717	1717	1717	1717	1717	1717	1717	1717	1718	1717	1717	1716	1717	1716	1716	1716	1716	1717	1715	1717	1717
3448	689476	1718	1718	1718	1718	1718	1718	1719	1718	1719	1718	1718	1718	1718	1718	1718	1717	1718	1718	1719	1717	1718	1718	1717	1718	1718	1718	1717	1718	1718	1718	1718	1718	1718	1718	1718	1718	1717	1718	1718	1718	1717	1717	1717	1717	1717	1717	1717	1717	1718	1717	1717	1718	1717	1717	1717	1717	1717	1718	1718	1718	1718	1717	1718	1717	1717	1717	1717	1717	1717	1717	1717	1717	1717	1718	1718	1718	1718	1718	1718	1718	1718	1717	1718	1718	1717	1718	1718	1718	1717	1718	1718	1718	1718	1718	1718	1717	1718	1718	1717	1718	1717	1718	1717	1717	1718	1718	1717	1718	1717	1717	1717	1717	1716	1717	1717	1717	1717	1717	1717	1717	1717	1717	1717	1716	1717	1717	1717	1716
3449	689969	1717	1718	1718	1717	1718	1718	1718	1718	1718	1718	1718	1718	1718	1718	1718	1718	1718	1718	1718	1718	1718	1718	1718	1718	1718	1718	1718	1718	1718	1718	1718	1718	1718	1719	1717	1718	1717	1718	1718	1718	1718	1717	1717	1718	1717	1717	1717	1717	1718	1717	1718	1718	1717	1718	1717	1718	1718	1718	1718	1717	1717	1718	1718	1717	1718	1718	1717	1718	1717	1718	1717	1718	1717	1717	1717	1717	1717	1717	1718	1718	1718	1718	1718	1718	1718	1718	1718	1718	1719	1719	1718	1717	1718	1718	1718	1719	1718	1718	1718	1718	1718	1719	1718	1717	1718	1718	1718	1718	1719	1718	1719	1718	1719	1718	1718	1718	1718	1717	1717	1718	1717	1717	1717	1717	1718	1718	1718	1718
3450	690461	1718	1719	1718	1719	1719	1718	1719	1719	1719	1719	1718	1718	1718	1718	1718	1719	1718	1718	1718	1718	1718	1718	1718	1718	1718	1718	1718	1719	1718	1718	1718	1718	1718	1718	1718	1718	1719	1718	1719	1718	1718	1718	1718	1719	1719	1718	1718	1718	1719	1719	1718	1718	1719	1719	1719	1718	1719	1719	1719	1719	1718	1719	1718	1718	1718	1718	1718	1718	1718	1718	1719	1718	1719	1718	1718	1718	1718	1718	1718	1718	1718	1718	1718	1719	1718	1719	1718	1718	1718	1718	1718	1718	1717	1717	1718	1717	1717	1718	1718	1718	1718	1717	1718	1718	1717	1717	1718	1718	1718	1718	1718	1718	1718	1718	1718	1719	1718	1718	1718	1718	1718	1717	1719	1718	1719	1719	1719	1719
3451	690953	1719	1719	1719	1719	1719	1719	1719	1719	1719	1719	1719	1719	1719	1719	1719	1719	1719	1720	1719	1720	1719	1719	1720	1719	1720	1719	1719	1719	1720	1719	1719	1720	1719	1719	1719	1719	1719	1719	1719	1719	1719	1719	1719	1719	1719	1719	1719	1718	1719	1719	1718	1719	1718	1719	1718	1719	1718	1719	1719	1718	1719	1718	1718	1718	1718	1719	1719	1719	1719	1719	1719	1719	1719	1719	1719	1719	1719	1719	1719	1718	1719	1719	1719	1719	1719	1719	1720	1719	1720	1720	1719	1720	1719	1719	1719	1719	1720	1719	1718	1720	1719	1719	1719	1718	1719	1718	1718	1718	1718	1718	1718	1718	1718	1718	1719	1718	1718	1719	1718	1719	1718	1718	1718	1718	1718	1718	1717	1719
3452	691446	1719	1720	1719	1720	1719	1719	1720	1719	1720	1719	1720	1720	1719	1720	1720	1720	1719	1719	1720	1719	1720	1720	1719	1719	1720	1719	1719	1720	1720	1719	1718	1719	1719	1719	1719	1719	1719	1719	1719	1719	1719	1719	1719	1719	1719	1719	1719	1719	1719	1719	1719	1719	1719	1719	1719	1719	1720	1719	1719	1719	1719	1719	1719	1719	1719	1718	1720	1719	1719	1719	1720	1719	1720	1720	1720	1719	1720	1720	1719	1720	1719	1719	1719	1719	1720	1719	1719	1719	1719	1720	1719	1719	1720	1719	1720	1719	1719	1720	1719	1719	1719	1719	1720	1718	1719	1719	1719	1719	1719	1719	1719	1719	1719	1719	1719	1719	1719	1719	1719	1719	1719	1719	1719	1720	1719	1720	1720	1719
3453	691938	1720	1720	1720	1720	1720	1720	1721	1720	1720	1719	1720	1719	1720	1720	1719	1719	1719	1720	1719	1720	1719	1720	1720	1720	1720	1720	1720	1720	1719	1720	1719	1719	1719	1719	1719	1719	1719	1721	1720	1720	1720	1719	1720	1720	1720	1720	1720	1721	1719	1720	1720	1719	1720	1720	1720	1720	1720	1720	1720	1720	1720	1720	1720	1720	1720	1720	1720	1720	1719	1720	1720	1720	1720	1720	1720	1720	1720	1720	1720	1720	1720	1720	1720	1720	1720	1720	1720	1720	1719	1720	1720	1719	1719	1720	1719	1720	1720	1720	1720	1720	1720	1720	1720	1720	1720	1719	1720	1719	1720	1719	1720	1720	1720	1720	1719	1720	1720	1720	1720	1719	1720	1720	1719	1720	1719	1720	1719	1720
3454	692430	1720	1721	1720	1720	1720	1721	1721	1720	1721	1721	1721	1721	1721	1721	1721	1721	1721	1721	1721	1721	1721	1721	1721	1721	1721	1720	1720	1720	1720	1721	1720	1720	1721	1720	1721	1721	1721	1720	1720	1721	1721	1720	1720	1720	1719	1720	1720	1720	1720	1719	1720	1721	1719	1720	1720	1720	1720	1720	1720	1720	1721	1720	1720	1720	1720	1720	1720	1719	1720	1720	1720	1720	1720	1720	1720	1720	1720	1720	1720	1720	1720	1720	1721	1720	1721	1721	1721	1721	1720	1721	1720	1720	1720	1720	1721	1720	1721	1720	1721	1721	1721	1720	1721	1721	1721	1720	1721	1720	1721	1721	1720	1721	1720	1721	1720	1720	1720	1720	1720	1720	1719	1720	1719	1720	1720	1720	1720	1720
3455	692923	1720	1720	1721	1721	1721	1720	1721	1721	1721	1721	1721	1722	1721	1721	1721	1720	1721	1721	1721	1720	1721	1721	1721	1721	1721	1721	1721	1721	1721	1721	1721	1721	1721	1721	1720	1720	1722	1720	1721	1721	1720	1720	1721	1721	1721	1721	1720	1721	1721	1719	1721	1721	1721	1721	1721	1721	1721	1721	1721	1721	1721	1721	1721	1722	1721	1721	1721	1721	1722	1721	1721	1721	1721	1721	1721	1721	1721	1721	1722	1721	1721	1721	1721	1720	1721	1721	1720	1720	1721	1720	1721	1721	1721	1721	1720	1721	1720	1720	1721	1720	1721	1720	1721	1720	1721	1721	1720	1720	1721	1721	1720	1721	1721	1720	1721	1720	1721	1721	1721	1721	1721	1720	1721	1721	1721	1721	1721	1721
3456	693415	1720	1720	1721	1720	1720	1720	1720	1721	1721	1721	1721	1721	1721	1721	1721	1721	1721	1721	1721	1721	1720	1721	1722	1721	1722	1721	1722	1722	1721	1722	1721	1721	1722	1721	1722	1721	1721	1722	1721	1722	1721	1721	1721	1720	1720	1721	1721	1721	1721	1721	1721	1721	1721	1721	1721	1721	1721	1721	1722	1721	1721	1721	1721	1721	1721	1721	1721	1721	1721	1721	1721	1721	1721	1721	1721	1720	1721	1720	1721	1722	1721	1721	1721	1720	1721	1721	1721	1720	1721	1721	1722	1721	1721	1721	1721	1721	1721	1721	1721	1722	1721	1721	1721	1721	1722	1720	1722	1722	1722	1722	1721	1722	1721	1721	1720	1721	1721	1721	1722	1721	1721	1721	1721	1721	1721	1722	1721	1722
3457	693907	1721	1721	1721	1722	1721	1722	1721	1721	1722	1721	1722	1720	1721	1721	1721	1722	1721	1721	1721	1722	1722	1721	1722	1721	1722	1722	1721	1722	1722	1722	1722	1722	1721	1721	1722	1722	1722	1722	1721	1722	1722	1722	1721	1722	1723	1722	1722	1722	1722	1722	1722	1722	1722	1722	1722	1722	1722	1722	1721	1722	1721	1721	1721	1721	1722	1721	1722	1722	1721	1722	1722	1722	1722	1722	1722	1722	1722	1722	1722	1722	1722	1721	1722	1721	1721	1722	1722	1721	1722	1722	1722	1722	1722	1722	1722	1723	1722	1722	1722	1722	1722	1722	1722	1722	1722	1722	1722	1721	1723	1722	1722	1721	1721	1723	1721	1722	1723	1722	1722	1722	1722	1722	1722	1722	1721	1722	1721	1722
3458	694400	1722	1722	1722	1723	1722	1722	1722	1722	1722	1723	1722	1723	1723	1723	1722	1722	1722	1721	1723	1721	1722	1722	1722	1723	1722	1722	1723	1722	1724	1721	1722	1722	1722	1723	1722	1722	1722	1722	1722	1722	1722	1722	1723	1722	1722	1723	1722	1722	1722	1722	1722	1723	1723	1723	1722	1722	1722	1722	1723	1723	1722	1721	1722	1722	1722	1722	1722	1723	1722	1723	1722	1722	1723	1722	1722	1722	1722	1722	1722	1722	1723	1722	1722	1722	1722	1722	1722	1723	1722	1722	1722	1722	1722	1722	1721	1723	1722	1722	1723	1722	1722	1723	1723	1723	1723	1723	1723	1723	1722	1723	1722	1723	1722	1723	1722	1723	1723	1723	1723	1723	1723	1722	1723	1723	1723	1723	1723	1723
3459	694892	1723	1723	1723	1722	1723	1722	1723	1722	1722	1722	1722	1723	1722	1722	1722	1722	1722	1722	1722	1723	1723	1723	1723	1723	1722	1723	1723	1723	1723	1723	1723	1723	1724	1723	1723	1723	1724	1724	1723	1723	1723	1723	1723	1723	1723	1723	1722	1723	1723	1723	1723	1723	1723	1723	1724	1723	1723	1724	1723	1723	1723	1723	1723	1723	1722	1722	1722	1723	1722	1722	1723	1722	1722	1722	1722	1722	1723	1722	1722	1722	1722	1722	1722	1722	1722	1722	1723	1722	1722	1722	1722	1722	1722	1723	1722	1722	1722	1722	1722	1722	1723	1723	1723	1723	1723	1723	1723	1723	1723	1723	1723	1723	1723	1723	1722	1723	1723	1723	1722	1723	1723	1723	1723	1723	1723	1722	1723	1723
3460	695384	1724	1724	1724	1723	1724	1723	1723	1723	1723	1723	1723	1724	1724	1724	1723	1724	1724	1723	1724	1724	1724	1724	1724	1724	1724	1724	1723	1724	1724	1724	1724	1723	1724	1724	1723	1723	1723	1724	1723	1724	1723	1724	1723	1723	1724	1724	1724	1724	1723	1723	1723	1723	1723	1723	1723	1723	1724	1722	1723	1723	1723	1723	1723	1723	1723	1723	1723	1723	1723	1723	1723	1723	1723	1723	1723	1723	1724	1724	1724	1723	1723	1724	1723	1723	1723	1723	1723	1723	1723	1723	1724	1724	1723	1724	1723	1724	1724	1724	1724	1724	1724	1724	1724	1724	1723	1724	1724	1724	1723	1723	1724	1723	1723	1724	1724	1723	1723	1724	1724	1724	1724	1724	1724	1724	1724	1724	1723	1724
3461	695876	1724	1723	1724	1724	1723	1725	1724	1723	1724	1724	1724	1724	1724	1724	1724	1724	1724	1724	1724	1723	1723	1724	1723	1723	1721	1721	1723	1723	1723	1723	1723	1723	1723	1723	1723	1723	1724	1723	1723	1724	1723	1724	1724	1723	1724	1724	1724	1724	1724	1724	1724	1724	1724	1724	1724	1724	1723	1723	1724	1724	1725	1724	1725	1724	1723	1724	1724	1724	1724	1723	1724	1724	1724	1725	1723	1724	1724	1724	1724	1724	1724	1723	1724	1724	1724	1724	1724	1724	1723	1724	1724	1724	1724	1724	1724	1723	1724	1724	1724	1723	1725	1724	1724	1723	1723	1723	1723	1724	1723	1724	1723	1723	1723	1723	1722	1723	1723	1723	1723	1722	1723	1723	1723	1724	1723	1723	1723	1724
3462	696369	1724	1724	1724	1724	1724	1724	1725	1724	1724	1724	1724	1724	1725	1724	1725	1724	1724	1724	1724	1724	1724	1723	1724	1724	1724	1724	1724	1724	1724	1725	1724	1724	1724	1724	1724	1724	1724	1724	1724	1724	1725	1724	1724	1724	1724	1724	1724	1724	1724	1724	1724	1724	1724	1724	1724	1725	1725	1725	1724	1725	1725	1725	1724	1724	1725	1724	1724	1724	1724	1724	1724	1724	1725	1724	1724	1724	1725	1725	1724	1724	1724	1724	1724	1724	1724	1724	1725	1725	1724	1724	1724	1725	1724	1724	1724	1723	1724	1724	1724	1724	1724	1724	1724	1724	1724	1724	1724	1724	1724	1724	1724	1723	1723	1724	1724	1724	1724	1724	1724	1724	1725	1724	1725	1724	1724	1724	1724	1724
3463	696861	1724	1725	1725	1724	1724	1725	1724	1725	1724	1724	1724	1724	1725	1725	1724	1725	1725	1725	1725	1725	1724	1725	1725	1725	1725	1725	1725	1725	1724	1724	1725	1725	1724	1725	1724	1724	1725	1725	1725	1724	1725	1725	1725	1725	1723	1725	1725	1725	1725	1725	1724	1725	1725	1725	1725	1725	1725	1725	1725	1725	1725	1725	1725	1726	1725	1724	1725	1724	1725	1725	1725	1725	1725	1725	1725	1725	1725	1725	1725	1725	1725	1725	1724	1724	1725	1724	1725	1725	1725	1725	1725	1725	1725	1725	1724	1725	1724	1725	1725	1725	1725	1725	1724	1725	1725	1725	1725	1725	1725	1725	1725	1724	1725	1724	1725	1724	1724	1725	1725	1725	1725	1724	1724	1724	1724	1724	1724	1724
3464	697353	1725	1726	1725	1726	1725	1725	1725	1725	1726	1725	1725	1725	1725	1726	1725	1726	1724	1726	1725	1726	1725	1726	1726	1726	1725	1726	1726	1726	1726	1725	1725	1726	1726	1725	1725	1724	1725	1725	1725	1726	1725	1726	1725	1725	1726	1725	1723	1725	1725	1726	1725	1725	1726	1726	1725	1725	1725	1725	1725	1726	1724	1725	1725	1725	1725	1725	1725	1725	1725	1725	1726	1726	1726	1726	1725	1726	1726	1725	1725	1725	1725	1726	1725	1725	1725	1726	1726	1725	1725	1726	1725	1725	1726	1726	1725	1725	1726	1725	1726	1725	1726	1726	1727	1726	1726	1725	1725	1725	1725	1725	1725	1725	1725	1725	1725	1725	1725	1725	1724	1725	1725	1725	1725	1725	1726	1725	1726	1725
3465	697846	1725	1725	1726	1726	1726	1726	1726	1726	1726	1726	1725	1726	1726	1725	1725	1725	1726	1725	1725	1725	1724	1725	1725	1726	1726	1727	1726	1726	1726	1726	1726	1726	1727	1727	1726	1726	1726	1726	1726	1726	1726	1725	1726	1726	1725	1726	1725	1725	1726	1726	1726	1725	1725	1725	1726	1726	1726	1726	1726	1726	1726	1726	1725	1725	1726	1725	1726	1726	1726	1725	1725	1725	1726	1725	1726	1725	1725	1725	1725	1725	1725	1725	1725	1725	1725	1726	1726	1726	1726	1725	1726	1725	1725	1725	1724	1725	1725	1725	1726	1726	1726	1726	1726	1726	1727	1726	1725	1726	1725	1726	1725	1725	1725	1726	1726	1726	1725	1726	1725	1726	1725	1725	1725	1725	1725	1725	1726	1725
3466	698338	1726	1726	1726	1727	1727	1727	1726	1726	1726	1726	1727	1726	1727	1727	1727	1727	1727	1726	1727	1726	1727	1726	1727	1728	1726	1727	1727	1726	1727	1726	1727	1726	1726	1726	1726	1726	1727	1726	1726	1726	1726	1726	1725	1726	1726	1726	1727	1726	1727	1726	1725	1726	1726	1726	1725	1726	1725	1726	1726	1725	1726	1726	1726	1726	1726	1726	1725	1726	1725	1725	1726	1725	1725	1726	1726	1727	1726	1726	1726	1726	1728	1726	1727	1726	1726	1726	1726	1726	1726	1727	1727	1726	1727	1726	1727	1727	1726	1726	1726	1726	1727	1727	1727	1727	1727	1727	1727	1726	1726	1727	1727	1726	1726	1726	1726	1726	1726	1726	1726	1726	1726	1726	1726	1726	1726	1726	1726	1726
3467	698830	1727	1727	1727	1727	1728	1727	1728	1727	1727	1727	1727	1727	1727	1728	1727	1727	1727	1726	1727	1727	1726	1727	1727	1727	1726	1726	1726	1726	1727	1726	1726	1726	1726	1726	1726	1726	1727	1727	1727	1727	1727	1727	1727	1728	1727	1727	1727	1727	1727	1727	1727	1726	1726	1726	1727	1728	1727	1727	1728	1727	1727	1728	1727	1728	1727	1728	1728	1728	1728	1728	1728	1728	1728	1727	1727	1726	1727	1726	1727	1726	1726	1727	1727	1727	1727	1727	1727	1727	1727	1727	1727	1727	1726	1726	1726	1726	1726	1726	1727	1727	1726	1727	1727	1726	1726	1727	1727	1726	1727	1726	1727	1727	1727	1727	1727	1728	1727	1727	1727	1727	1727	1727	1727	1726	1727	1727	1727	1727
3468	699323	1727	1727	1728	1728	1728	1727	1727	1728	1727	1728	1727	1727	1727	1727	1727	1727	1727	1727	1727	1727	1726	1727	1727	1727	1727	1727	1726	1727	1727	1728	1727	1727	1727	1727	1728	1728	1728	1728	1727	1728	1726	1727	1727	1727	1727	1728	1727	1727	1727	1727	1727	1725	1726	1726	1727	1727	1727	1727	1727	1727	1727	1727	1727	1727	1727	1728	1727	1727	1728	1727	1727	1727	1728	1727	1727	1727	1727	1727	1728	1727	1728	1727	1726	1726	1727	1728	1728	1727	1728	1727	1727	1727	1727	1728	1728	1728	1728	1727	1728	1727	1728	1728	1728	1728	1727	1727	1727	1728	1728	1728	1728	1728	1728	1727	1727	1728	1727	1727	1726	1727	1727	1726	1727	1726	1726	1727	1727	1727
3469	699815	1727	1728	1727	1727	1727	1727	1728	1727	1727	1727	1727	1728	1728	1727	1727	1727	1727	1727	1727	1728	1728	1728	1727	1728	1728	1728	1729	1728	1728	1728	1728	1728	1728	1728	1728	1728	1728	1728	1728	1728	1728	1728	1728	1728	1728	1728	1728	1728	1728	1728	1728	1727	1728	1728	1728	1728	1728	1728	1727	1727	1728	1727	1727	1727	1728	1727	1727	1727	1728	1728	1728	1727	1728	1727	1728	1728	1727	1728	1728	1728	1727	1727	1727	1728	1728	1728	1727	1728	1727	1727	1728	1727	1728	1728	1729	1728	1728	1728	1728	1728	1728	1728	1727	1728	1728	1728	1727	1727	1727	1728	1728	1728	1728	1728	1728	1727	1728	1728	1727	1728	1727	1728	1727	1727	1728	1727	1728	1727
3470	700307	1728	1728	1728	1728	1729	1728	1728	1728	1728	1728	1728	1729	1727	1728	1728	1728	1728	1728	1728	1728	1728	1728	1729	1728	1728	1729	1728	1728	1729	1728	1729	1728	1729	1729	1728	1729	1729	1728	1729	1728	1729	1728	1728	1728	1728	1728	1728	1728	1728	1728	1729	1728	1728	1728	1728	1728	1728	1728	1728	1727	1728	1728	1727	1728	1728	1728	1728	1728	1727	1727	1727	1728	1727	1728	1728	1728	1728	1728	1728	1728	1727	1728	1728	1728	1728	1728	1728	1728	1729	1728	1728	1728	1728	1728	1728	1728	1728	1728	1728	1728	1728	1728	1728	1728	1728	1728	1728	1729	1728	1728	1728	1728	1728	1728	1728	1728	1728	1728	1728	1728	1728	1728	1728	1728	1728	1728	1728	1728
3471	700800	1729	1728	1728	1729	1728	1729	1729	1729	1729	1729	1729	1729	1729	1729	1729	1729	1729	1729	1729	1728	1729	1729	1730	1729	1730	1729	1728	1729	1729	1729	1729	1729	1729	1729	1729	1729	1729	1729	1728	1729	1729	1729	1728	1728	1728	1729	1728	1728	1728	1728	1729	1728	1728	1729	1729	1729	1729	1728	1729	1728	1728	1729	1728	1729	1727	1728	1728	1728	1729	1728	1728	1728	1728	1729	1728	1729	1728	1728	1728	1728	1729	1728	1728	1728	1728	1728	1728	1728	1728	1728	1728	1728	1728	1728	1728	1728	1728	1728	1728	1728	1728	1728	1728	1728	1728	1728	1728	1728	1728	1728	1728	1728	1728	1728	1728	1728	1729	1728	1728	1729	1729	1728	1728	1729	1729	1729	1728	1729
3472	701292	1729	1729	1729	1729	1729	1729	1729	1730	1730	1729	1729	1729	1729	1729	1729	1729	1729	1729	1729	1729	1729	1729	1728	1729	1729	1729	1729	1729	1729	1729	1729	1730	1729	1729	1729	1729	1730	1729	1730	1730	1729	1729	1729	1730	1730	1729	1730	1729	1729	1729	1730	1729	1729	1729	1730	1729	1730	1730	1729	1730	1730	1730	1729	1729	1730	1729	1729	1729	1730	1730	1730	1728	1729	1729	1729	1729	1729	1729	1728	1728	1728	1728	1728	1728	1728	1728	1728	1728	1728	1728	1728	1728	1729	1729	1729	1729	1729	1729	1729	1729	1729	1729	1729	1729	1729	1729	1729	1729	1729	1729	1729	1729	1729	1729	1729	1730	1729	1729	1730	1729	1729	1731	1729	1729	1729	1730	1730	1729
3473	701784	1729	1730	1730	1729	1730	1729	1730	1730	1730	1730	1730	1730	1730	1729	1730	1729	1729	1729	1730	1729	1729	1729	1729	1730	1729	1729	1729	1729	1730	1730	1729	1729	1728	1729	1729	1729	1730	1729	1729	1729	1729	1729	1730	1729	1729	1729	1729	1729	1730	1729	1730	1729	1730	1730	1729	1730	1729	1730	1730	1730	1729	1730	1730	1730	1729	1729	1729	1729	1729	1729	1729	1729	1730	1729	1730	1729	1729	1730	1729	1730	1730	1729	1730	1730	1730	1729	1730	1730	1729	1730	1730	1729	1729	1729	1730	1730	1730	1730	1730	1730	1730	1730	1730	1730	1731	1730	1730	1730	1730	1729	1730	1730	1729	1730	1729	1731	1730	1729	1729	1730	1730	1730	1730	1730	1729	1730	1730	1730
3474	702276	1729	1730	1730	1730	1730	1730	1730	1730	1730	1730	1730	1730	1730	1731	1730	1730	1731	1730	1730	1730	1730	1731	1730	1730	1730	1730	1730	1729	1730	1730	1730	1730	1730	1731	1731	1731	1731	1730	1730	1731	1731	1730	1730	1731	1731	1730	1730	1730	1730	1730	1731	1730	1730	1729	1731	1730	1731	1730	1731	1730	1730	1731	1731	1730	1731	1731	1730	1731	1730	1731	1730	1731	1729	1730	1729	1730	1730	1730	1730	1729	1730	1730	1730	1731	1730	1731	1730	1731	1731	1730	1731	1731	1730	1730	1731	1730	1730	1730	1730	1730	1730	1729	1730	1731	1730	1730	1730	1730	1730	1731	1731	1730	1730	1730	1730	1730	1730	1730	1730	1730	1730	1729	1730	1730	1730	1729	1730	1730
3475	702769	1730	1731	1731	1731	1731	1731	1731	1731	1731	1731	1731	1731	1731	1731	1731	1731	1731	1731	1732	1731	1731	1731	1731	1731	1730	1731	1731	1730	1731	1730	1731	1731	1731	1731	1732	1731	1731	1731	1731	1731	1730	1730	1730	1731	1730	1730	1730	1730	1731	1731	1731	1730	1730	1731	1730	1730	1729	1730	1731	1730	1731	1730	1731	1731	1731	1731	1731	1730	1731	1731	1731	1731	1730	1730	1730	1731	1731	1731	1731	1731	1731	1731	1731	1731	1731	1731	1731	1731	1731	1731	1731	1731	1731	1731	1731	1730	1730	1731	1730	1730	1731	1730	1731	1730	1731	1731	1731	1731	1731	1731	1731	1731	1731	1731	1730	1731	1730	1731	1731	1730	1730	1730	1731	1730	1730	1730	1730	1730
3476	703261	1731	1731	1731	1731	1731	1731	1731	1731	1731	1731	1731	1731	1731	1730	1731	1731	1731	1731	1730	1731	1731	1731	1731	1731	1731	1731	1731	1731	1730	1731	1730	1731	1731	1730	1731	1731	1731	1731	1732	1732	1732	1731	1731	1731	1731	1732	1731	1731	1731	1731	1731	1731	1731	1731	1731	1731	1731	1731	1731	1731	1731	1731	1731	1730	1731	1731	1731	1731	1731	1731	1731	1731	1731	1731	1730	1731	1730	1731	1731	1731	1731	1731	1732	1731	1731	1732	1732	1732	1731	1732	1732	1731	1732	1732	1731	1731	1732	1732	1732	1731	1732	1732	1732	1731	1732	1732	1731	1732	1731	1733	1732	1731	1731	1732	1732	1732	1731	1731	1731	1731	1730	1730	1731	1730	1731	1732	1731	1731
3477	703753	1731	1731	1731	1731	1731	1732	1732	1731	1732	1731	1732	1731	1732	1732	1732	1732	1732	1732	1732	1732	1732	1731	1731	1732	1732	1732	1731	1731	1732	1731	1731	1731	1731	1732	1732	1732	1731	1731	1731	1731	1732	1731	1731	1732	1731	1732	1733	1732	1732	1732	1732	1732	1732	1732	1732	1732	1732	1732	1732	1732	1732	1731	1732	1732	1731	1732	1732	1732	1732	1732	1732	1732	1732	1731	1732	1732	1731	1732	1731	1732	1731	1731	1732	1731	1731	1731	1731	1733	1731	1731	1731	1732	1732	1731	1732	1732	1732	1732	1731	1731	1731	1731	1732	1731	1732	1731	1731	1731	1731	1732	1731	1731	1732	1732	1731	1731	1732	1731	1731	1731	1731	1732	1731	1731	1731	1732	1732	1730
3478	704246	1732	1732	1732	1732	1731	1732	1732	1732	1732	1732	1732	1732	1732	1732	1732	1732	1732	1732	1732	1732	1732	1732	1732	1731	1732	1732	1732	1732	1731	1732	1731	1732	1732	1731	1733	1731	1732	1732	1732	1732	1733	1732	1732	1732	1732	1732	1733	1732	1732	1732	1732	1732	1732	1732	1732	1732	1732	1733	1732	1732	1732	1732	1732	1732	1732	1732	1732	1731	1731	1731	1731	1732	1732	1732	1732	1731	1732	1732	1732	1732	1731	1732	1732	1732	1732	1732	1733	1732	1732	1732	1732	1732	1732	1732	1732	1731	1732	1732	1732	1732	1731	1732	1732	1732	1732	1731	1732	1732	1732	1731	1732	1732	1732	1732	1731	1732	1731	1732	1731	1732	1732	1731	1732	1732	1731	1732	1732	1732
3479	704738	1732	1733	1733	1733	1733	1732	1732	1733	1733	1733	1733	1732	1732	1732	1733	1733	1732	1733	1733	1732	1733	1732	1733	1733	1733	1733	1732	1732	1733	1732	1732	1733	1732	1733	1732	1732	1733	1733	1733	1733	1733	1733	1732	1733	1733	1733	1732	1733	1733	1732	1732	1732	1732	1731	1732	1732	1732	1732	1732	1732	1732	1733	1733	1733	1733	1733	1732	1732	1732	1732	1733	1733	1732	1732	1732	1733	1733	1733	1733	1733	1733	1732	1732	1733	1732	1733	1733	1733	1733	1733	1734	1733	1733	1733	1733	1734	1733	1733	1733	1733	1733	1733	1733	1733	1732	1733	1733	1733	1733	1733	1733	1733	1733	1733	1733	1733	1733	1733	1733	1733	1734	1732	1733	1733	1731	1732	1732	1732
3480	705230	1733	1734	1734	1733	1733	1733	1733	1733	1732	1733	1733	1733	1733	1732	1733	1733	1733	1733	1733	1734	1733	1733	1734	1732	1734	1734	1733	1733	1733	1733	1733	1734	1733	1734	1734	1733	1733	1734	1733	1734	1734	1734	1733	1734	1734	1733	1733	1733	1733	1734	1734	1734	1734	1734	1734	1734	1733	1734	1734	1733	1733	1734	1734	1733	1732	1732	1733	1733	1733	1733	1733	1734	1733	1733	1734	1733	1733	1733	1734	1733	1733	1733	1733	1733	1733	1733	1734	1733	1732	1732	1733	1733	1733	1732	1733	1733	1733	1733	1733	1734	1733	1732	1734	1733	1733	1732	1733	1733	1733	1734	1734	1733	1734	1734	1733	1734	1734	1733	1733	1733	1734	1733	1733	1734	1733	1734	1734	1733
3481	705723	1734	1734	1734	1734	1734	1734	1734	1734	1734	1734	1734	1734	1734	1734	1733	1734	1733	1733	1734	1734	1734	1733	1734	1733	1734	1733	1733	1733	1733	1734	1734	1733	1733	1733	1734	1734	1734	1733	1733	1733	1732	1733	1733	1733	1733	1733	1733	1733	1733	1733	1733	1734	1733	1733	1733	1732	1733	1733	1733	1733	1733	1733	1734	1734	1733	1733	1733	1734	1734	1733	1733	1734	1733	1732	1733	1733	1733	1733	1733	1733	1734	1733	1734	1734	1733	1734	1733	1734	1734	1733	1734	1734	1734	1734	1733	1734	1733	1734	1733	1733	1733	1733	1733	1733	1733	1733	1733	1734	1734	1733	1733	1733	1733	1734	1733	1733	1733	1733	1733	1733	1733	1733	1734	1733	1733	1733	1733	1734
3482	706215	1734	1734	1734	1734	1734	1734	1734	1734	1734	1734	1733	1734	1734	1734	1735	1734	1734	1734	1734	1734	1734	1735	1735	1734	1734	1734	1734	1734	1734	1735	1734	1735	1734	1735	1735	1735	1735	1736	1735	1735	1735	1734	1734	1734	1735	1735	1734	1734	1734	1734	1734	1734	1735	1734	1734	1734	1734	1734	1734	1733	1734	1734	1734	1735	1734	1734	1734	1733	1733	1733	1734	1733	1734	1733	1734	1734	1734	1734	1734	1734	1734	1734	1734	1734	1734	1733	1734	1734	1734	1734	1734	1734	1734	1734	1734	1734	1734	1734	1734	1734	1734	1734	1734	1735	1734	1735	1734	1735	1735	1734	1735	1734	1735	1735	1735	1735	1735	1735	1734	1734	1735	1734	1735	1735	1735	1735	1734	1734
3483	706707	1735	1735	1735	1735	1735	1735	1735	1734	1734	1735	1735	1735	1735	1735	1734	1734	1735	1734	1735	1735	1735	1735	1735	1735	1735	1735	1735	1734	1735	1735	1735	1735	1735	1735	1734	1735	1735	1735	1735	1735	1735	1734	1735	1735	1735	1734	1735	1735	1735	1735	1735	1735	1735	1735	1735	1735	1735	1735	1735	1735	1735	1735	1735	1735	1736	1735	1736	1735	1735	1735	1735	1736	1735	1735	1735	1735	1735	1735	1735	1735	1735	1735	1735	1735	1735	1735	1735	1735	1734	1734	1735	1735	1735	1734	1735	1735	1734	1735	1734	1735	1734	1734	1734	1734	1734	1734	1734	1734	1734	1735	1734	1735	1734	1734	1735	1734	1735	1734	1735	1735	1735	1735	1735	1734	1735	1734	1734	1734
3484	707200	1736	1735	1736	1736	1735	1735	1735	1735	1735	1736	1735	1735	1735	1735	1735	1735	1735	1735	1734	1734	1734	1734	1734	1734	1734	1735	1734	1734	1734	1734	1735	1735	1734	1734	1734	1734	1735	1734	1736	1734	1734	1735	1735	1735	1734	1735	1734	1734	1735	1735	1735	1736	1735	1734	1735	1736	1735	1735	1736	1736	1736	1736	1736	1736	1735	1736	1736	1736	1736	1735	1736	1735	1735	1735	1735	1735	1735	1735	1735	1736	1735	1735	1735	1735	1735	1736	1735	1735	1735	1735	1735	1735	1735	1734	1735	1735	1735	1735	1735	1735	1735	1735	1735	1735	1735	1735	1734	1734	1735	1735	1735	1735	1735	1735	1734	1735	1734	1734	1735	1735	1735	1735	1734	1735	1735	1735	1735	1735
3485	707692	1736	1735	1736	1735	1735	1736	1736	1736	1735	1735	1736	1736	1736	1735	1736	1736	1736	1736	1736	1736	1736	1736	1736	1735	1735	1735	1735	1735	1735	1736	1735	1736	1736	1736	1736	1735	1737	1736	1736	1736	1736	1736	1735	1736	1736	1735	1736	1735	1735	1735	1735	1735	1735	1735	1735	1735	1735	1736	1736	1735	1736	1736	1736	1736	1735	1736	1736	1736	1735	1735	1735	1736	1735	1735	1735	1735	1735	1735	1735	1735	1735	1735	1736	1736	1735	1735	1735	1735	1735	1735	1735	1736	1735	1735	1736	1736	1736	1736	1736	1736	1736	1736	1735	1736	1736	1736	1736	1736	1737	1736	1737	1736	1736	1736	1736	1736	1736	1736	1736	1736	1736	1736	1736	1736	1737	1736	1735	1736
3486	708184	1736	1735	1736	1736	1737	1736	1736	1737	1737	1736	1736	1736	1737	1736	1736	1737	1736	1736	1736	1736	1736	1736	1736	1736	1736	1736	1737	1736	1736	1737	1737	1735	1737	1736	1737	1736	1737	1737	1736	1737	1737	1737	1736	1736	1736	1736	1736	1736	1736	1736	1737	1737	1736	1736	1736	1736	1736	1735	1736	1736	1736	1736	1736	1736	1736	1736	1736	1736	1736	1735	1736	1735	1735	1736	1735	1735	1736	1736	1736	1736	1736	1736	1736	1736	1735	1736	1736	1736	1736	1736	1736	1736	1736	1736	1736	1736	1737	1736	1736	1736	1736	1736	1736	1736	1735	1736	1736	1737	1736	1735	1736	1736	1736	1736	1736	1736	1736	1736	1736	1735	1735	1735	1736	1736	1736	1736	1736	1736
3487	708676	1736	1735	1736	1735	1736	1736	1736	1736	1736	1736	1736	1737	1737	1736	1736	1737	1736	1737	1736	1736	1737	1737	1736	1737	1736	1736	1737	1737	1737	1736	1737	1737	1736	1737	1737	1737	1737	1737	1737	1737	1737	1737	1736	1737	1736	1736	1736	1737	1737	1736	1736	1736	1736	1736	1736	1736	1736	1736	1736	1736	1736	1736	1736	1736	1736	1736	1736	1736	1736	1736	1736	1736	1736	1736	1736	1736	1736	1736	1736	1736	1736	1736	1736	1736	1736	1737	1737	1737	1737	1737	1737	1736	1737	1736	1737	1736	1736	1736	1737	1737	1737	1737	1736	1736	1737	1736	1737	1737	1736	1736	1737	1736	1737	1737	1736	1736	1736	1736	1736	1736	1736	1736	1736	1736	1736	1736	1736	1736
3488	709169	1736	1737	1737	1737	1737	1737	1737	1737	1737	1736	1736	1737	1737	1736	1736	1736	1737	1737	1736	1737	1736	1737	1737	1737	1737	1736	1737	1737	1737	1737	1737	1737	1736	1737	1738	1737	1737	1737	1737	1737	1737	1737	1737	1736	1737	1736	1736	1737	1737	1737	1737	1737	1736	1738	1737	1737	1737	1737	1737	1737	1737	1737	1737	1736	1737	1737	1737	1738	1737	1737	1737	1737	1737	1737	1737	1737	1737	1737	1737	1738	1737	1737	1736	1737	1737	1737	1737	1737	1737	1737	1737	1737	1737	1737	1737	1737	1737	1736	1737	1737	1737	1736	1736	1737	1737	1737	1737	1737	1736	1737	1736	1737	1737	1736	1737	1737	1737	1736	1737	1737	1736	1736	1736	1736	1737	1737	1737	1737
3489	709661	1739	1738	1737	1737	1737	1737	1737	1737	1737	1737	1737	1737	1737	1737	1737	1737	1737	1737	1737	1737	1738	1737	1737	1737	1737	1738	1736	1737	1737	1737	1737	1737	1737	1737	1738	1737	1737	1737	1736	1737	1738	1737	1737	1737	1737	1737	1738	1737	1738	1738	1738	1738	1738	1738	1738	1737	1738	1739	1738	1738	1737	1738	1738	1738	1738	1738	1738	1738	1738	1737	1738	1738	1738	1738	1738	1738	1737	1738	1738	1738	1738	1737	1737	1737	1737	1737	1737	1738	1737	1738	1737	1738	1738	1738	1738	1737	1737	1737	1738	1737	1737	1737	1736	1737	1738	1737	1737	1737	1738	1737	1738	1738	1737	1738	1738	1737	1738	1737	1738	1737	1738	1738	1737	1738	1738	1738	1737	1738
3490	710153	1737	1739	1738	1739	1738	1738	1738	1738	1738	1738	1738	1738	1738	1738	1738	1739	1738	1738	1739	1738	1738	1738	1738	1739	1738	1738	1738	1738	1738	1739	1739	1738	1739	1739	1739	1739	1738	1738	1738	1738	1738	1738	1739	1738	1738	1738	1738	1738	1737	1738	1738	1737	1738	1738	1738	1738	1738	1738	1738	1738	1737	1737	1737	1737	1737	1737	1737	1738	1737	1737	1738	1737	1738	1737	1738	1737	1737	1737	1738	1738	1738	1739	1738	1738	1738	1738	1739	1738	1739	1738	1738	1738	1738	1737	1738	1738	1737	1738	1738	1738	1738	1739	1738	1738	1738	1738	1738	1738	1738	1738	1738	1738	1737	1738	1738	1737	1738	1738	1738	1737	1738	1738	1738	1737	1737	1738	1738	1738
3491	710646	1738	1739	1738	1738	1739	1740	1739	1739	1739	1739	1739	1739	1739	1739	1739	1739	1739	1739	1739	1739	1739	1739	1739	1739	1738	1738	1739	1739	1738	1739	1739	1738	1738	1739	1738	1739	1738	1738	1739	1738	1739	1739	1738	1739	1738	1738	1739	1738	1738	1738	1738	1738	1738	1738	1738	1737	1738	1738	1738	1737	1738	1738	1738	1738	1738	1738	1739	1738	1738	1739	1738	1739	1739	1738	1739	1738	1738	1738	1738	1738	1738	1738	1738	1738	1739	1739	1739	1739	1739	1738	1739	1739	1740	1739	1738	1739	1739	1739	1739	1738	1739	1738	1738	1738	1739	1738	1738	1738	1738	1738	1738	1738	1739	1738	1739	1738	1739	1739	1738	1738	1739	1739	1738	1738	1738	1738	1738	1738
3492	711138	1739	1739	1739	1739	1739	1739	1739	1739	1739	1739	1739	1739	1739	1739	1739	1739	1739	1739	1739	1739	1739	1739	1739	1739	1738	1739	1739	1739	1739	1739	1739	1740	1739	1739	1739	1740	1739	1739	1739	1739	1739	1739	1738	1739	1739	1739	1739	1739	1739	1739	1739	1739	1739	1740	1739	1739	1740	1739	1739	1739	1739	1740	1739	1740	1739	1739	1739	1740	1739	1739	1739	1739	1739	1739	1739	1739	1739	1739	1739	1739	1739	1740	1740	1739	1739	1739	1740	1739	1739	1739	1738	1739	1739	1739	1739	1738	1738	1738	1738	1739	1739	1739	1738	1739	1738	1739	1739	1739	1738	1739	1739	1739	1739	1738	1738	1739	1738	1738	1738	1738	1738	1739	1738	1739	1739	1739	1739	1739
3493	711630	1740	1739	1739	1739	1739	1741	1739	1739	1739	1739	1740	1740	1740	1739	1739	1740	1740	1740	1740	1740	1740	1741	1740	1740	1740	1739	1740	1740	1739	1739	1739	1740	1739	1739	1740	1739	1740	1739	1740	1740	1740	1740	1739	1739	1740	1739	1739	1739	1739	1738	1739	1739	1739	1740	1739	1739	1739	1739	1739	1739	1739	1739	1739	1739	1739	1740	1740	1740	1740	1739	1740	1740	1740	1739	1740	1740	1740	1739	1740	1739	1740	1740	1740	1740	1739	1740	1740	1741	1740	1740	1739	1739	1740	1739	1740	1740	1739	1740	1740	1740	1740	1740	1740	1739	1739	1739	1740	1739	1739	1739	1739	1739	1740	1739	1739	1740	1739	1740	1739	1740	1739	1739	1740	1739	1739	1738	1739	1740
3494	712123	1740	1740	1740	1740	1740	1739	1740	1740	1739	1740	1740	1739	1739	1739	1739	1740	1740	1740	1739	1740	1740	1740	1740	1739	1739	1739	1739	1739	1740	1739	1740	1739	1740	1740	1739	1740	1739	1740	1739	1739	1740	1740	1740	1740	1740	1740	1740	1741	1740	1741	1740	1740	1740	1740	1740	1740	1740	1740	1740	1740	1740	1740	1740	1740	1740	1740	1739	1739	1739	1739	1740	1740	1740	1740	1740	1740	1740	1740	1740	1741	1740	1740	1740	1740	1740	1739	1740	1739	1740	1740	1739	1739	1740	1740	1739	1739	1740	1739	1740	1740	1740	1740	1740	1740	1740	1740	1739	1740	1740	1740	1740	1739	1740	1740	1740	1740	1740	1740	1740	1740	1741	1740	1741	1741	1740	1741	1741	1741
3495	712615	1740	1740	1740	1740	1740	1740	1740	1740	1741	1740	1740	1740	1740	1741	1741	1741	1741	1740	1741	1741	1740	1741	1741	1740	1741	1740	1740	1740	1740	1741	1740	1742	1741	1741	1741	1741	1741	1741	1741	1741	1741	1741	1741	1741	1741	1742	1741	1741	1741	1741	1741	1741	1740	1740	1740	1740	1740	1741	1741	1741	1740	1741	1740	1741	1740	1741	1740	1740	1740	1741	1740	1740	1740	1740	1740	1740	1741	1738	1740	1740	1740	1740	1740	1740	1740	1740	1740	1740	1740	1741	1740	1741	1741	1741	1741	1741	1741	1740	1741	1741	1740	1740	1740	1740	1740	1740	1741	1741	1741	1740	1741	1741	1740	1741	1741	1741	1740	1740	1741	1741	1741	1741	1741	1741	1741	1740	1741	1740
3496	713107	1741	1741	1742	1742	1742	1742	1742	1742	1742	1742	1742	1742	1742	1742	1742	1743	1742	1742	1742	1742	1742	1741	1742	1741	1741	1741	1741	1741	1741	1741	1742	1741	1741	1741	1741	1741	1741	1741	1741	1741	1741	1741	1741	1740	1741	1741	1741	1741	1741	1741	1741	1740	1740	1741	1741	1741	1741	1741	1741	1740	1741	1741	1741	1741	1741	1742	1741	1741	1741	1741	1741	1741	1741	1741	1741	1741	1741	1741	1741	1741	1741	1742	1742	1741	1741	1742	1741	1741	1741	1741	1741	1741	1741	1741	1741	1741	1740	1740	1740	1741	1740	1741	1741	1741	1740	1741	1741	1741	1741	1741	1741	1741	1741	1741	1740	1742	1741	1741	1741	1741	1741	1741	1741	1741	1741	1741	1741	1741
3497	713600	1742	1742	1742	1742	1742	1742	1742	1742	1742	1742	1743	1742	1742	1742	1742	1742	1742	1741	1742	1742	1741	1742	1741	1741	1742	1742	1741	1741	1742	1742	1742	1742	1741	1742	1741	1742	1742	1740	1741	1741	1740	1741	1741	1741	1741	1740	1740	1740	1741	1740	1741	1740	1741	1741	1740	1741	1741	1740	1740	1741	1741	1741	1741	1741	1741	1741	1740	1741	1741	1741	1741	1741	1742	1741	1741	1742	1740	1741	1741	1742	1742	1742	1741	1742	1742	1742	1742	1742	1742	1742	1742	1742	1741	1742	1741	1741	1741	1741	1742	1742	1742	1742	1741	1742	1742	1742	1742	1742	1742	1742	1741	1742	1742	1741	1742	1742	1741	1741	1742	1741	1741	1741	1741	1741	1742	1741	1742	1741
3498	714092	1743	1742	1743	1742	1743	1742	1742	1743	1742	1742	1742	1742	1743	1743	1742	1742	1742	1742	1742	1742	1742	1742	1742	1742	1742	1742	1742	1742	1742	1742	1742	1742	1742	1742	1742	1741	1742	1742	1742	1742	1742	1742	1742	1742	1742	1742	1742	1742	1742	1742	1742	1743	1742	1743	1743	1742	1742	1742	1743	1742	1742	1742	1742	1742	1742	1742	1742	1742	1742	1742	1742	1742	1742	1742	1742	1742	1743	1742	1742	1742	1741	1742	1741	1742	1742	1742	1742	1742	1742	1742	1742	1742	1742	1742	1742	1742	1742	1742	1742	1742	1742	1742	1742	1741	1742	1742	1742	1742	1741	1742	1742	1742	1742	1743	1742	1743	1742	1742	1742	1742	1743	1742	1743	1742	1742	1743	1742	1742
3499	714584	1742	1743	1743	1742	1743	1743	1744	1743	1743	1742	1742	1743	1742	1743	1743	1742	1743	1742	1742	1743	1742	1742	1742	1742	1742	1742	1742	1741	1742	1742	1743	1742	1742	1742	1742	1742	1742	1742	1742	1742	1742	1742	1742	1741	1742	1742	1741	1742	1742	1743	1742	1742	1742	1743	1743	1743	1743	1742	1742	1742	1742	1742	1742	1742	1742	1744	1743	1742	1742	1742	1742	1742	1742	1742	1743	1742	1742	1742	1742	1742	1743	1743	1742	1742	1741	1742	1742	1742	1742	1741	1742	1742	1742	1743	1742	1743	1742	1743	1742	1742	1743	1743	1743	1743	1742	1743	1743	1743	1743	1742	1743	1743	1743	1743	1743	1743	1743	1743	1743	1743	1743	1743	1744	1743	1743	1743	1743	1743
3500	715076	1742	1742	1743	1743	1743	1743	1743	1743	1743	1743	1742	1743	1743	1742	1743	1742	1742	1742	1743	1743	1742	1743	1743	1743	1743	1742	1743	1742	1743	1743	1743	1743	1743	1743	1743	1743	1743	1743	1743	1743	1742	1743	1743	1743	1743	1743	1742	1743	1743	1743	1743	1743	1742	1743	1743	1743	1743	1743	1743	1743	1743	1743	1743	1743	1743	1743	1744	1742	1743	1743	1744	1743	1743	1743	1743	1743	1743	1743	1743	1743	1742	1743	1743	1742	1743	1743	1743	1743	1744	1743	1743	1744	1743	1744	1744	1743	1743	1743	1744	1743	1743	1743	1743	1743	1743	1743	1743	1743	1743	1743	1744	1743	1743	1744	1743	1743	1743	1744	1743	1743	1743	1743	1743	1742	1743	1743	1743	1743
3501	715569	1743	1743	1744	1744	1743	1743	1743	1743	1743	1743	1743	1743	1743	1743	1743	1743	1742	1743	1743	1743	1743	1743	1743	1743	1743	1744	1743	1743	1744	1743	1744	1743	1744	1743	1744	1744	1743	1744	1743	1743	1743	1743	1743	1743	1743	1743	1743	1744	1743	1744	1743	1744	1744	1743	1743	1743	1744	1744	1744	1744	1743	1743	1744	1743	1744	1743	1743	1743	1743	1743	1743	1743	1743	1743	1743	1744	1744	1744	1744	1744	1744	1744	1744	1744	1743	1743	1743	1743	1743	1743	1743	1743	1743	1743	1743	1743	1743	1744	1743	1743	1743	1744	1743	1744	1744	1743	1743	1744	1744	1744	1743	1744	1744	1743	1744	1744	1744	1743	1744	1744	1743	1743	1744	1743	1744	1744	1743	1743
3502	716061	1743	1743	1744	1743	1743	1743	1744	1743	1744	1744	1744	1744	1743	1744	1744	1744	1744	1743	1744	1745	1744	1744	1744	1743	1744	1744	1744	1744	1744	1744	1745	1744	1745	1744	1745	1744	1745	1744	1744	1744	1744	1744	1744	1743	1744	1744	1744	1744	1744	1744	1744	1744	1744	1744	1744	1744	1744	1744	1743	1744	1744	1743	1744	1744	1744	1744	1744	1744	1744	1743	1744	1743	1743	1744	1744	1744	1744	1743	1744	1744	1744	1744	1744	1744	1744	1744	1744	1744	1744	1744	1744	1744	1745	1745	1744	1744	1744	1744	1744	1744	1744	1744	1744	1744	1744	1744	1744	1744	1744	1744	1744	1744	1744	1744	1744	1744	1744	1744	1743	1744	1743	1744	1743	1744	1743	1744	1744	1743
3503	716553	1745	1745	1744	1744	1744	1744	1745	1744	1745	1744	1744	1744	1744	1745	1744	1745	1745	1744	1745	1744	1744	1745	1744	1744	1744	1744	1744	1744	1744	1744	1744	1744	1744	1745	1744	1744	1744	1744	1744	1744	1744	1744	1744	1744	1744	1745	1744	1744	1743	1744	1744	1744	1744	1744	1744	1744	1744	1744	1744	1744	1744	1744	1744	1744	1744	1744	1744	1745	1744	1744	1744	1744	1744	1744	1744	1744	1743	1745	1744	1744	1744	1744	1744	1743	1744	1744	1744	1744	1744	1744	1745	1745	1744	1744	1744	1744	1744	1744	1743	1744	1744	1744	1744	1744	1744	1744	1745	1745	1745	1745	1745	1745	1745	1745	1745	1745	1745	1745	1745	1745	1745	1745	1745	1745	1745	1745	1745	1745
3504	717046	1745	1745	1745	1745	1745	1745	1744	1746	1745	1745	1745	1745	1744	1744	1745	1745	1745	1744	1744	1745	1744	1745	1745	1744	1745	1745	1745	1744	1744	1745	1744	1745	1745	1745	1744	1745	1744	1745	1744	1744	1744	1744	1745	1744	1745	1743	1744	1745	1745	1744	1745	1745	1744	1745	1745	1745	1745	1745	1745	1745	1745	1745	1745	1745	1746	1745	1745	1745	1746	1745	1745	1745	1744	1745	1745	1745	1745	1745	1745	1745	1745	1745	1745	1746	1745	1744	1745	1744	1744	1744	1744	1745	1744	1744	1744	1744	1745	1745	1745	1744	1744	1745	1743	1745	1744	1744	1744	1744	1744	1745	1744	1744	1744	1744	1744	1744	1744	1744	1744	1744	1744	1745	1744	1744	1744	1744	1745	1745
3505	717538	1745	1746	1746	1746	1745	1745	1745	1745	1745	1745	1746	1745	1745	1746	1746	1745	1745	1745	1745	1745	1746	1745	1745	1745	1745	1745	1745	1745	1745	1745	1745	1746	1746	1745	1745	1746	1745	1746	1746	1745	1745	1746	1746	1746	1746	1745	1745	1746	1746	1745	1745	1746	1746	1746	1746	1745	1746	1746	1746	1746	1746	1746	1745	1747	1746	1747	1746	1747	1746	1746	1746	1746	1746	1747	1746	1746	1746	1746	1746	1746	1746	1745	1746	1745	1745	1746	1745	1745	1746	1746	1746	1745	1746	1746	1745	1746	1745	1745	1745	1745	1744	1745	1745	1745	1745	1745	1745	1746	1745	1745	1745	1746	1745	1745	1746	1745	1745	1745	1745	1745	1745	1745	1746	1746	1746	1746	1745	1745
3506	718030	1745	1746	1746	1745	1746	1745	1746	1746	1745	1746	1746	1746	1745	1746	1745	1746	1746	1746	1746	1746	1746	1746	1746	1746	1746	1746	1745	1745	1746	1746	1746	1746	1746	1746	1746	1746	1746	1746	1746	1746	1746	1746	1745	1745	1745	1746	1746	1746	1746	1745	1746	1746	1744	1745	1746	1746	1746	1746	1746	1745	1745	1746	1746	1745	1746	1745	1745	1745	1746	1746	1746	1746	1745	1745	1746	1746	1747	1746	1746	1746	1746	1746	1746	1746	1746	1745	1746	1746	1745	1746	1745	1746	1746	1745	1746	1745	1746	1746	1746	1746	1745	1746	1746	1746	1746	1746	1746	1746	1745	1746	1746	1746	1746	1746	1746	1745	1746	1746	1746	1746	1745	1746	1745	1746	1746	1746	1746	1745
3507	718523	1747	1747	1747	1747	1748	1747	1747	1747	1747	1748	1747	1747	1747	1746	1747	1747	1747	1747	1747	1747	1747	1747	1747	1747	1747	1747	1746	1746	1747	1747	1746	1747	1746	1746	1747	1746	1746	1746	1746	1746	1746	1745	1746	1746	1746	1746	1744	1746	1746	1746	1746	1746	1746	1746	1746	1746	1746	1746	1746	1746	1746	1746	1747	1747	1747	1747	1747	1747	1746	1747	1747	1746	1747	1746	1747	1747	1747	1746	1746	1747	1746	1747	1747	1747	1747	1747	1746	1746	1746	1747	1745	1747	1746	1747	1747	1746	1747	1746	1747	1747	1746	1747	1746	1746	1746	1747	1747	1745	1747	1746	1746	1746	1746	1746	1746	1746	1746	1746	1746	1746	1746	1745	1746	1746	1746	1747	1746	1746
3508	719015	1747	1747	1747	1747	1746	1747	1747	1747	1747	1747	1747	1747	1747	1747	1746	1747	1747	1747	1747	1747	1747	1746	1747	1747	1747	1747	1747	1747	1747	1747	1747	1746	1746	1747	1746	1747	1747	1747	1747	1747	1747	1747	1747	1747	1746	1747	1747	1748	1747	1747	1747	1748	1747	1747	1748	1747	1748	1747	1748	1748	1747	1747	1747	1748	1747	1747	1747	1747	1747	1748	1748	1747	1747	1747	1747	1747	1747	1747	1747	1747	1747	1747	1747	1747	1748	1747	1747	1747	1747	1747	1746	1747	1747	1747	1747	1747	1747	1747	1747	1747	1746	1746	1747	1746	1747	1746	1746	1746	1747	1747	1747	1747	1747	1747	1747	1746	1747	1747	1747	1746	1746	1746	1746	1747	1746	1746	1746	1747
3509	719507	1747	1748	1747	1747	1747	1747	1747	1748	1747	1747	1747	1747	1747	1747	1747	1747	1748	1747	1747	1748	1747	1747	1748	1748	1748	1748	1748	1747	1748	1748	1747	1747	1747	1747	1747	1747	1747	1747	1747	1747	1747	1747	1747	1747	1748	1747	1747	1747	1747	1747	1747	1746	1747	1747	1747	1747	1747	1747	1747	1747	1747	1747	1747	1747	1746	1747	1747	1747	1748	1747	1747	1747	1747	1747	1747	1747	1747	1747	1747	1747	1747	1747	1748	1749	1747	1747	1747	1748	1747	1748	1747	1747	1748	1748	1748	1747	1747	1747	1747	1747	1747	1747	1747	1747	1748	1747	1747	1748	1747	1747	1747	1747	1747	1747	1748	1747	1747	1747	1747	1748	1747	1746	1748	1747	1747	1748	1747	1748
3510	720000	1748	1748	1748	1748	1748	1748	1748	1748	1748	1748	1748	1749	1749	1749	1748	1748	1749	1748	1748	1748	1748	1748	1748	1748	1748	1747	1748	1748	1747	1747	1748	1747	1747	1747	1747	1747	1747	1747	1747	1748	1748	1748	1748	1748	1747	1748	1747	1748	1747	1748	1747	1748	1748	1748	1748	1747	1747	1748	1747	1748	1748	1747	1748	1748	1748	1747	1748	1748	1747	1748	1748	1748	1748	1748	1748	1748	1748	1748	1748	1747	1747	1748	1747	1747	1747	1747	1748	1748	1748	1748	1747	1748	1747	1748	1748	1747	1749	1748	1748	1748	1748	1749	1748	1748	1748	1748	1749	1748	1748	1747	1747	1748	1747	1747	1748	1748	1747	1748	1748	1747	1748	1748	1748	1748	1748	1748	1748	1748
3511	720492	1749	1749	1749	1748	1748	1750	1748	1748	1748	1748	1748	1748	1749	1748	1748	1748	1748	1748	1749	1749	1748	1749	1748	1749	1748	1748	1748	1748	1749	1749	1748	1748	1748	1749	1748	1748	1749	1749	1748	1749	1749	1749	1748	1749	1749	1749	1750	1748	1749	1748	1749	1749	1749	1749	1748	1749	1748	1748	1749	1749	1748	1748	1750	1748	1748	1749	1748	1749	1748	1748	1749	1748	1748	1749	1748	1748	1748	1748	1747	1748	1748	1748	1747	1748	1747	1748	1747	1748	1748	1748	1749	1748	1748	1748	1749	1748	1748	1748	1749	1748	1748	1748	1748	1748	1748	1748	1748	1748	1748	1747	1748	1747	1748	1748	1748	1748	1748	1748	1749	1749	1749	1748	1748	1748	1749	1748	1748	1749
3512	720984	1749	1749	1749	1748	1749	1749	1749	1749	1749	1750	1750	1749	1750	1748	1749	1749	1749	1750	1749	1749	1749	1749	1749	1749	1749	1749	1749	1749	1749	1749	1749	1749	1749	1749	1749	1749	1749	1749	1749	1748	1749	1749	1748	1749	1749	1748	1748	1748	1749	1749	1749	1750	1749	1749	1750	1747	1749	1749	1749	1749	1748	1748	1749	1749	1749	1748	1748	1748	1748	1749	1748	1748	1748	1749	1750	1748	1748	1748	1749	1748	1748	1749	1749	1748	1748	1749	1749	1749	1748	1749	1749	1749	1748	1749	1749	1749	1749	1749	1749	1749	1749	1749	1749	1750	1749	1749	1749	1749	1750	1748	1749	1749	1749	1749	1748	1748	1749	1749	1749	1749	1749	1749	1749	1749	1749	1749	1749	1749
3513	721476	1750	1749	1750	1750	1750	1750	1749	1750	1750	1750	1750	1749	1750	1749	1750	1749	1750	1750	1750	1750	1750	1750	1750	1750	1750	1750	1749	1751	1751	1750	1750	1750	1750	1749	1750	1749	1751	1750	1750	1750	1749	1750	1749	1749	1750	1749	1750	1749	1750	1750	1750	1749	1750	1750	1750	1749	1749	1750	1750	1750	1749	1749	1750	1749	1750	1749	1749	1750	1749	1749	1749	1749	1750	1750	1750	1749	1750	1749	1750	1750	1750	1750	1750	1750	1749	1749	1749	1750	1750	1750	1749	1750	1749	1750	1750	1750	1750	1750	1750	1749	1749	1750	1749	1750	1750	1750	1749	1750	1750	1750	1749	1749	1749	1750	1749	1749	1749	1750	1749	1749	1749	1750	1750	1750	1749	1749	1749	1749
3514	721969	1750	1750	1749	1750	1750	1750	1750	1749	1750	1750	1750	1749	1749	1750	1749	1750	1750	1749	1750	1750	1750	1749	1750	1750	1749	1750	1749	1749	1749	1749	1750	1749	1750	1750	1749	1750	1749	1750	1750	1750	1750	1749	1750	1749	1750	1750	1749	1750	1750	1750	1750	1749	1750	1750	1750	1750	1750	1750	1750	1750	1750	1750	1751	1750	1750	1750	1750	1750	1750	1750	1750	1750	1750	1750	1750	1750	1750	1750	1750	1750	1751	1750	1750	1751	1750	1750	1750	1750	1750	1750	1749	1750	1749	1750	1750	1750	1750	1749	1749	1750	1750	1749	1750	1749	1750	1750	1750	1750	1750	1750	1750	1750	1750	1751	1750	1750	1751	1750	1750	1750	1750	1750	1750	1750	1750	1750	1750	1750
3515	722461	1751	1751	1751	1751	1751	1750	1751	1751	1750	1751	1751	1751	1751	1751	1750	1751	1750	1750	1750	1750	1750	1751	1750	1751	1751	1750	1751	1750	1751	1750	1751	1750	1750	1750	1750	1750	1750	1751	1750	1750	1749	1750	1750	1750	1750	1750	1750	1750	1750	1750	1750	1750	1750	1750	1750	1751	1750	1750	1750	1750	1750	1750	1750	1750	1751	1750	1750	1750	1751	1751	1751	1751	1750	1751	1751	1751	1751	1751	1750	1751	1751	1751	1751	1751	1751	1751	1751	1750	1750	1751	1751	1750	1750	1750	1751	1751	1751	1750	1751	1751	1751	1750	1751	1751	1750	1750	1750	1750	1750	1750	1750	1750	1750	1749	1750	1750	1750	1751	1750	1750	1750	1750	1750	1750	1750	1750	1750	1750
3516	722953	1750	1751	1750	1751	1750	1750	1751	1751	1751	1750	1751	1750	1751	1752	1751	1752	1751	1751	1751	1751	1751	1751	1751	1751	1752	1752	1751	1752	1751	1751	1751	1751	1751	1751	1751	1752	1751	1752	1752	1751	1751	1751	1752	1751	1751	1751	1751	1751	1751	1752	1750	1752	1751	1751	1751	1751	1752	1751	1751	1752	1751	1751	1750	1751	1751	1750	1751	1751	1751	1751	1751	1751	1751	1751	1751	1750	1751	1751	1751	1751	1750	1751	1751	1751	1751	1750	1751	1751	1751	1751	1751	1751	1751	1751	1751	1751	1751	1751	1751	1751	1751	1751	1751	1752	1751	1751	1751	1751	1752	1751	1751	1751	1751	1753	1751	1751	1751	1750	1751	1750	1751	1751	1751	1751	1751	1751	1751	1751
3517	723446	1752	1751	1751	1752	1752	1752	1752	1752	1752	1752	1752	1752	1752	1753	1752	1751	1752	1751	1752	1752	1752	1752	1751	1752	1752	1751	1752	1751	1752	1751	1752	1752	1751	1751	1751	1751	1752	1751	1751	1751	1751	1751	1751	1751	1751	1751	1751	1751	1751	1751	1751	1751	1751	1751	1751	1752	1751	1751	1752	1752	1751	1751	1751	1752	1752	1751	1751	1751	1751	1752	1752	1751	1752	1752	1752	1751	1752	1752	1752	1752	1751	1752	1752	1752	1752	1751	1752	1752	1752	1752	1751	1751	1751	1751	1751	1751	1751	1751	1752	1751	1752	1751	1751	1751	1752	1751	1751	1751	1752	1751	1752	1751	1752	1752	1751	1751	1752	1752	1752	1751	1751	1751	1752	1751	1751	1751	1752	1752
3518	723938	1753	1752	1753	1752	1752	1752	1752	1752	1752	1752	1752	1752	1752	1753	1752	1752	1752	1752	1752	1752	1753	1752	1752	1752	1752	1752	1752	1752	1752	1752	1752	1751	1751	1752	1752	1751	1751	1751	1751	1752	1751	1752	1751	1751	1752	1752	1752	1752	1751	1752	1751	1751	1752	1751	1752	1751	1751	1751	1751	1752	1751	1752	1750	1751	1752	1752	1751	1752	1751	1752	1752	1752	1752	1753	1752	1752	1752	1752	1752	1752	1751	1752	1752	1752	1752	1752	1752	1752	1753	1752	1752	1752	1752	1753	1752	1752	1753	1752	1753	1752	1753	1753	1752	1753	1752	1753	1752	1752	1752	1752	1752	1752	1752	1752	1752	1753	1752	1752	1752	1752	1752	1752	1752	1752	1752	1752	1751	1752
3519	724430	1753	1753	1753	1752	1753	1753	1752	1752	1752	1753	1753	1753	1753	1752	1752	1753	1753	1753	1753	1752	1752	1752	1752	1752	1752	1752	1752	1753	1753	1752	1753	1753	1753	1753	1752	1753	1752	1753	1752	1752	1753	1752	1753	1753	1752	1752	1751	1752	1752	1752	1752	1752	1752	1752	1752	1752	1752	1753	1753	1752	1752	1752	1752	1752	1752	1752	1752	1752	1751	1752	1752	1752	1752	1752	1752	1753	1752	1752	1752	1752	1752	1752	1752	1752	1752	1752	1752	1752	1751	1752	1752	1752	1752	1752	1752	1752	1752	1752	1751	1752	1752	1752	1752	1751	1752	1752	1752	1752	1752	1752	1752	1752	1752	1752	1752	1752	1753	1752	1753	1752	1753	1752	1752	1751	1752	1752	1752	1753
3520	724923	1752	1752	1752	1752	1752	1753	1752	1752	1752	1752	1752	1752	1752	1752	1752	1752	1752	1752	1752	1752	1753	1753	1753	1753	1753	1752	1753	1752	1752	1753	1753	1753	1752	1753	1753	1752	1752	1752	1752	1753	1752	1753	1752	1753	1752	1752	1753	1752	1752	1753	1753	1753	1752	1753	1753	1753	1752	1752	1752	1753	1752	1753	1752	1752	1753	1753	1752	1753	1753	1752	1753	1753	1753	1753	1753	1753	1752	1752	1753	1753	1753	1753	1753	1753	1752	1753	1753	1753	1753	1753	1753	1753	1753	1753	1753	1754	1753	1753	1753	1752	1754	1753	1753	1753	1753	1753	1752	1753	1752	1752	1753	1753	1752	1752	1753	1753	1752	1753	1753	1753	1752	1753	1753	1752	1753	1753	1753	1753
3521	725415	1753	1753	1753	1753	1753	1753	1753	1753	1753	1753	1753	1753	1753	1753	1753	1753	1753	1753	1754	1753	1754	1753	1753	1754	1754	1754	1754	1753	1753	1753	1754	1754	1753	1753	1753	1753	1753	1753	1753	1753	1753	1753	1753	1753	1753	1754	1753	1754	1753	1753	1753	1753	1753	1753	1753	1753	1753	1753	1753	1753	1753	1753	1753	1753	1753	1753	1753	1753	1753	1753	1753	1753	1753	1753	1754	1753	1753	1754	1753	1754	1753	1753	1754	1753	1753	1752	1753	1753	1753	1753	1753	1753	1753	1753	1753	1753	1753	1753	1754	1753	1753	1754	1753	1753	1754	1752	1754	1753	1753	1753	1753	1753	1752	1753	1753	1754	1752	1752	1753	1753	1753	1753	1753	1753	1754	1753	1753	1753
3522	725907	1754	1754	1754	1754	1753	1754	1754	1754	1754	1754	1755	1754	1754	1754	1754	1754	1754	1755	1754	1753	1754	1754	1754	1754	1753	1754	1753	1754	1754	1753	1754	1754	1754	1753	1753	1754	1754	1753	1753	1753	1753	1754	1754	1753	1754	1753	1754	1753	1754	1754	1753	1753	1754	1753	1753	1753	1753	1753	1754	1754	1754	1754	1754	1755	1754	1754	1754	1754	1754	1754	1754	1754	1754	1754	1754	1754	1754	1754	1754	1754	1754	1753	1753	1754	1754	1754	1754	1754	1754	1754	1755	1754	1754	1754	1754	1754	1754	1754	1754	1754	1754	1754	1753	1753	1754	1753	1754	1753	1754	1753	1754	1754	1753	1754	1754	1753	1753	1753	1754	1754	1753	1754	1753	1754	1754	1754	1753	1753
3523	726400	1754	1755	1755	1754	1754	1754	1754	1755	1754	1755	1755	1755	1755	1755	1755	1755	1754	1755	1755	1754	1755	1754	1755	1755	1754	1754	1754	1754	1754	1754	1754	1755	1754	1754	1754	1754	1754	1754	1754	1754	1753	1754	1754	1754	1754	1754	1754	1754	1754	1754	1754	1755	1754	1754	1754	1754	1755	1754	1754	1755	1755	1755	1755	1754	1755	1754	1755	1754	1755	1755	1754	1754	1754	1754	1755	1754	1755	1754	1755	1754	1754	1755	1755	1755	1754	1754	1754	1754	1755	1754	1754	1754	1754	1754	1754	1754	1755	1753	1754	1754	1754	1754	1754	1755	1754	1754	1754	1754	1754	1754	1755	1754	1754	1755	1754	1754	1754	1754	1755	1754	1754	1753	1754	1754	1754	1754	1754	1753
3524	726892	1755	1755	1755	1755	1755	1755	1755	1755	1756	1755	1756	1755	1755	1756	1755	1755	1755	1755	1755	1755	1755	1755	1756	1756	1755	1755	1756	1755	1755	1755	1755	1754	1755	1755	1755	1754	1754	1755	1755	1755	1755	1755	1755	1754	1755	1755	1754	1755	1754	1755	1754	1754	1755	1755	1755	1755	1754	1754	1754	1755	1754	1753	1754	1754	1754	1754	1754	1755	1754	1755	1755	1754	1755	1755	1755	1755	1755	1756	1755	1755	1756	1754	1753	1755	1755	1755	1755	1755	1755	1754	1754	1755	1755	1755	1755	1755	1755	1755	1756	1755	1755	1755	1755	1755	1754	1755	1755	1755	1755	1755	1754	1754	1754	1754	1755	1755	1755	1754	1755	1754	1754	1755	1755	1754	1754	1755	1755	1755
3525	727384	1756	1755	1755	1755	1755	1756	1755	1756	1756	1756	1755	1756	1756	1756	1756	1756	1755	1756	1755	1756	1756	1756	1756	1755	1756	1755	1754	1755	1755	1755	1755	1755	1755	1755	1755	1755	1755	1755	1755	1756	1755	1755	1755	1756	1756	1755	1755	1755	1755	1755	1755	1755	1754	1755	1756	1755	1755	1754	1755	1755	1755	1755	1754	1755	1755	1755	1755	1754	1754	1755	1755	1755	1754	1755	1754	1754	1754	1754	1754	1754	1755	1754	1754	1754	1754	1755	1755	1754	1755	1755	1754	1754	1753	1754	1754	1755	1755	1755	1755	1755	1756	1755	1755	1755	1754	1755	1755	1755	1755	1755	1755	1755	1755	1755	1755	1755	1755	1754	1755	1755	1755	1755	1755	1755	1755	1756	1755	1756
3526	727876	1756	1755	1755	1755	1755	1755	1755	1755	1755	1755	1756	1756	1756	1756	1756	1756	1756	1756	1755	1755	1755	1755	1756	1755	1756	1755	1756	1756	1755	1756	1755	1756	1755	1756	1756	1756	1756	1756	1755	1756	1756	1756	1756	1755	1756	1756	1756	1756	1756	1755	1755	1756	1756	1756	1756	1756	1755	1755	1756	1755	1755	1756	1755	1755	1755	1755	1755	1755	1755	1755	1756	1756	1755	1756	1755	1755	1755	1755	1755	1755	1755	1756	1756	1756	1756	1756	1756	1756	1756	1756	1756	1756	1756	1755	1756	1756	1756	1756	1756	1756	1756	1756	1756	1756	1757	1756	1756	1756	1756	1756	1756	1756	1756	1756	1756	1756	1756	1756	1756	1756	1756	1756	1756	1756	1756	1756	1756	1756
3527	728369	1756	1756	1756	1756	1756	1756	1756	1756	1756	1756	1756	1757	1756	1756	1756	1757	1757	1757	1757	1757	1757	1757	1756	1757	1757	1757	1757	1757	1757	1756	1757	1756	1757	1756	1756	1756	1757	1757	1756	1756	1756	1757	1756	1757	1756	1757	1757	1757	1757	1756	1756	1756	1756	1755	1756	1756	1756	1756	1756	1756	1756	1756	1756	1756	1756	1756	1756	1756	1755	1755	1756	1755	1755	1756	1756	1756	1756	1756	1756	1756	1756	1756	1755	1756	1755	1756	1756	1756	1756	1756	1756	1756	1756	1756	1756	1756	1757	1756	1756	1757	1756	1756	1756	1757	1757	1756	1757	1757	1756	1757	1757	1756	1756	1756	1756	1757	1756	1757	1756	1756	1757	1756	1757	1756	1757	1756	1756	1756
3528	728861	1757	1757	1757	1757	1757	1757	1757	1757	1756	1756	1756	1756	1756	1756	1756	1756	1756	1757	1757	1756	1757	1757	1756	1757	1756	1757	1756	1756	1756	1756	1756	1757	1756	1756	1757	1757	1757	1757	1756	1757	1757	1757	1757	1757	1757	1756	1757	1757	1757	1758	1758	1757	1757	1757	1757	1757	1758	1757	1757	1757	1757	1757	1757	1757	1757	1757	1756	1757	1757	1756	1756	1756	1757	1757	1757	1757	1757	1757	1757	1757	1757	1756	1757	1757	1756	1756	1756	1756	1757	1757	1757	1757	1756	1757	1757	1757	1756	1757	1757	1757	1757	1757	1756	1756	1756	1756	1756	1757	1756	1756	1756	1757	1757	1757	1757	1756	1756	1756	1756	1756	1757	1757	1757	1757	1756	1757	1757	1757
3529	729353	1758	1758	1758	1757	1757	1758	1758	1758	1757	1758	1758	1757	1758	1757	1758	1758	1757	1758	1757	1758	1757	1757	1757	1758	1758	1757	1757	1757	1757	1757	1757	1758	1757	1757	1757	1757	1757	1757	1756	1757	1756	1757	1757	1757	1757	1757	1757	1757	1757	1757	1757	1757	1757	1757	1757	1757	1757	1756	1757	1756	1756	1756	1757	1756	1757	1756	1757	1758	1757	1757	1757	1757	1758	1757	1757	1757	1757	1757	1757	1757	1758	1757	1757	1757	1757	1757	1757	1757	1758	1757	1757	1757	1757	1757	1757	1756	1757	1757	1757	1756	1757	1757	1757	1757	1756	1757	1757	1758	1757	1757	1757	1757	1757	1757	1757	1757	1757	1757	1757	1757	1758	1757	1758	1757	1756	1757	1757	1756
3530	729846	1757	1757	1757	1757	1757	1757	1757	1758	1757	1757	1758	1757	1758	1757	1757	1758	1757	1758	1757	1758	1757	1757	1758	1758	1758	1758	1758	1759	1758	1758	1758	1758	1758	1758	1758	1758	1758	1758	1758	1758	1758	1758	1758	1758	1758	1758	1758	1757	1758	1758	1758	1757	1758	1758	1758	1757	1758	1758	1756	1757	1757	1758	1757	1758	1758	1757	1758	1757	1758	1758	1757	1758	1758	1758	1757	1757	1758	1758	1758	1758	1757	1758	1757	1758	1758	1757	1758	1758	1758	1759	1758	1758	1758	1758	1757	1757	1757	1758	1758	1758	1758	1758	1758	1758	1758	1759	1758	1758	1758	1758	1758	1758	1758	1758	1758	1758	1758	1758	1758	1757	1757	1758	1758	1758	1757	1758	1758	1756
3531	730338	1758	1758	1758	1759	1759	1758	1758	1758	1758	1758	1758	1758	1758	1758	1758	1758	1758	1758	1758	1759	1758	1758	1758	1758	1758	1758	1757	1758	1758	1758	1758	1758	1758	1759	1758	1758	1759	1759	1759	1759	1758	1758	1758	1759	1758	1758	1758	1758	1758	1759	1758	1758	1758	1758	1758	1758	1758	1758	1758	1758	1757	1758	1758	1759	1758	1758	1758	1759	1758	1759	1759	1758	1758	1758	1758	1758	1758	1758	1759	1758	1758	1758	1758	1759	1758	1759	1758	1759	1759	1758	1759	1758	1758	1759	1759	1759	1759	1759	1758	1758	1758	1758	1758	1759	1759	1759	1758	1758	1759	1759	1759	1758	1759	1758	1758	1758	1759	1759	1758	1758	1758	1759	1758	1758	1759	1758	1758	1758
3532	730830	1759	1759	1758	1758	1759	1759	1759	1759	1758	1758	1758	1758	1759	1758	1758	1758	1758	1758	1758	1760	1758	1758	1759	1758	1758	1758	1759	1759	1758	1759	1758	1759	1759	1759	1759	1759	1759	1759	1759	1759	1759	1759	1759	1758	1758	1759	1759	1760	1759	1760	1760	1759	1759	1760	1759	1759	1759	1759	1759	1760	1758	1759	1759	1758	1759	1757	1759	1759	1759	1759	1759	1759	1759	1759	1758	1758	1759	1758	1759	1759	1759	1758	1758	1758	1758	1758	1758	1758	1758	1758	1758	1758	1758	1758	1758	1758	1759	1758	1760	1758	1758	1759	1758	1757	1759	1758	1759	1759	1759	1758	1759	1759	1759	1758	1759	1758	1758	1757	1758	1758	1758	1758	1759	1759	1759	1759	1758	1757
3533	731323	1761	1759	1760	1760	1760	1760	1760	1760	1760	1760	1759	1760	1759	1760	1760	1760	1759	1759	1760	1759	1759	1759	1759	1760	1760	1759	1759	1759	1759	1760	1760	1760	1760	1760	1760	1760	1759	1758	1760	1759	1759	1759	1759	1759	1759	1759	1759	1758	1759	1759	1759	1760	1758	1760	1758	1759	1759	1758	1759	1759	1760	1760	1760	1760	1760	1759	1760	1760	1760	1759	1759	1760	1759	1759	1759	1760	1759	1760	1760	1760	1760	1760	1761	1760	1760	1760	1760	1760	1760	1760	1759	1760	1760	1759	1759	1760	1759	1760	1757	1759	1759	1759	1759	1759	1759	1759	1759	1760	1759	1759	1759	1760	1759	1758	1759	1759	1759	1759	1759	1758	1759	1759	1759	1759	1759	1759	1759	1759
3534	731815	1760	1760	1760	1760	1760	1760	1760	1759	1760	1760	1760	1760	1760	1760	1760	1760	1760	1760	1760	1760	1760	1760	1760	1760	1760	1759	1760	1759	1760	1759	1759	1759	1759	1760	1759	1759	1759	1760	1760	1759	1760	1759	1759	1760	1760	1760	1759	1759	1759	1759	1760	1759	1759	1760	1759	1760	1759	1759	1759	1760	1760	1760	1760	1760	1760	1760	1760	1760	1760	1759	1760	1760	1760	1760	1760	1760	1760	1760	1760	1760	1760	1760	1760	1760	1760	1760	1761	1761	1761	1760	1760	1760	1760	1760	1760	1760	1760	1760	1760	1760	1760	1760	1760	1760	1760	1760	1760	1760	1760	1760	1760	1759	1760	1760	1759	1760	1759	1760	1760	1760	1760	1759	1759	1760	1760	1759	1759	1759
3535	732307	1761	1760	1760	1760	1760	1761	1760	1760	1760	1760	1760	1760	1760	1760	1760	1760	1760	1760	1760	1760	1759	1759	1760	1760	1760	1760	1760	1760	1760	1760	1759	1760	1761	1760	1760	1760	1760	1760	1760	1760	1760	1760	1761	1760	1760	1760	1761	1760	1760	1760	1760	1759	1760	1759	1760	1760	1760	1760	1760	1760	1759	1760	1760	1760	1760	1760	1760	1759	1760	1760	1760	1760	1759	1760	1759	1760	1760	1760	1760	1759	1760	1760	1760	1759	1760	1760	1760	1759	1759	1760	1760	1760	1760	1760	1760	1760	1760	1760	1760	1760	1760	1760	1761	1760	1760	1760	1760	1760	1760	1760	1760	1759	1760	1759	1759	1759	1759	1760	1760	1759	1760	1760	1760	1759	1760	1760	1760	1760
3536	732800	1760	1760	1760	1760	1761	1760	1761	1760	1761	1761	1761	1761	1761	1761	1760	1760	1761	1761	1761	1761	1761	1761	1761	1761	1761	1761	1761	1761	1761	1760	1760	1761	1760	1761	1761	1761	1761	1761	1761	1761	1761	1761	1760	1761	1761	1761	1761	1761	1761	1761	1761	1761	1760	1761	1760	1760	1760	1760	1761	1760	1760	1761	1760	1761	1761	1760	1761	1761	1760	1760	1761	1761	1760	1761	1760	1761	1761	1760	1760	1761	1761	1760	1760	1760	1760	1761	1760	1760	1760	1760	1760	1760	1760	1760	1760	1760	1760	1761	1760	1760	1760	1760	1760	1760	1760	1760	1760	1760	1760	1761	1760	1760	1760	1760	1760	1760	1760	1761	1760	1761	1760	1760	1761	1761	1761	1760	1761	1761
3537	733292	1761	1762	1761	1761	1761	1761	1760	1760	1761	1761	1761	1761	1761	1761	1761	1761	1761	1761	1761	1761	1761	1761	1762	1761	1761	1761	1761	1762	1762	1761	1762	1761	1761	1761	1761	1761	1761	1761	1761	1761	1761	1761	1762	1761	1761	1762	1761	1761	1761	1762	1761	1761	1761	1761	1761	1761	1760	1761	1761	1761	1760	1761	1761	1760	1760	1761	1761	1761	1761	1761	1761	1761	1761	1761	1761	1761	1761	1761	1760	1761	1760	1761	1760	1761	1760	1760	1761	1760	1761	1760	1760	1761	1761	1760	1761	1760	1761	1760	1761	1761	1761	1761	1761	1761	1761	1761	1762	1761	1761	1761	1761	1762	1761	1761	1761	1761	1761	1761	1761	1761	1761	1761	1761	1761	1762	1761	1761	1761
3538	733784	1761	1762	1761	1761	1761	1761	1761	1761	1762	1761	1761	1761	1762	1761	1761	1762	1762	1762	1762	1762	1761	1762	1761	1762	1761	1762	1762	1763	1763	1762	1763	1763	1763	1763	1763	1762	1763	1762	1763	1760	1762	1762	1763	1762	1762	1762	1762	1762	1762	1762	1762	1762	1761	1762	1762	1762	1762	1762	1762	1761	1762	1762	1762	1761	1762	1761	1761	1761	1761	1761	1762	1761	1762	1761	1762	1761	1762	1760	1761	1761	1761	1761	1762	1761	1761	1762	1761	1762	1761	1762	1762	1761	1761	1761	1761	1762	1761	1762	1761	1761	1761	1761	1761	1761	1761	1761	1761	1761	1761	1761	1762	1761	1761	1761	1761	1763	1761	1761	1761	1762	1761	1762	1761	1761	1762	1761	1762	1761
3539	734276	1762	1762	1762	1762	1763	1761	1762	1762	1762	1762	1762	1761	1762	1762	1762	1762	1762	1762	1762	1762	1761	1762	1762	1762	1762	1762	1762	1762	1762	1762	1762	1762	1762	1763	1763	1762	1762	1762	1762	1762	1762	1762	1762	1763	1762	1763	1763	1763	1763	1763	1763	1762	1761	1763	1762	1762	1762	1762	1762	1762	1763	1763	1762	1763	1763	1763	1763	1762	1762	1762	1762	1763	1762	1762	1762	1762	1762	1762	1762	1762	1762	1763	1762	1763	1762	1762	1762	1762	1762	1762	1762	1762	1763	1762	1762	1762	1762	1763	1763	1762	1762	1762	1763	1762	1763	1762	1762	1762	1762	1762	1762	1763	1762	1762	1762	1762	1762	1761	1762	1762	1762	1762	1762	1762	1762	1762	1762	1762
3540	734769	1763	1763	1763	1763	1763	1763	1763	1763	1763	1763	1763	1762	1762	1762	1763	1763	1762	1762	1763	1763	1763	1763	1763	1763	1763	1763	1763	1763	1763	1763	1763	1763	1763	1763	1763	1762	1763	1763	1762	1762	1762	1762	1763	1762	1762	1762	1763	1762	1763	1763	1763	1762	1762	1763	1762	1762	1763	1762	1763	1763	1763	1763	1762	1761	1762	1762	1762	1762	1762	1763	1762	1763	1762	1762	1762	1763	1763	1762	1763	1762	1763	1763	1763	1763	1762	1763	1763	1762	1763	1763	1763	1762	1763	1762	1763	1763	1762	1763	1762	1763	1763	1763	1763	1764	1763	1763	1762	1763	1763	1763	1763	1763	1763	1763	1763	1763	1763	1763	1763	1763	1763	1763	1763	1763	1762	1761	1762	1763
3541	735261	1763	1763	1763	1763	1762	1763	1763	1763	1763	1762	1763	1763	1763	1763	1763	1763	1763	1763	1762	1763	1763	1763	1763	1763	1762	1763	1764	1763	1764	1763	1763	1763	1763	1763	1764	1763	1763	1765	1763	1763	1763	1763	1763	1763	1763	1763	1763	1763	1763	1763	1763	1763	1763	1763	1764	1763	1762	1764	1763	1764	1763	1762	1763	1763	1763	1763	1763	1763	1762	1763	1763	1763	1763	1763	1763	1763	1763	1763	1764	1763	1763	1763	1763	1763	1764	1764	1763	1763	1763	1763	1763	1763	1763	1763	1765	1763	1764	1763	1763	1763	1763	1764	1763	1763	1763	1763	1763	1763	1763	1763	1762	1763	1763	1763	1763	1763	1763	1763	1763	1763	1763	1764	1763	1763	1763	1763	1763	1763
3542	735753	1764	1764	1764	1764	1764	1765	1764	1764	1764	1764	1764	1764	1764	1764	1764	1763	1763	1764	1764	1764	1764	1763	1764	1763	1763	1763	1763	1763	1763	1763	1763	1763	1763	1763	1763	1763	1763	1763	1764	1764	1764	1763	1762	1764	1763	1763	1763	1763	1763	1763	1763	1763	1763	1763	1763	1763	1763	1764	1763	1763	1764	1763	1763	1763	1763	1764	1763	1764	1763	1764	1763	1764	1764	1763	1764	1764	1764	1764	1764	1765	1764	1764	1765	1763	1764	1764	1764	1764	1764	1764	1764	1764	1763	1764	1763	1763	1763	1764	1764	1764	1764	1764	1763	1763	1763	1763	1763	1763	1763	1762	1763	1763	1764	1764	1763	1763	1763	1763	1764	1764	1763	1763	1763	1763	1763	1764	1763	1763
3543	736246	1764	1763	1764	1764	1764	1764	1764	1764	1765	1764	1764	1763	1764	1764	1764	1764	1764	1764	1764	1764	1764	1764	1764	1764	1763	1764	1764	1764	1764	1763	1764	1766	1764	1764	1765	1764	1764	1764	1764	1765	1764	1764	1765	1765	1765	1764	1764	1765	1764	1765	1764	1765	1765	1765	1765	1764	1765	1765	1765	1765	1765	1765	1765	1764	1765	1765	1765	1765	1765	1765	1765	1764	1764	1764	1764	1764	1764	1764	1764	1764	1764	1764	1764	1764	1765	1764	1764	1764	1764	1764	1764	1764	1764	1764	1764	1765	1764	1764	1764	1764	1764	1763	1764	1764	1764	1764	1763	1764	1763	1764	1765	1765	1764	1765	1765	1765	1765	1764	1764	1765	1765	1764	1764	1764	1764	1764	1764	1764
3544	736738	1764	1764	1764	1764	1764	1764	1764	1764	1764	1764	1764	1764	1764	1764	1764	1765	1765	1765	1765	1765	1764	1765	1765	1764	1764	1764	1764	1765	1764	1764	1764	1765	1765	1765	1765	1765	1765	1765	1765	1765	1765	1765	1766	1764	1765	1765	1765	1765	1765	1764	1766	1764	1766	1765	1765	1765	1764	1764	1765	1764	1765	1765	1765	1765	1764	1766	1765	1765	1764	1764	1765	1764	1765	1764	1765	1764	1765	1765	1764	1765	1764	1765	1765	1765	1764	1763	1764	1764	1765	1765	1764	1765	1764	1765	1765	1764	1765	1764	1765	1765	1764	1765	1765	1765	1765	1765	1764	1764	1765	1764	1765	1765	1764	1765	1765	1765	1765	1765	1764	1765	1765	1765	1764	1766	1765	1765	1764	1764
3545	737230	1766	1765	1765	1765	1766	1765	1766	1766	1765	1766	1766	1765	1766	1765	1766	1766	1766	1765	1765	1766	1765	1766	1765	1764	1765	1765	1765	1766	1765	1766	1765	1766	1765	1765	1766	1765	1766	1766	1765	1765	1765	1765	1764	1766	1765	1765	1765	1766	1765	1765	1766	1766	1765	1766	1765	1765	1765	1765	1765	1765	1765	1765	1765	1765	1765	1765	1765	1765	1765	1765	1766	1765	1765	1765	1765	1766	1765	1766	1765	1766	1766	1765	1766	1765	1765	1766	1765	1765	1765	1766	1766	1765	1765	1765	1765	1765	1765	1765	1765	1765	1766	1765	1766	1765	1765	1765	1766	1766	1765	1766	1765	1765	1765	1765	1765	1765	1765	1765	1764	1765	1765	1765	1765	1765	1764	1765	1765	1764
3546	737723	1766	1766	1766	1766	1766	1766	1766	1766	1766	1767	1766	1766	1767	1766	1766	1766	1766	1766	1766	1766	1766	1766	1765	1766	1766	1766	1766	1766	1766	1766	1766	1766	1766	1766	1766	1765	1766	1765	1766	1766	1764	1765	1765	1766	1765	1766	1766	1765	1765	1765	1766	1765	1765	1766	1765	1765	1766	1765	1766	1765	1766	1765	1766	1766	1765	1766	1766	1766	1766	1765	1766	1765	1766	1766	1765	1765	1765	1766	1765	1766	1766	1766	1766	1766	1766	1765	1766	1766	1766	1766	1766	1766	1766	1765	1766	1765	1766	1766	1765	1766	1765	1765	1766	1765	1765	1765	1765	1766	1765	1765	1766	1765	1765	1765	1765	1766	1766	1765	1765	1765	1765	1765	1765	1765	1765	1765	1765	1765
3547	738215	1767	1766	1766	1766	1766	1766	1767	1766	1766	1766	1767	1766	1766	1766	1766	1767	1766	1766	1766	1767	1767	1766	1766	1766	1766	1767	1766	1767	1766	1766	1766	1766	1766	1766	1766	1766	1767	1766	1766	1767	1766	1766	1766	1766	1767	1766	1766	1766	1766	1766	1766	1766	1765	1766	1766	1766	1766	1766	1766	1766	1766	1766	1766	1766	1766	1766	1766	1766	1766	1766	1766	1766	1767	1766	1767	1766	1766	1766	1766	1766	1765	1766	1766	1766	1767	1767	1766	1767	1767	1767	1766	1766	1766	1766	1766	1766	1767	1766	1765	1766	1766	1765	1766	1766	1766	1766	1766	1766	1766	1766	1766	1766	1766	1766	1766	1765	1766	1766	1766	1766	1765	1766	1766	1766	1766	1766	1766	1765
3548	738707	1766	1766	1766	1766	1766	1766	1766	1767	1766	1767	1767	1766	1767	1766	1767	1767	1766	1767	1767	1767	1766	1766	1767	1766	1766	1767	1767	1766	1767	1767	1766	1767	1767	1766	1767	1766	1767	1767	1767	1767	1767	1767	1767	1768	1766	1766	1767	1766	1767	1767	1767	1767	1767	1767	1768	1767	1766	1767	1767	1767	1767	1767	1766	1767	1767	1767	1766	1766	1767	1767	1766	1766	1766	1767	1767	1766	1766	1766	1766	1767	1767	1767	1766	1766	1766	1766	1766	1767	1766	1766	1766	1766	1766	1766	1766	1766	1766	1766	1767	1766	1767	1767	1767	1766	1766	1767	1766	1767	1767	1766	1767	1767	1767	1766	1767	1767	1767	1767	1767	1767	1766	1767	1767	1766	1767	1767	1768	1767
3549	739200	1767	1767	1767	1767	1768	1767	1767	1767	1767	1767	1768	1768	1767	1768	1767	1767	1768	1767	1768	1768	1768	1767	1767	1767	1767	1767	1767	1766	1767	1767	1767	1766	1767	1767	1767	1768	1767	1767	1767	1767	1767	1767	1766	1767	1767	1767	1767	1766	1766	1766	1766	1767	1766	1767	1766	1766	1766	1766	1766	1766	1766	1767	1766	1767	1767	1767	1767	1767	1767	1767	1766	1767	1767	1767	1767	1766	1767	1767	1768	1767	1767	1767	1767	1767	1767	1767	1766	1767	1767	1767	1767	1767	1768	1768	1767	1768	1767	1767	1768	1767	1767	1767	1767	1767	1766	1767	1767	1767	1768	1767	1767	1767	1767	1768	1767	1767	1767	1767	1767	1767	1767	1767	1766	1767	1767	1767	1767	1766
3550	739692	1767	1768	1767	1767	1768	1767	1768	1768	1767	1768	1767	1768	1767	1767	1767	1767	1767	1767	1767	1767	1768	1767	1768	1768	1767	1767	1767	1768	1768	1767	1768	1768	1767	1768	1767	1768	1767	1767	1768	1767	1768	1767	1768	1768	1767	1768	1767	1768	1768	1767	1768	1767	1768	1768	1768	1768	1768	1767	1768	1768	1768	1768	1768	1767	1767	1768	1767	1768	1767	1768	1767	1767	1768	1768	1768	1767	1768	1767	1767	1768	1767	1767	1768	1767	1768	1767	1767	1767	1767	1768	1767	1767	1768	1768	1768	1768	1768	1768	1767	1768	1768	1768	1768	1767	1768	1767	1767	1768	1767	1767	1768	1767	1768	1767	1768	1768	1768	1767	1767	1767	1767	1767	1768	1767	1768	1768	1767	1768
3551	740184	1768	1768	1768	1767	1767	1768	1768	1768	1767	1768	1768	1767	1768	1767	1767	1768	1768	1768	1768	1767	1768	1768	1768	1768	1768	1768	1768	1768	1768	1768	1768	1767	1768	1768	1768	1768	1768	1768	1768	1767	1768	1769	1768	1768	1769	1768	1768	1769	1768	1768	1768	1768	1768	1768	1768	1768	1768	1768	1769	1768	1767	1768	1768	1768	1768	1767	1768	1768	1768	1769	1768	1768	1768	1768	1768	1768	1767	1767	1768	1767	1767	1768	1768	1767	1767	1767	1767	1767	1768	1767	1768	1767	1767	1767	1768	1767	1766	1767	1767	1768	1767	1767	1768	1768	1768	1767	1767	1768	1768	1768	1768	1767	1767	1768	1768	1769	1768	1768	1768	1768	1768	1768	1768	1768	1768	1768	1768	1768
3552	740676	1769	1768	1769	1768	1768	1768	1768	1769	1768	1768	1768	1768	1768	1769	1768	1769	1769	1769	1769	1769	1769	1769	1768	1768	1768	1769	1768	1769	1769	1768	1768	1768	1768	1768	1768	1768	1768	1768	1768	1768	1768	1769	1768	1768	1769	1768	1769	1768	1768	1769	1768	1769	1768	1769	1768	1768	1769	1768	1769	1768	1768	1769	1768	1769	1769	1768	1768	1768	1769	1769	1769	1769	1769	1769	1769	1769	1769	1770	1769	1768	1769	1768	1769	1769	1768	1769	1768	1769	1769	1770	1769	1768	1769	1769	1769	1769	1768	1769	1768	1769	1769	1768	1769	1769	1769	1769	1768	1768	1769	1769	1768	1769	1769	1768	1769	1768	1768	1769	1769	1769	1769	1769	1769	1768	1768	1768	1769	1769
3553	741169	1769	1768	1769	1769	1769	1768	1768	1769	1768	1769	1768	1768	1768	1768	1771	1769	1768	1769	1769	1769	1768	1768	1768	1768	1769	1769	1769	1769	1769	1769	1769	1769	1769	1769	1769	1769	1769	1769	1769	1769	1768	1769	1769	1770	1770	1769	1769	1769	1769	1769	1768	1769	1770	1769	1770	1769	1769	1769	1770	1769	1769	1770	1770	1770	1769	1769	1769	1769	1768	1769	1769	1768	1768	1769	1768	1769	1769	1769	1769	1769	1769	1769	1769	1769	1769	1769	1769	1769	1769	1769	1769	1769	1769	1770	1769	1769	1769	1768	1769	1769	1769	1769	1769	1769	1769	1769	1770	1769	1769	1769	1769	1769	1769	1769	1770	1769	1769	1769	1769	1769	1770	1769	1770	1769	1769	1769	1769	1770
3554	741661	1770	1770	1770	1770	1770	1770	1770	1770	1770	1771	1770	1770	1770	1770	1770	1770	1770	1771	1770	1770	1770	1770	1770	1770	1770	1770	1770	1770	1769	1770	1770	1770	1769	1771	1770	1769	1769	1770	1769	1769	1769	1769	1769	1769	1769	1769	1769	1768	1769	1769	1769	1769	1768	1769	1769	1769	1769	1769	1769	1769	1769	1769	1769	1768	1769	1769	1769	1769	1769	1769	1769	1769	1769	1769	1770	1770	1769	1770	1770	1769	1769	1769	1770	1770	1769	1770	1769	1770	1770	1769	1771	1770	1770	1770	1770	1770	1769	1770	1770	1770	1769	1770	1770	1770	1770	1770	1769	1770	1769	1769	1768	1769	1769	1770	1770	1770	1769	1769	1769	1770	1770	1769	1769	1770	1770	1769	1769	1769
3555	742153	1770	1770	1770	1771	1771	1770	1771	1771	1770	1771	1771	1770	1770	1770	1771	1770	1770	1770	1770	1771	1771	1770	1770	1770	1770	1770	1769	1770	1770	1770	1770	1769	1770	1769	1770	1770	1770	1770	1770	1770	1770	1769	1770	1770	1770	1769	1770	1770	1769	1771	1770	1770	1770	1770	1770	1770	1770	1770	1770	1770	1770	1770	1771	1770	1770	1770	1771	1770	1770	1770	1770	1769	1770	1770	1770	1770	1770	1770	1770	1770	1770	1771	1770	1771	1770	1769	1771	1771	1771	1770	1770	1771	1771	1771	1771	1770	1770	1771	1770	1770	1770	1770	1770	1771	1770	1770	1770	1770	1770	1770	1770	1770	1771	1770	1770	1770	1770	1770	1770	1770	1770	1770	1770	1770	1770	1769	1770	1769
3556	742646	1770	1770	1770	1771	1770	1771	1770	1770	1771	1771	1770	1771	1771	1771	1770	1770	1771	1770	1771	1771	1771	1771	1771	1770	1771	1770	1770	1771	1770	1771	1771	1770	1770	1771	1771	1770	1770	1770	1770	1771	1771	1771	1771	1770	1771	1771	1771	1771	1771	1770	1771	1771	1771	1770	1771	1771	1770	1771	1770	1770	1770	1771	1770	1770	1770	1770	1770	1770	1771	1771	1771	1770	1771	1770	1770	1770	1769	1770	1771	1770	1771	1771	1771	1771	1770	1771	1771	1770	1771	1770	1770	1770	1770	1771	1770	1770	1771	1771	1771	1771	1771	1771	1771	1771	1771	1771	1770	1771	1771	1771	1771	1771	1771	1771	1771	1771	1770	1771	1769	1771	1771	1770	1771	1771	1771	1771	1771	1771
3557	743138	1772	1771	1771	1771	1771	1771	1770	1771	1770	1770	1771	1770	1771	1771	1771	1771	1771	1771	1771	1771	1771	1770	1772	1771	1771	1771	1771	1771	1771	1771	1772	1772	1772	1771	1771	1771	1770	1772	1771	1771	1771	1771	1771	1771	1772	1772	1772	1771	1771	1772	1771	1772	1772	1771	1772	1771	1772	1772	1771	1771	1771	1772	1771	1771	1772	1771	1772	1770	1771	1771	1771	1771	1771	1772	1771	1771	1772	1771	1771	1771	1771	1770	1771	1770	1771	1771	1771	1771	1771	1771	1771	1771	1770	1771	1771	1771	1771	1771	1771	1771	1771	1772	1771	1771	1772	1771	1772	1772	1772	1772	1771	1771	1771	1771	1771	1771	1771	1771	1772	1771	1771	1772	1771	1772	1771	1771	1771	1771
3558	743630	1771	1771	1771	1771	1771	1771	1772	1772	1771	1772	1772	1772	1772	1772	1772	1772	1772	1771	1772	1772	1772	1773	1772	1772	1771	1772	1772	1771	1772	1772	1772	1772	1772	1772	1772	1773	1773	1772	1772	1772	1772	1772	1772	1772	1771	1771	1771	1771	1771	1772	1771	1771	1772	1772	1772	1771	1772	1771	1771	1771	1771	1771	1771	1771	1772	1772	1772	1772	1772	1772	1772	1772	1772	1771	1772	1772	1771	1771	1771	1772	1772	1771	1771	1771	1771	1772	1771	1771	1772	1771	1772	1772	1771	1772	1771	1772	1771	1771	1771	1771	1772	1771	1771	1771	1771	1771	1770	1771	1771	1772	1771	1771	1771	1772	1771	1772	1772	1771	1771	1772	1771	1771	1771	1771	1772	1771	1772	1772
3559	744123	1773	1773	1772	1772	1772	1773	1772	1773	1772	1772	1773	1772	1772	1773	1772	1773	1772	1772	1772	1772	1772	1771	1772	1772	1772	1772	1771	1771	1771	1771	1772	1771	1771	1771	1772	1772	1771	1771	1772	1771	1772	1771	1771	1772	1772	1772	1772	1772	1772	1772	1772	1772	1772	1772	1772	1772	1772	1772	1772	1772	1772	1772	1772	1772	1773	1772	1773	1773	1773	1773	1772	1773	1773	1773	1772	1772	1773	1773	1772	1773	1772	1772	1772	1772	1772	1772	1772	1772	1773	1772	1772	1773	1773	1772	1772	1772	1772	1772	1772	1772	1772	1772	1772	1772	1772	1772	1772	1772	1772	1772	1771	1772	1772	1772	1772	1772	1772	1772	1772	1772	1772	1772	1772	1772	1772	1772	1772	1771
3560	744615	1772	1773	1773	1773	1772	1773	1773	1773	1772	1773	1773	1773	1773	1773	1772	1773	1772	1773	1773	1773	1773	1774	1773	1772	1773	1772	1773	1773	1773	1773	1772	1772	1772	1772	1772	1772	1773	1773	1772	1773	1772	1772	1772	1772	1772	1772	1772	1772	1772	1773	1773	1773	1772	1773	1772	1772	1773	1772	1772	1772	1772	1772	1772	1773	1772	1773	1773	1773	1772	1772	1773	1773	1773	1772	1773	1773	1773	1773	1773	1773	1773	1774	1773	1773	1773	1773	1772	1773	1773	1772	1773	1773	1773	1773	1773	1773	1773	1773	1773	1773	1774	1773	1772	1773	1773	1772	1773	1773	1772	1773	1772	1773	1773	1772	1773	1773	1772	1772	1772	1772	1773	1772	1772	1772	1773	1773	1772	1772
3561	745107	1772	1773	1772	1773	1773	1772	1773	1772	1773	1773	1772	1772	1772	1772	1772	1773	1773	1772	1772	1773	1773	1773	1773	1772	1773	1773	1773	1773	1773	1773	1773	1774	1773	1773	1773	1774	1774	1774	1773	1773	1773	1774	1773	1773	1773	1773	1773	1773	1773	1773	1773	1773	1772	1773	1773	1773	1773	1773	1773	1773	1773	1773	1773	1772	1772	1772	1772	1772	1773	1772	1773	1773	1772	1773	1773	1773	1773	1773	1773	1773	1773	1773	1773	1772	1773	1773	1773	1773	1773	1774	1774	1773	1773	1773	1774	1773	1773	1774	1774	1774	1773	1773	1774	1774	1774	1773	1774	1774	1774	1774	1773	1773	1773	1774	1774	1773	1774	1773	1773	1773	1773	1772	1772	1773	1773	1773	1773	1772
3562	745600	1773	1773	1774	1774	1774	1774	1774	1774	1772	1774	1774	1774	1774	1773	1773	1773	1773	1773	1774	1774	1773	1774	1773	1773	1774	1774	1775	1774	1773	1774	1774	1774	1774	1774	1773	1773	1773	1774	1773	1773	1773	1772	1774	1774	1774	1773	1775	1774	1773	1773	1774	1774	1773	1773	1773	1773	1772	1773	1773	1773	1773	1773	1773	1773	1773	1772	1772	1773	1773	1773	1773	1773	1773	1774	1774	1773	1774	1774	1774	1774	1774	1773	1774	1774	1773	1773	1773	1774	1774	1773	1774	1774	1774	1773	1774	1773	1774	1774	1774	1774	1774	1774	1774	1774	1774	1774	1773	1774	1774	1774	1773	1773	1773	1773	1773	1773	1773	1773	1773	1774	1774	1774	1773	1773	1774	1773	1774	1773
3563	746092	1774	1773	1774	1773	1774	1773	1774	1774	1773	1774	1774	1774	1773	1774	1773	1773	1773	1774	1774	1774	1773	1774	1774	1774	1774	1775	1774	1774	1774	1774	1774	1774	1774	1774	1774	1774	1774	1774	1774	1774	1774	1775	1774	1774	1774	1774	1775	1774	1774	1774	1774	1774	1774	1774	1774	1774	1774	1774	1775	1774	1774	1774	1774	1775	1774	1774	1774	1774	1774	1774	1774	1774	1774	1774	1774	1774	1774	1774	1774	1774	1774	1774	1774	1774	1773	1773	1774	1774	1773	1773	1774	1774	1774	1774	1774	1773	1774	1775	1775	1775	1774	1774	1775	1774	1774	1774	1774	1774	1774	1774	1774	1774	1775	1774	1774	1775	1774	1775	1775	1774	1774	1774	1774	1774	1774	1774	1774	1774
3564	746584	1774	1775	1775	1775	1775	1774	1775	1775	1776	1776	1775	1775	1775	1775	1775	1775	1775	1775	1775	1776	1775	1775	1774	1775	1775	1775	1775	1775	1774	1775	1775	1775	1775	1775	1775	1775	1775	1775	1775	1775	1775	1776	1775	1775	1775	1775	1775	1774	1775	1775	1775	1774	1775	1774	1775	1774	1774	1774	1774	1774	1774	1773	1774	1774	1774	1774	1774	1774	1774	1774	1774	1774	1774	1774	1773	1774	1774	1774	1774	1773	1774	1774	1774	1774	1775	1775	1775	1774	1774	1775	1775	1774	1775	1775	1775	1774	1775	1775	1776	1775	1774	1774	1775	1775	1775	1775	1774	1775	1774	1775	1775	1775	1775	1775	1775	1775	1775	1774	1774	1774	1774	1774	1774	1774	1775	1774	1774	1774
3565	747076	1775	1775	1775	1775	1775	1775	1775	1775	1774	1774	1774	1775	1775	1775	1775	1775	1775	1775	1775	1775	1775	1775	1775	1775	1775	1774	1774	1775	1775	1774	1774	1775	1774	1774	1775	1774	1774	1775	1774	1776	1774	1775	1775	1775	1775	1775	1775	1775	1775	1775	1775	1775	1775	1775	1776	1776	1775	1775	1776	1776	1776	1776	1776	1776	1775	1775	1775	1775	1775	1775	1775	1775	1775	1775	1776	1776	1775	1775	1775	1775	1775	1775	1775	1775	1775	1775	1776	1775	1775	1775	1775	1775	1775	1775	1775	1775	1775	1775	1775	1775	1775	1775	1775	1775	1775	1775	1775	1775	1775	1775	1774	1776	1775	1775	1775	1776	1775	1775	1775	1775	1775	1775	1775	1775	1775	1775	1775	1775
3566	747569	1775	1775	1775	1775	1775	1776	1775	1775	1775	1776	1776	1775	1776	1776	1775	1776	1776	1776	1776	1776	1776	1775	1776	1775	1775	1775	1775	1775	1775	1775	1775	1775	1775	1775	1775	1775	1776	1776	1775	1775	1775	1775	1775	1775	1775	1775	1776	1775	1775	1775	1775	1775	1775	1775	1775	1775	1776	1774	1775	1775	1775	1776	1776	1776	1776	1775	1776	1776	1776	1776	1775	1775	1776	1775	1776	1775	1775	1775	1775	1775	1776	1776	1776	1776	1776	1776	1775	1776	1776	1776	1776	1776	1776	1776	1776	1775	1776	1776	1776	1776	1776	1776	1776	1776	1776	1776	1776	1775	1776	1775	1775	1775	1775	1776	1776	1775	1775	1775	1776	1775	1776	1775	1776	1776	1775	1775	1775	1775
3567	748061	1776	1777	1776	1776	1776	1776	1776	1776	1775	1776	1774	1776	1775	1776	1776	1776	1776	1776	1776	1776	1776	1776	1776	1776	1776	1776	1776	1776	1776	1777	1776	1776	1776	1776	1776	1776	1776	1776	1776	1776	1777	1776	1776	1777	1776	1777	1776	1776	1776	1776	1776	1776	1776	1776	1776	1776	1775	1776	1775	1776	1776	1776	1776	1776	1776	1776	1776	1776	1776	1776	1776	1776	1776	1776	1776	1776	1776	1776	1776	1776	1776	1776	1775	1776	1775	1775	1775	1776	1776	1776	1776	1776	1775	1776	1776	1776	1776	1776	1776	1776	1776	1776	1776	1776	1776	1775	1776	1777	1776	1776	1775	1776	1776	1776	1777	1776	1776	1776	1776	1776	1776	1776	1776	1776	1777	1775	1775	1775
3568	748553	1777	1777	1777	1777	1777	1777	1777	1776	1776	1776	1777	1777	1777	1776	1776	1776	1777	1777	1776	1777	1776	1776	1776	1776	1776	1776	1776	1776	1777	1776	1776	1776	1776	1776	1776	1776	1776	1776	1776	1776	1776	1776	1777	1777	1776	1776	1777	1776	1777	1777	1777	1776	1777	1777	1776	1776	1776	1776	1776	1776	1776	1776	1776	1776	1777	1776	1776	1777	1777	1777	1777	1777	1777	1776	1776	1776	1776	1777	1776	1776	1776	1776	1776	1776	1776	1776	1776	1776	1776	1776	1776	1776	1776	1776	1776	1776	1776	1776	1776	1776	1776	1775	1776	1776	1776	1776	1776	1776	1776	1776	1776	1776	1776	1776	1776	1776	1776	1777	1777	1777	1777	1777	1777	1776	1776	1777	1777	1777
3569	749046	1777	1777	1777	1777	1777	1777	1776	1777	1777	1777	1778	1777	1777	1777	1777	1777	1777	1778	1777	1776	1777	1777	1777	1776	1777	1776	1777	1776	1777	1777	1777	1776	1777	1777	1776	1777	1777	1777	1777	1777	1777	1777	1777	1777	1777	1777	1777	1776	1777	1777	1776	1777	1776	1776	1777	1777	1777	1777	1777	1777	1777	1777	1777	1777	1777	1777	1777	1777	1777	1777	1776	1776	1776	1777	1777	1777	1777	1777	1776	1776	1776	1776	1776	1776	1776	1776	1776	1777	1777	1776	1777	1776	1776	1776	1776	1777	1777	1776	1777	1776	1777	1776	1777	1777	1777	1777	1777	1778	1777	1777	1777	1777	1777	1777	1777	1777	1777	1777	1777	1777	1777	1777	1777	1777	1777	1777	1776	1777
3570	749538	1778	1778	1778	1778	1778	1777	1778	1777	1778	1777	1778	1778	1777	1777	1777	1778	1778	1777	1777	1777	1778	1778	1778	1777	1778	1778	1777	1778	1778	1777	1778	1777	1778	1778	1777	1778	1778	1778	1777	1777	1777	1778	1777	1777	1777	1777	1777	1777	1777	1777	1777	1778	1778	1778	1778	1778	1778	1778	1778	1778	1778	1778	1776	1777	1777	1777	1777	1777	1777	1777	1777	1777	1777	1777	1777	1777	1777	1777	1777	1777	1777	1776	1777	1777	1777	1777	1777	1776	1777	1777	1778	1777	1777	1777	1777	1777	1777	1777	1777	1777	1776	1777	1777	1778	1777	1777	1777	1777	1778	1778	1777	1778	1777	1778	1778	1778	1778	1777	1778	1777	1777	1777	1777	1777	1777	1777	1777	1777
3571	750030	1777	1777	1777	1777	1777	1778	1777	1778	1777	1778	1778	1777	1778	1777	1777	1777	1778	1777	1777	1778	1778	1778	1778	1777	1778	1778	1777	1778	1779	1778	1778	1778	1779	1778	1778	1778	1778	1778	1778	1778	1778	1778	1778	1778	1777	1778	1778	1777	1778	1778	1778	1778	1778	1778	1778	1778	1777	1778	1777	1778	1778	1778	1778	1777	1778	1778	1777	1778	1778	1778	1778	1778	1777	1778	1778	1777	1778	1777	1777	1778	1778	1778	1778	1778	1778	1778	1778	1779	1778	1778	1778	1778	1778	1778	1777	1777	1777	1778	1778	1778	1779	1777	1777	1778	1779	1779	1778	1778	1779	1778	1778	1779	1779	1778	1778	1778	1778	1778	1778	1777	1778	1777	1777	1777	1778	1777	1778	1778
3572	750523	1778	1778	1779	1778	1778	1778	1778	1779	1778	1779	1779	1779	1778	1778	1778	1779	1778	1778	1778	1779	1778	1779	1779	1778	1778	1778	1779	1779	1779	1779	1778	1778	1779	1778	1778	1779	1779	1779	1779	1779	1779	1779	1779	1779	1779	1778	1779	1778	1779	1778	1779	1779	1778	1779	1779	1779	1779	1778	1779	1778	1778	1778	1778	1778	1778	1778	1778	1778	1778	1779	1778	1778	1778	1778	1778	1778	1779	1778	1778	1778	1778	1778	1778	1778	1778	1778	1778	1778	1777	1778	1778	1778	1778	1777	1779	1778	1778	1778	1778	1778	1779	1779	1779	1779	1779	1779	1779	1779	1779	1779	1779	1778	1778	1778	1778	1779	1778	1778	1778	1778	1778	1779	1778	1778	1779	1779	1779	1778
3573	751015	1779	1779	1779	1779	1779	1779	1779	1779	1779	1779	1779	1779	1779	1779	1779	1779	1779	1779	1779	1779	1779	1778	1779	1779	1778	1778	1778	1779	1779	1779	1779	1779	1779	1779	1779	1779	1779	1779	1778	1778	1779	1778	1778	1778	1779	1779	1778	1779	1778	1778	1779	1779	1779	1779	1778	1779	1779	1779	1779	1779	1778	1779	1779	1778	1778	1779	1779	1779	1779	1779	1779	1779	1779	1778	1779	1779	1779	1779	1779	1780	1780	1779	1779	1779	1779	1779	1779	1780	1779	1779	1779	1779	1779	1779	1779	1780	1779	1779	1779	1779	1780	1780	1779	1779	1779	1780	1779	1780	1780	1780	1779	1779	1779	1779	1779	1779	1779	1779	1779	1779	1779	1779	1779	1779	1779	1779	1780	1779
3574	751507	1779	1780	1779	1779	1780	1780	1780	1780	1780	1780	1780	1781	1780	1780	1780	1780	1781	1779	1780	1780	1779	1780	1780	1780	1780	1779	1779	1780	1779	1779	1779	1779	1779	1779	1779	1780	1780	1780	1780	1779	1779	1779	1779	1779	1779	1780	1779	1779	1779	1779	1780	1779	1779	1779	1779	1779	1779	1779	1779	1779	1779	1779	1780	1779	1779	1779	1779	1779	1779	1779	1779	1779	1779	1779	1780	1779	1779	1779	1779	1779	1779	1779	1779	1779	1779	1779	1780	1779	1779	1780	1779	1780	1779	1779	1780	1781	1779	1779	1780	1780	1779	1779	1779	1779	1780	1780	1780	1780	1780	1780	1779	1780	1779	1779	1780	1779	1779	1780	1779	1780	1779	1779	1779	1779	1779	1779	1779	1779
3575	752000	1779	1780	1780	1780	1780	1780	1780	1779	1780	1780	1779	1780	1780	1780	1780	1780	1780	1779	1780	1780	1780	1780	1780	1780	1780	1780	1780	1780	1780	1780	1780	1780	1780	1780	1780	1780	1780	1780	1780	1780	1780	1779	1780	1780	1780	1781	1780	1780	1780	1780	1781	1779	1780	1781	1780	1781	1780	1780	1780	1780	1780	1780	1780	1780	1780	1779	1780	1781	1780	1780	1780	1780	1780	1780	1781	1780	1780	1780	1780	1780	1780	1779	1779	1780	1780	1780	1780	1779	1780	1780	1780	1779	1780	1780	1780	1780	1779	1780	1780	1780	1780	1780	1780	1780	1780	1780	1780	1779	1779	1779	1780	1779	1780	1779	1779	1779	1780	1780	1780	1780	1780	1780	1780	1780	1780	1780	1780	1780
3576	752492	1780	1780	1781	1780	1780	1780	1780	1781	1781	1780	1781	1780	1780	1781	1780	1780	1780	1781	1781	1780	1781	1781	1780	1780	1781	1781	1780	1780	1780	1780	1780	1780	1781	1780	1780	1781	1781	1781	1781	1781	1781	1781	1781	1780	1780	1781	1780	1781	1780	1780	1780	1780	1780	1780	1780	1780	1780	1780	1780	1780	1780	1780	1781	1780	1781	1781	1781	1780	1780	1781	1780	1781	1782	1781	1781	1781	1781	1780	1780	1781	1781	1780	1781	1781	1781	1781	1781	1781	1781	1781	1781	1781	1781	1781	1781	1781	1781	1781	1780	1781	1781	1781	1781	1781	1780	1781	1780	1781	1781	1781	1781	1780	1780	1781	1781	1781	1781	1780	1780	1780	1781	1780	1780	1779	1780	1780	1780	1780
3577	752984	1780	1780	1781	1781	1781	1781	1781	1781	1781	1781	1781	1781	1780	1780	1781	1781	1780	1781	1780	1781	1781	1781	1781	1781	1781	1781	1781	1780	1780	1780	1781	1781	1781	1780	1781	1781	1781	1781	1781	1780	1781	1781	1780	1782	1781	1781	1782	1781	1781	1781	1781	1781	1780	1781	1781	1781	1781	1780	1780	1781	1781	1782	1781	1780	1781	1781	1781	1781	1781	1782	1781	1782	1780	1782	1781	1781	1781	1781	1780	1781	1781	1781	1781	1781	1780	1781	1780	1781	1781	1781	1781	1781	1781	1781	1781	1781	1781	1781	1781	1781	1781	1781	1781	1781	1780	1782	1781	1781	1781	1781	1781	1781	1781	1781	1781	1782	1781	1781	1782	1781	1782	1781	1782	1781	1781	1781	1781	1781
3578	753476	1781	1781	1781	1781	1782	1781	1781	1781	1782	1781	1782	1782	1781	1781	1781	1780	1781	1782	1781	1781	1781	1782	1782	1781	1781	1781	1782	1782	1781	1781	1781	1781	1782	1781	1782	1781	1781	1781	1781	1782	1780	1781	1781	1781	1781	1781	1782	1782	1781	1782	1782	1781	1782	1782	1782	1782	1782	1781	1782	1782	1781	1782	1781	1782	1782	1781	1781	1782	1782	1782	1782	1782	1782	1782	1782	1783	1782	1782	1782	1782	1782	1782	1782	1782	1781	1782	1782	1781	1781	1781	1781	1781	1782	1781	1781	1781	1781	1781	1782	1782	1782	1782	1782	1781	1782	1781	1781	1782	1781	1782	1781	1781	1782	1781	1782	1780	1781	1781	1781	1781	1781	1781	1780	1780	1781	1780	1781	1782
3579	753969	1783	1781	1783	1782	1782	1782	1782	1783	1782	1783	1783	1782	1782	1783	1782	1782	1782	1783	1782	1782	1782	1782	1783	1782	1782	1783	1782	1782	1782	1783	1782	1782	1782	1782	1782	1782	1782	1782	1782	1783	1782	1782	1782	1782	1782	1781	1782	1782	1781	1783	1782	1781	1782	1782	1782	1782	1781	1782	1782	1781	1781	1782	1781	1781	1782	1781	1781	1781	1780	1781	1781	1782	1782	1782	1781	1781	1782	1782	1782	1782	1782	1782	1782	1782	1782	1782	1782	1782	1783	1782	1782	1783	1783	1783	1782	1782	1782	1782	1783	1782	1783	1782	1782	1783	1783	1783	1782	1782	1782	1783	1783	1783	1782	1783	1782	1782	1782	1782	1781	1782	1782	1781	1782	1781	1781	1780	1782	1781
3580	754461	1782	1782	1783	1783	1783	1783	1782	1783	1783	1784	1783	1783	1783	1783	1783	1783	1783	1782	1782	1782	1782	1782	1782	1783	1782	1783	1782	1783	1782	1783	1782	1783	1782	1783	1783	1783	1782	1782	1782	1782	1783	1782	1782	1783	1782	1782	1782	1783	1783	1783	1782	1782	1783	1783	1782	1783	1783	1783	1782	1783	1783	1783	1783	1782	1782	1782	1782	1782	1782	1783	1782	1783	1783	1782	1783	1783	1783	1783	1783	1783	1783	1783	1782	1783	1782	1783	1783	1783	1783	1782	1783	1783	1782	1782	1782	1782	1782	1782	1782	1782	1782	1782	1782	1783	1783	1783	1783	1782	1782	1783	1782	1783	1782	1782	1782	1782	1782	1782	1784	1782	1782	1782	1782	1783	1782	1782	1782	1782
3581	754953	1782	1782	1783	1783	1782	1782	1782	1782	1782	1782	1782	1782	1782	1782	1783	1782	1783	1783	1783	1783	1783	1783	1783	1783	1783	1783	1783	1783	1783	1783	1783	1783	1783	1783	1783	1783	1784	1783	1783	1783	1783	1783	1783	1783	1783	1783	1783	1783	1783	1783	1784	1783	1783	1783	1783	1783	1783	1783	1783	1783	1783	1783	1783	1783	1783	1782	1783	1783	1783	1783	1783	1783	1783	1783	1784	1784	1783	1783	1784	1784	1782	1783	1783	1782	1783	1782	1783	1782	1782	1782	1782	1782	1783	1782	1783	1782	1782	1782	1782	1783	1783	1783	1783	1784	1784	1782	1783	1784	1783	1783	1783	1782	1782	1782	1783	1783	1783	1783	1784	1783	1783	1783	1783	1783	1783	1783	1783	1783
3582	755446	1783	1784	1783	1783	1784	1783	1783	1783	1783	1783	1783	1783	1784	1783	1783	1784	1782	1784	1784	1783	1784	1784	1783	1784	1784	1784	1783	1783	1783	1784	1784	1783	1784	1784	1784	1783	1783	1784	1783	1783	1783	1783	1784	1783	1783	1784	1783	1782	1783	1783	1783	1783	1783	1784	1783	1782	1782	1782	1784	1783	1783	1783	1783	1783	1783	1783	1783	1783	1783	1782	1783	1783	1783	1784	1783	1783	1783	1783	1784	1784	1783	1783	1783	1783	1783	1783	1783	1783	1784	1783	1784	1784	1785	1784	1784	1784	1784	1784	1785	1784	1784	1784	1784	1785	1784	1784	1784	1784	1784	1784	1784	1784	1784	1784	1784	1784	1784	1784	1784	1784	1784	1784	1783	1783	1783	1784	1783	1783
3583	755938	1784	1784	1784	1784	1784	1784	1784	1784	1784	1784	1783	1783	1784	1783	1783	1784	1784	1784	1784	1784	1783	1784	1784	1784	1784	1784	1784	1784	1784	1784	1784	1784	1784	1785	1783	1784	1784	1784	1785	1784	1784	1784	1784	1785	1785	1784	1784	1784	1784	1784	1784	1785	1784	1783	1784	1785	1784	1784	1784	1784	1783	1784	1784	1784	1784	1784	1784	1784	1784	1784	1784	1784	1784	1784	1784	1784	1784	1784	1783	1784	1784	1784	1784	1783	1784	1783	1783	1783	1783	1784	1784	1784	1784	1784	1784	1785	1784	1784	1785	1784	1784	1784	1784	1784	1784	1784	1784	1784	1784	1784	1784	1783	1784	1785	1784	1785	1784	1785	1784	1784	1785	1784	1784	1784	1784	1784	1784	1784
3584	756430	1784	1784	1784	1784	1784	1784	1784	1785	1784	1784	1785	1784	1785	1784	1784	1784	1784	1784	1784	1784	1784	1784	1784	1784	1784	1785	1784	1785	1784	1785	1784	1784	1784	1785	1785	1785	1784	1785	1784	1785	1784	1785	1784	1784	1784	1784	1784	1784	1784	1785	1784	1784	1784	1785	1784	1784	1783	1784	1784	1784	1784	1784	1784	1785	1784	1784	1784	1784	1784	1784	1784	1784	1784	1784	1784	1784	1784	1784	1784	1784	1784	1784	1784	1784	1784	1784	1784	1784	1784	1784	1784	1784	1784	1784	1784	1784	1784	1783	1784	1784	1784	1784	1785	1784	1784	1784	1784	1784	1784	1784	1784	1784	1784	1784	1784	1785	1784	1784	1784	1784	1784	1784	1784	1784	1784	1784	1784	1784
3585	756923	1785	1785	1785	1785	1784	1785	1785	1784	1785	1785	1785	1785	1784	1784	1784	1785	1785	1785	1785	1785	1785	1785	1785	1785	1785	1785	1785	1785	1785	1785	1785	1785	1784	1784	1785	1785	1785	1785	1785	1785	1784	1785	1785	1785	1785	1785	1785	1785	1785	1785	1785	1785	1785	1785	1785	1784	1785	1785	1785	1785	1785	1785	1784	1785	1786	1785	1785	1785	1785	1785	1784	1785	1784	1785	1785	1784	1785	1784	1785	1785	1785	1785	1785	1785	1784	1784	1785	1785	1784	1784	1785	1784	1784	1784	1784	1784	1784	1784	1784	1784	1784	1784	1784	1784	1784	1784	1785	1784	1784	1784	1784	1785	1784	1785	1784	1784	1784	1785	1785	1784	1785	1785	1785	1783	1785	1785	1785	1785
3586	757415	1786	1786	1786	1786	1785	1786	1786	1786	1785	1786	1786	1786	1786	1786	1785	1786	1786	1786	1786	1785	1785	1785	1785	1785	1785	1785	1785	1786	1785	1785	1785	1785	1785	1785	1784	1785	1785	1785	1785	1785	1785	1784	1785	1785	1785	1785	1785	1785	1785	1785	1785	1785	1785	1785	1785	1785	1785	1785	1785	1785	1785	1785	1785	1785	1785	1786	1785	1785	1785	1785	1786	1785	1785	1785	1785	1785	1785	1785	1785	1785	1785	1785	1785	1785	1786	1785	1785	1785	1786	1786	1787	1786	1786	1786	1785	1786	1786	1786	1785	1786	1785	1785	1785	1785	1785	1785	1785	1785	1785	1785	1785	1786	1785	1785	1785	1785	1785	1785	1785	1785	1785	1785	1785	1785	1785	1785	1785	1785
3587	757907	1786	1786	1786	1786	1786	1785	1785	1785	1786	1785	1785	1786	1786	1785	1786	1785	1786	1785	1785	1785	1785	1786	1785	1786	1786	1785	1785	1786	1785	1786	1785	1785	1786	1785	1786	1785	1785	1785	1785	1786	1786	1786	1786	1786	1786	1786	1786	1786	1786	1786	1786	1786	1786	1786	1786	1786	1786	1786	1786	1786	1786	1786	1786	1786	1786	1786	1786	1786	1786	1786	1786	1786	1786	1786	1786	1786	1786	1786	1785	1785	1785	1785	1785	1785	1785	1785	1785	1785	1786	1786	1786	1785	1785	1786	1786	1786	1785	1785	1785	1786	1785	1786	1786	1785	1786	1786	1786	1786	1785	1786	1786	1786	1786	1786	1786	1786	1786	1786	1785	1787	1788	1786	1786	1786	1786	1787	1787	1787
3588	758400	1786	1787	1787	1787	1787	1787	1787	1787	1786	1788	1787	1787	1787	1787	1787	1786	1786	1786	1786	1786	1786	1786	1786	1786	1786	1785	1785	1787	1786	1786	1786	1786	1786	1786	1786	1786	1786	1786	1786	1786	1785	1787	1786	1786	1787	1786	1786	1785	1785	1786	1786	1786	1786	1786	1786	1786	1786	1786	1786	1787	1787	1787	1787	1787	1786	1786	1787	1786	1787	1786	1787	1786	1787	1787	1786	1786	1786	1786	1786	1787	1787	1787	1787	1787	1786	1787	1787	1787	1787	1786	1786	1786	1786	1786	1786	1786	1786	1786	1786	1787	1786	1786	1786	1786	1787	1786	1786	1787	1785	1786	1786	1786	1786	1786	1786	1786	1786	1786	1786	1786	1785	1785	1786	1786	1786	1786	1786	1786
3589	758892	1787	1787	1787	1787	1787	1787	1787	1787	1787	1787	1787	1787	1787	1787	1787	1787	1787	1787	1787	1787	1787	1787	1787	1788	1787	1786	1787	1787	1787	1787	1787	1787	1787	1787	1787	1787	1786	1787	1787	1787	1786	1787	1787	1787	1787	1786	1787	1786	1787	1787	1787	1787	1787	1786	1787	1787	1786	1786	1787	1787	1786	1786	1787	1787	1787	1786	1787	1786	1786	1786	1786	1787	1787	1786	1786	1787	1787	1788	1787	1787	1787	1787	1787	1787	1786	1787	1788	1787	1787	1787	1788	1788	1788	1787	1788	1787	1787	1787	1787	1787	1787	1787	1787	1787	1787	1787	1786	1787	1787	1787	1787	1787	1787	1787	1788	1787	1788	1787	1787	1788	1787	1788	1788	1787	1787	1786	1787	1786
3590	759384	1787	1787	1787	1787	1787	1787	1788	1787	1788	1788	1788	1787	1788	1788	1787	1787	1787	1787	1787	1787	1788	1787	1788	1789	1788	1788	1788	1788	1788	1787	1788	1788	1789	1788	1788	1788	1788	1788	1788	1787	1788	1787	1787	1788	1788	1787	1787	1787	1788	1787	1787	1788	1788	1788	1787	1788	1787	1787	1787	1788	1787	1787	1787	1787	1788	1787	1787	1787	1787	1788	1787	1787	1788	1787	1787	1786	1786	1786	1786	1787	1788	1787	1787	1788	1787	1788	1788	1788	1788	1787	1788	1787	1787	1787	1788	1788	1788	1787	1787	1787	1788	1788	1787	1788	1787	1788	1788	1787	1788	1787	1788	1788	1788	1788	1788	1788	1788	1787	1787	1788	1787	1788	1786	1787	1787	1787	1787	1787
3591	759876	1788	1788	1788	1788	1788	1788	1788	1788	1788	1788	1788	1788	1787	1788	1788	1788	1788	1788	1788	1788	1788	1788	1789	1789	1789	1789	1789	1789	1789	1788	1789	1788	1788	1789	1787	1788	1789	1788	1788	1788	1788	1788	1789	1789	1788	1788	1788	1788	1788	1788	1789	1788	1788	1788	1788	1788	1788	1788	1788	1788	1788	1788	1788	1788	1788	1788	1788	1788	1788	1786	1788	1787	1788	1788	1788	1788	1788	1788	1788	1788	1789	1788	1788	1788	1789	1788	1788	1789	1788	1788	1788	1788	1788	1788	1788	1788	1788	1788	1787	1788	1788	1788	1788	1788	1788	1787	1788	1789	1787	1787	1787	1787	1788	1787	1787	1787	1788	1787	1787	1788	1788	1788	1788	1787	1788	1788	1787	1787
3592	760369	1788	1788	1788	1788	1789	1788	1788	1788	1788	1788	1788	1789	1788	1788	1788	1789	1788	1788	1789	1789	1790	1788	1788	1788	1790	1788	1788	1788	1788	1788	1789	1788	1788	1788	1788	1789	1787	1788	1788	1787	1788	1788	1787	1788	1788	1789	1788	1788	1788	1788	1788	1788	1788	1788	1789	1788	1788	1788	1788	1788	1788	1788	1788	1787	1788	1788	1789	1788	1789	1789	1788	1789	1789	1789	1789	1788	1788	1789	1789	1789	1788	1789	1789	1788	1788	1788	1788	1788	1788	1788	1788	1788	1788	1788	1788	1788	1788	1788	1789	1788	1788	1788	1788	1788	1788	1788	1788	1788	1787	1788	1789	1787	1788	1789	1788	1788	1788	1788	1789	1788	1788	1787	1788	1788	1788	1788	1789	1788
3593	760861	1789	1789	1789	1790	1789	1788	1789	1789	1790	1789	1789	1790	1789	1789	1789	1789	1789	1789	1790	1789	1789	1788	1789	1789	1788	1789	1788	1789	1789	1789	1789	1789	1789	1789	1789	1789	1788	1788	1789	1788	1789	1788	1789	1791	1789	1789	1788	1789	1789	1789	1789	1788	1788	1788	1789	1788	1789	1789	1789	1789	1789	1789	1788	1788	1789	1789	1789	1789	1789	1789	1789	1789	1789	1789	1789	1789	1788	1789	1788	1789	1789	1789	1789	1789	1789	1789	1789	1789	1788	1789	1789	1789	1789	1789	1789	1788	1788	1789	1788	1789	1788	1788	1789	1788	1788	1789	1789	1789	1789	1789	1789	1789	1789	1789	1789	1788	1789	1789	1789	1788	1789	1788	1789	1788	1788	1789	1789	1789
3594	761353	1789	1789	1789	1789	1789	1789	1789	1788	1789	1789	1789	1789	1789	1789	1789	1789	1788	1789	1789	1790	1789	1789	1789	1789	1789	1789	1789	1789	1788	1789	1788	1788	1789	1788	1789	1789	1789	1788	1788	1788	1788	1789	1789	1789	1789	1789	1788	1789	1789	1789	1789	1789	1789	1789	1789	1789	1789	1789	1788	1790	1789	1789	1790	1790	1790	1790	1791	1790	1789	1790	1790	1790	1789	1789	1790	1789	1789	1790	1789	1789	1789	1789	1789	1789	1789	1789	1790	1789	1789	1789	1789	1789	1789	1789	1789	1789	1789	1788	1788	1788	1789	1789	1788	1789	1788	1789	1789	1789	1789	1789	1789	1789	1788	1789	1788	1789	1789	1788	1789	1789	1789	1789	1789	1789	1789	1789	1789	1788
3595	761846	1789	1789	1789	1789	1789	1789	1790	1790	1789	1789	1790	1790	1790	1790	1790	1789	1790	1790	1790	1791	1790	1791	1790	1792	1791	1790	1791	1790	1791	1791	1791	1791	1790	1791	1791	1790	1792	1790	1791	1792	1791	1790	1791	1790	1791	1791	1790	1790	1790	1790	1791	1790	1790	1790	1790	1790	1790	1790	1790	1790	1790	1790	1790	1790	1790	1790	1790	1790	1790	1789	1790	1790	1789	1789	1789	1789	1789	1789	1790	1789	1789	1790	1790	1790	1790	1792	1790	1790	1790	1789	1790	1789	1790	1790	1789	1789	1790	1791	1791	1791	1791	1791	1790	1791	1791	1791	1791	1790	1791	1791	1790	1790	1791	1791	1791	1790	1790	1790	1790	1790	1790	1789	1790	1790	1790	1789	1790	1790
3596	762338	1790	1790	1790	1790	1790	1790	1791	1790	1790	1790	1790	1790	1790	1790	1789	1790	1790	1790	1790	1790	1790	1790	1790	1790	1791	1790	1790	1790	1789	1790	1790	1790	1791	1790	1791	1790	1790	1790	1791	1790	1790	1791	1790	1790	1790	1790	1791	1790	1791	1790	1790	1791	1790	1791	1790	1790	1790	1790	1791	1791	1792	1791	1790	1792	1791	1790	1791	1790	1790	1790	1791	1790	1790	1790	1789	1790	1789	1790	1790	1789	1790	1790	1790	1790	1789	1790	1789	1790	1789	1789	1789	1790	1790	1790	1790	1790	1789	1790	1790	1790	1790	1789	1790	1789	1790	1790	1791	1791	1791	1791	1790	1791	1791	1791	1792	1791	1790	1790	1790	1791	1790	1790	1790	1790	1791	1790	1790	1792
3597	762830	1791	1792	1792	1791	1792	1792	1791	1792	1792	1791	1791	1792	1792	1792	1790	1791	1791	1791	1792	1791	1791	1792	1792	1791	1792	1792	1791	1792	1791	1792	1792	1792	1792	1792	1791	1792	1791	1792	1791	1792	1791	1791	1792	1791	1791	1791	1791	1791	1790	1791	1791	1791	1791	1790	1791	1791	1791	1790	1790	1791	1791	1791	1791	1791	1790	1792	1792	1790	1790	1790	1790	1791	1790	1791	1790	1791	1790	1791	1790	1791	1792	1791	1791	1792	1792	1792	1792	1791	1792	1791	1792	1791	1791	1790	1791	1791	1792	1791	1790	1792	1790	1791	1791	1790	1791	1790	1792	1791	1791	1792	1791	1792	1791	1791	1790	1791	1792	1790	1791	1790	1790	1790	1790	1790	1790	1792	1792	1790
3598	763323	1792	1792	1791	1791	1791	1791	1792	1792	1792	1792	1792	1792	1792	1791	1792	1792	1791	1790	1791	1792	1792	1791	1792	1792	1792	1792	1791	1792	1792	1791	1792	1791	1792	1792	1792	1792	1792	1792	1792	1791	1793	1792	1792	1792	1792	1792	1792	1792	1792	1792	1792	1791	1792	1792	1792	1792	1792	1792	1792	1792	1792	1792	1792	1791	1792	1792	1791	1792	1792	1792	1792	1791	1791	1791	1792	1791	1792	1792	1792	1792	1791	1792	1792	1792	1790	1791	1791	1792	1791	1792	1790	1792	1792	1791	1791	1790	1792	1792	1791	1792	1791	1792	1792	1791	1791	1791	1792	1791	1791	1792	1792	1791	1791	1792	1791	1792	1792	1791	1792	1792	1791	1792	1791	1792	1792	1792	1792	1792
3599	763815	1792	1792	1792	1792	1792	1792	1792	1792	1792	1792	1792	1792	1792	1792	1792	1792	1792	1792	1791	1792	1792	1792	1792	1792	1792	1792	1792	1791	1792	1792	1792	1792	1792	1791	1792	1792	1792	1792	1791	1792	1792	1792	1792	1792	1792	1792	1792	1792	1791	1792	1792	1792	1792	1791	1792	1792	1792	1792	1792	1792	1792	1792	1791	1792	1792	1792	1792	1792	1791	1791	1792	1792	1792	1793	1792	1792	1792	1793	1792	1792	1792	1792	1792	1792	1792	1792	1792	1792	1792	1792	1792	1792	1792	1792	1792	1792	1792	1792	1793	1792	1792	1792	1792	1792	1792	1792	1792	1792	1791	1792	1792	1792	1792	1792	1792	1792	1792	1792	1792	1792	1792	1792	1791	1791	1792	1792	1790	1792
3600	764307	1792	1792	1792	1792	1792	1792	1792	1792	1792	1792	1792	1792	1792	1792	1792	1792	1792	1792	1792	1792	1792	1792	1792	1792	1792	1792	1792	1792	1792	1792	1792	1792	1792	1792	1792	1792	1792	1792	1792	1792	1792	1792	1792	1792	1793	1792	1792	1793	1792	1792	1792	1792	1792	1792	1792	1792	1792	1792	1792	1792	1792	1792	1793	1793	1792	1792	1793	1793	1792	1792	1792	1792	1793	1793	1792	1792	1793	1793	1792	1792	1792	1792	1792	1792	1792	1792	1792	1792	1792	1792	1792	1792	1792	1792	1792	1792	1792	1792	1792	1792	1792	1792	1792	1792	1792	1792	1792	1792	1792	1792	1792	1792	1792	1792	1792	1792	1792	1792	1792	1792	1792	1792	1792	1793	1792	1793	1792	1792
3601	764800	1792	1793	1792	1792	1792	1793	1792	1793	1793	1792	1794	1792	1792	1792	1792	1792	1792	1792	1792	1793	1792	1792	1792	1792	1792	1793	1792	1793	1792	1793	1792	1792	1793	1792	1793	1793	1792	1792	1793	1793	1793	1792	1792	1792	1792	1792	1793	1792	1792	1792	1793	1792	1793	1792	1793	1792	1793	1793	1792	1792	1793	1793	1793	1793	1793	1793	1793	1792	1792	1792	1792	1792	1792	1792	1793	1792	1792	1792	1792	1793	1792	1792	1793	1792	1793	1792	1792	1792	1792	1792	1792	1792	1792	1792	1792	1792	1792	1792	1792	1793	1792	1792	1792	1793	1793	1792	1793	1793	1792	1793	1793	1792	1793	1793	1793	1793	1793	1792	1792	1792	1792	1792	1793	1793	1792	1792	1793	1793
3602	765292	1793	1793	1793	1793	1793	1793	1793	1793	1793	1793	1793	1794	1793	1794	1793	1793	1793	1793	1793	1792	1793	1793	1793	1794	1793	1793	1793	1793	1793	1793	1794	1793	1793	1793	1793	1793	1793	1793	1794	1793	1792	1793	1793	1793	1793	1793	1793	1793	1793	1793	1793	1793	1793	1793	1793	1793	1793	1793	1793	1793	1793	1793	1793	1793	1794	1793	1793	1793	1793	1793	1792	1793	1794	1793	1794	1794	1794	1793	1794	1794	1795	1794	1794	1794	1794	1794	1794	1794	1794	1793	1794	1794	1793	1793	1793	1793	1793	1793	1793	1793	1793	1793	1793	1793	1793	1793	1793	1793	1793	1792	1793	1793	1793	1793	1792	1792	1792	1792	1792	1792	1793	1793	1792	1792	1792	1793	1793	1793
3603	765784	1793	1794	1794	1793	1794	1794	1794	1794	1794	1794	1793	1794	1794	1794	1794	1793	1794	1794	1794	1794	1794	1794	1794	1794	1793	1793	1794	1794	1794	1794	1795	1794	1794	1794	1794	1794	1794	1793	1794	1793	1793	1793	1793	1793	1793	1794	1794	1794	1794	1793	1793	1794	1794	1794	1793	1793	1793	1793	1794	1794	1794	1794	1794	1794	1794	1793	1794	1794	1794	1794	1793	1794	1794	1794	1794	1794	1794	1794	1795	1794	1794	1795	1794	1794	1794	1794	1794	1794	1794	1794	1794	1794	1794	1794	1794	1794	1794	1793	1794	1794	1794	1794	1793	1794	1794	1794	1795	1794	1795	1794	1794	1795	1794	1793	1795	1794	1793	1794	1793	1793	1794	1793	1794	1793	1793	1794	1794	1792
3604	766276	1794	1794	1795	1795	1794	1794	1794	1795	1794	1795	1794	1794	1795	1796	1794	1794	1794	1794	1794	1794	1794	1794	1794	1794	1795	1795	1794	1794	1794	1794	1794	1794	1794	1794	1795	1794	1794	1794	1794	1794	1794	1794	1794	1794	1794	1794	1794	1794	1795	1795	1795	1793	1794	1794	1794	1795	1795	1794	1794	1795	1794	1794	1794	1794	1794	1794	1794	1794	1794	1794	1795	1795	1794	1794	1794	1794	1794	1793	1794	1794	1793	1794	1794	1794	1794	1794	1793	1793	1794	1793	1793	1794	1793	1794	1794	1794	1793	1793	1794	1794	1794	1794	1793	1793	1793	1795	1794	1794	1794	1793	1794	1793	1794	1794	1794	1794	1794	1794	1794	1794	1794	1794	1794	1794	1794	1795	1794	1795
3605	766769	1795	1795	1795	1795	1795	1795	1795	1795	1795	1795	1796	1795	1795	1796	1795	1796	1795	1795	1795	1795	1795	1795	1795	1795	1794	1795	1794	1794	1794	1794	1795	1794	1794	1794	1795	1794	1794	1795	1794	1794	1794	1794	1795	1794	1794	1794	1794	1795	1795	1795	1794	1794	1794	1794	1793	1794	1793	1794	1794	1794	1794	1794	1794	1794	1794	1794	1794	1795	1794	1794	1794	1794	1794	1795	1794	1794	1793	1794	1794	1794	1794	1794	1794	1794	1794	1794	1793	1794	1794	1794	1795	1794	1795	1794	1795	1795	1794	1794	1794	1794	1794	1794	1794	1795	1794	1794	1794	1794	1794	1794	1795	1794	1794	1794	1794	1794	1794	1795	1794	1795	1794	1794	1794	1795	1795	1794	1794	1794
3606	767261	1795	1795	1795	1794	1794	1795	1795	1794	1795	1794	1795	1795	1795	1795	1795	1795	1795	1795	1795	1795	1795	1795	1795	1795	1795	1796	1796	1795	1795	1795	1795	1795	1795	1794	1795	1795	1795	1795	1795	1795	1795	1796	1795	1796	1795	1796	1795	1795	1796	1795	1795	1795	1795	1795	1795	1795	1795	1795	1795	1796	1795	1795	1795	1795	1794	1795	1795	1796	1795	1795	1795	1795	1796	1795	1795	1795	1795	1795	1795	1795	1795	1795	1795	1795	1795	1795	1795	1795	1795	1795	1795	1795	1795	1794	1795	1795	1794	1795	1795	1795	1795	1795	1797	1795	1795	1795	1794	1795	1795	1795	1795	1794	1795	1795	1795	1795	1795	1795	1795	1795	1796	1795	1795	1796	1796	1795	1795	1795
3607	767753	1796	1796	1795	1795	1796	1796	1796	1796	1796	1796	1796	1795	1796	1796	1796	1796	1796	1796	1795	1796	1796	1795	1795	1796	1795	1796	1795	1796	1795	1796	1796	1796	1796	1795	1796	1796	1795	1795	1796	1796	1796	1795	1796	1795	1795	1795	1795	1795	1795	1795	1796	1795	1796	1796	1794	1795	1797	1796	1796	1795	1795	1795	1795	1795	1795	1796	1795	1795	1795	1796	1796	1795	1795	1795	1795	1795	1795	1795	1795	1795	1795	1795	1795	1795	1796	1796	1795	1796	1796	1796	1795	1795	1796	1795	1796	1796	1796	1796	1796	1796	1796	1796	1796	1795	1796	1795	1796	1796	1796	1796	1796	1796	1795	1795	1796	1795	1796	1795	1796	1796	1795	1796	1796	1797	1795	1796	1796	1795
3608	768246	1797	1796	1797	1796	1796	1796	1796	1796	1796	1796	1796	1796	1796	1795	1796	1796	1796	1796	1797	1796	1796	1797	1797	1796	1797	1796	1796	1797	1797	1797	1797	1797	1796	1796	1796	1796	1796	1796	1796	1796	1797	1796	1796	1797	1796	1797	1796	1797	1796	1797	1796	1796	1796	1795	1795	1795	1795	1795	1795	1796	1796	1796	1796	1796	1796	1796	1796	1796	1797	1797	1796	1797	1796	1796	1796	1796	1797	1796	1797	1796	1796	1797	1796	1796	1796	1796	1796	1796	1796	1796	1796	1797	1796	1796	1796	1797	1797	1796	1797	1796	1797	1797	1796	1796	1796	1796	1796	1796	1796	1796	1796	1796	1796	1796	1796	1796	1796	1796	1795	1795	1796	1796	1796	1796	1796	1796	1796	1796
3609	768738	1797	1797	1796	1797	1797	1797	1797	1797	1797	1798	1797	1797	1797	1797	1797	1797	1797	1797	1797	1797	1797	1796	1797	1796	1796	1797	1796	1797	1796	1796	1797	1797	1797	1796	1797	1797	1796	1797	1796	1796	1796	1796	1797	1796	1796	1796	1796	1797	1796	1796	1796	1796	1796	1796	1795	1797	1796	1796	1796	1797	1797	1797	1796	1797	1797	1797	1797	1797	1797	1797	1797	1796	1797	1797	1797	1797	1797	1797	1797	1797	1796	1796	1797	1797	1797	1797	1797	1796	1797	1797	1797	1797	1797	1797	1797	1797	1796	1797	1796	1796	1796	1796	1796	1796	1797	1796	1796	1796	1797	1796	1797	1797	1796	1796	1796	1796	1796	1797	1797	1797	1796	1797	1797	1797	1796	1796	1796	1796
3610	769230	1797	1798	1797	1798	1797	1797	1798	1797	1798	1798	1798	1797	1797	1797	1797	1797	1798	1797	1797	1797	1797	1797	1797	1797	1797	1797	1797	1797	1797	1797	1797	1797	1797	1797	1797	1797	1796	1796	1797	1797	1797	1797	1797	1797	1797	1797	1797	1798	1797	1797	1797	1797	1797	1797	1797	1797	1797	1797	1797	1796	1797	1797	1797	1797	1796	1797	1797	1797	1797	1797	1798	1797	1798	1798	1797	1798	1797	1798	1797	1796	1797	1797	1797	1797	1798	1796	1797	1798	1797	1797	1797	1796	1798	1797	1797	1797	1797	1797	1797	1797	1797	1797	1797	1797	1797	1796	1797	1797	1796	1797	1796	1796	1797	1796	1797	1796	1797	1797	1797	1797	1797	1796	1796	1798	1797	1797	1798	1797
3611	769723	1798	1797	1798	1798	1797	1798	1798	1798	1798	1798	1798	1798	1798	1797	1797	1797	1797	1798	1798	1797	1797	1797	1797	1798	1797	1798	1798	1798	1797	1797	1797	1798	1797	1797	1798	1798	1798	1798	1798	1798	1798	1798	1798	1797	1798	1798	1798	1798	1797	1798	1798	1798	1798	1798	1798	1798	1798	1798	1798	1798	1798	1798	1799	1797	1798	1798	1798	1798	1798	1798	1797	1798	1798	1798	1798	1797	1798	1798	1798	1797	1798	1798	1797	1798	1797	1798	1798	1798	1798	1798	1798	1798	1797	1798	1798	1798	1798	1798	1798	1798	1797	1798	1797	1797	1797	1797	1798	1798	1798	1798	1798	1798	1798	1798	1797	1797	1798	1798	1797	1798	1797	1798	1798	1798	1798	1798	1798	1798
3612	770215	1798	1798	1798	1798	1798	1799	1799	1798	1798	1798	1799	1798	1798	1798	1798	1798	1798	1798	1799	1798	1798	1798	1797	1798	1799	1798	1798	1798	1798	1798	1798	1799	1798	1798	1798	1798	1798	1798	1798	1799	1798	1799	1799	1798	1798	1798	1798	1799	1798	1798	1798	1798	1799	1798	1798	1798	1798	1798	1799	1798	1799	1798	1799	1798	1798	1797	1798	1798	1798	1798	1798	1798	1798	1798	1798	1798	1798	1798	1798	1798	1798	1798	1798	1798	1799	1797	1798	1798	1798	1798	1797	1798	1798	1798	1798	1798	1798	1798	1798	1798	1797	1797	1797	1797	1797	1798	1798	1798	1798	1797	1799	1798	1798	1799	1798	1797	1798	1799	1799	1798	1798	1798	1798	1798	1798	1798	1798	1798
3613	770707	1798	1798	1798	1799	1798	1798	1798	1798	1798	1798	1798	1798	1798	1798	1798	1798	1798	1798	1799	1798	1799	1798	1798	1798	1798	1798	1799	1798	1798	1798	1798	1798	1798	1798	1798	1799	1798	1799	1798	1798	1798	1798	1798	1798	1798	1799	1798	1799	1798	1799	1798	1799	1799	1799	1799	1798	1799	1799	1799	1799	1799	1798	1799	1799	1798	1799	1799	1799	1799	1799	1798	1800	1799	1799	1800	1798	1799	1799	1799	1800	1798	1799	1798	1799	1799	1798	1799	1798	1799	1798	1799	1799	1799	1799	1798	1799	1799	1799	1799	1799	1799	1799	1799	1799	1799	1799	1799	1799	1799	1798	1799	1799	1798	1799	1799	1798	1799	1799	1799	1798	1799	1798	1799	1799	1798	1799	1799	1799
3614	771200	1799	1799	1799	1800	1799	1799	1800	1799	1800	1799	1799	1800	1799	1799	1799	1799	1799	1799	1799	1798	1798	1798	1798	1798	1798	1799	1799	1799	1799	1799	1799	1799	1799	1799	1799	1799	1800	1799	1799	1799	1799	1800	1799	1799	1799	1799	1799	1799	1799	1799	1799	1799	1799	1799	1799	1799	1799	1799	1799	1799	1800	1799	1799	1798	1799	1799	1799	1799	1799	1799	1799	1799	1799	1799	1799	1799	1799	1799	1799	1799	1799	1799	1799	1799	1799	1799	1798	1799	1799	1799	1799	1799	1798	1799	1799	1800	1799	1799	1799	1799	1799	1799	1799	1799	1799	1799	1799	1799	1799	1799	1798	1799	1799	1799	1799	1799	1799	1799	1799	1799	1798	1799	1799	1799	1799	1798	1799	1799
3615	771692	1800	1800	1798	1799	1801	1799	1800	1800	1799	1800	1800	1799	1800	1800	1800	1799	1800	1800	1799	1800	1799	1801	1799	1800	1800	1799	1800	1799	1799	1800	1800	1800	1799	1799	1800	1799	1799	1799	1799	1799	1799	1799	1800	1799	1800	1800	1800	1800	1799	1800	1799	1800	1800	1800	1800	1800	1799	1799	1799	1800	1800	1800	1800	1799	1799	1800	1799	1800	1799	1800	1799	1799	1800	1800	1800	1800	1800	1800	1800	1800	1800	1800	1800	1800	1800	1800	1800	1800	1800	1800	1799	1800	1799	1800	1799	1800	1800	1799	1799	1799	1800	1799	1799	1800	1800	1800	1800	1799	1800	1800	1800	1800	1800	1799	1800	1799	1799	1800	1799	1800	1799	1799	1799	1800	1799	1800	1799	1799
3616	772184	1800	1799	1800	1800	1800	1800	1800	1799	1800	1801	1800	1800	1800	1800	1800	1800	1800	1800	1800	1800	1800	1800	1800	1800	1800	1800	1801	1800	1799	1800	1800	1800	1800	1800	1800	1800	1800	1800	1800	1800	1800	1800	1800	1800	1800	1800	1800	1800	1800	1800	1800	1800	1800	1801	1800	1800	1800	1800	1800	1800	1800	1800	1800	1800	1800	1800	1800	1800	1800	1800	1801	1800	1800	1800	1800	1800	1800	1800	1800	1801	1800	1800	1800	1800	1800	1800	1800	1801	1800	1801	1800	1801	1801	1800	1801	1800	1800	1800	1800	1800	1800	1800	1800	1800	1800	1800	1799	1800	1799	1800	1800	1800	1800	1799	1801	1800	1800	1800	1800	1800	1800	1800	1799	1800	1799	1800	1799	1799
3617	772676	1801	1801	1801	1801	1800	1801	1801	1801	1801	1801	1801	1801	1801	1801	1801	1801	1800	1801	1801	1800	1801	1800	1800	1801	1800	1801	1801	1800	1801	1801	1800	1800	1800	1800	1800	1800	1800	1800	1800	1800	1800	1800	1800	1800	1800	1800	1800	1800	1800	1800	1801	1800	1800	1800	1801	1801	1801	1801	1800	1801	1800	1801	1801	1800	1801	1801	1801	1800	1800	1801	1800	1801	1801	1801	1801	1801	1801	1801	1801	1801	1800	1800	1801	1800	1801	1801	1801	1801	1801	1801	1801	1801	1800	1800	1800	1800	1800	1800	1800	1800	1800	1800	1801	1801	1801	1800	1801	1800	1801	1800	1800	1801	1800	1801	1801	1801	1801	1801	1801	1800	1800	1801	1800	1800	1800	1800	1800	1800
3618	773169	1801	1801	1801	1801	1801	1801	1801	1802	1801	1802	1802	1801	1801	1802	1801	1801	1801	1801	1802	1801	1801	1801	1801	1802	1801	1801	1801	1801	1801	1801	1801	1801	1802	1802	1802	1802	1801	1801	1800	1801	1801	1800	1801	1801	1801	1801	1800	1801	1801	1801	1801	1801	1801	1801	1802	1802	1800	1801	1801	1802	1801	1801	1801	1801	1801	1801	1801	1801	1801	1801	1801	1801	1801	1800	1801	1802	1801	1801	1801	1801	1801	1801	1801	1802	1801	1802	1802	1801	1801	1802	1801	1801	1801	1802	1802	1801	1802	1801	1801	1802	1802	1802	1801	1802	1801	1801	1801	1801	1801	1801	1801	1802	1801	1801	1801	1801	1801	1801	1801	1801	1801	1801	1801	1801	1801	1801	1801	1800
3619	773661	1801	1801	1801	1802	1801	1802	1801	1802	1802	1802	1802	1801	1802	1802	1801	1802	1801	1803	1802	1802	1802	1801	1801	1802	1802	1801	1801	1801	1801	1801	1802	1802	1802	1801	1801	1801	1800	1802	1801	1801	1801	1801	1801	1801	1801	1801	1801	1801	1801	1801	1801	1801	1801	1801	1802	1801	1802	1801	1801	1801	1801	1801	1801	1801	1801	1801	1801	1801	1801	1801	1801	1801	1801	1801	1802	1801	1801	1801	1802	1801	1801	1801	1802	1802	1801	1802	1801	1802	1802	1801	1802	1802	1802	1800	1801	1802	1802	1802	1802	1802	1802	1801	1801	1802	1802	1802	1802	1802	1801	1803	1802	1802	1802	1802	1802	1802	1802	1802	1801	1802	1802	1802	1802	1802	1801	1802	1802	1802
3620	774153	1803	1802	1803	1802	1802	1802	1802	1803	1803	1802	1802	1802	1802	1803	1802	1802	1801	1802	1802	1802	1802	1802	1802	1802	1803	1802	1802	1802	1802	1803	1803	1802	1802	1803	1802	1802	1802	1802	1802	1803	1802	1802	1802	1802	1802	1802	1802	1802	1802	1803	1802	1802	1803	1802	1802	1802	1802	1802	1803	1802	1802	1802	1802	1802	1802	1802	1802	1802	1802	1802	1802	1802	1802	1802	1802	1802	1802	1802	1802	1803	1802	1802	1802	1802	1802	1802	1802	1802	1802	1802	1802	1802	1802	1802	1802	1802	1802	1802	1802	1802	1801	1803	1802	1802	1802	1801	1802	1802	1802	1802	1801	1802	1801	1802	1802	1801	1803	1802	1802	1802	1802	1802	1802	1802	1802	1802	1802	1803
3621	774646	1802	1803	1803	1803	1802	1802	1803	1802	1802	1802	1802	1803	1802	1802	1803	1802	1802	1802	1803	1803	1803	1803	1802	1803	1802	1803	1803	1802	1802	1802	1802	1802	1802	1802	1802	1802	1802	1802	1802	1802	1802	1802	1802	1803	1802	1802	1802	1803	1803	1801	1802	1802	1802	1802	1802	1802	1802	1803	1802	1802	1802	1803	1802	1803	1803	1802	1803	1803	1804	1803	1802	1803	1802	1802	1802	1802	1802	1802	1802	1802	1801	1802	1802	1802	1803	1803	1802	1801	1802	1803	1802	1802	1803	1802	1802	1803	1802	1803	1802	1803	1803	1803	1802	1802	1802	1802	1803	1803	1802	1802	1803	1803	1803	1803	1802	1803	1802	1803	1803	1803	1803	1803	1803	1803	1803	1803	1802	1803
3622	775138	1803	1803	1803	1804	1803	1803	1803	1803	1803	1803	1802	1803	1802	1803	1803	1803	1803	1803	1803	1803	1803	1803	1802	1803	1802	1802	1803	1802	1803	1802	1802	1803	1803	1803	1803	1803	1803	1803	1803	1803	1803	1803	1803	1803	1803	1803	1803	1803	1803	1803	1803	1803	1803	1803	1803	1803	1803	1803	1803	1803	1804	1804	1804	1804	1803	1804	1803	1804	1804	1804	1804	1803	1803	1803	1804	1803	1804	1804	1803	1803	1803	1804	1803	1803	1803	1802	1803	1803	1803	1802	1802	1803	1803	1802	1803	1803	1803	1802	1803	1802	1802	1802	1803	1802	1803	1802	1803	1802	1803	1802	1803	1803	1802	1803	1803	1803	1803	1802	1803	1802	1803	1803	1803	1803	1803	1803	1803	1803
3623	775630	1804	1804	1804	1804	1804	1804	1804	1804	1803	1804	1803	1804	1804	1803	1804	1803	1804	1804	1803	1803	1803	1804	1803	1803	1804	1803	1804	1804	1804	1804	1804	1803	1803	1804	1803	1803	1804	1803	1804	1804	1804	1804	1804	1804	1804	1804	1804	1804	1804	1804	1803	1805	1803	1804	1804	1803	1804	1804	1804	1804	1804	1804	1804	1804	1804	1804	1804	1804	1804	1804	1804	1805	1804	1804	1803	1804	1804	1804	1804	1804	1804	1804	1803	1804	1804	1804	1804	1803	1804	1803	1804	1804	1804	1802	1803	1804	1803	1803	1804	1804	1804	1804	1804	1804	1804	1804	1803	1804	1804	1804	1804	1803	1804	1803	1803	1804	1803	1804	1803	1803	1804	1803	1803	1803	1804	1804	1803	1804
3624	776123	1804	1804	1804	1804	1804	1804	1804	1804	1804	1805	1806	1805	1805	1805	1804	1805	1805	1805	1805	1804	1804	1804	1804	1804	1804	1802	1804	1804	1804	1804	1804	1804	1804	1804	1804	1804	1804	1804	1803	1804	1804	1804	1804	1805	1805	1805	1806	1805	1805	1805	1805	1805	1804	1805	1804	1804	1804	1804	1804	1804	1804	1804	1804	1804	1804	1804	1804	1803	1804	1803	1804	1803	1803	1803	1803	1804	1804	1804	1803	1803	1803	1803	1803	1803	1803	1803	1803	1803	1803	1804	1804	1804	1804	1803	1804	1804	1804	1804	1804	1805	1804	1803	1804	1804	1804	1804	1804	1804	1804	1803	1804	1804	1803	1804	1804	1804	1804	1804	1804	1804	1804	1804	1804	1804	1804	1804	1804	1804
3625	776615	1804	1805	1805	1804	1805	1804	1805	1805	1805	1806	1805	1805	1805	1805	1806	1804	1804	1804	1804	1805	1805	1805	1805	1805	1805	1804	1805	1805	1805	1805	1804	1805	1805	1804	1804	1804	1804	1804	1804	1804	1804	1804	1805	1804	1805	1805	1804	1804	1805	1804	1804	1804	1805	1805	1805	1805	1805	1805	1805	1805	1805	1805	1805	1806	1805	1805	1805	1805	1805	1805	1804	1805	1805	1806	1805	1805	1805	1805	1806	1805	1805	1805	1804	1805	1804	1805	1806	1805	1805	1805	1805	1805	1805	1804	1804	1804	1804	1804	1804	1804	1804	1804	1804	1804	1804	1805	1804	1805	1804	1804	1804	1804	1805	1804	1804	1804	1805	1804	1804	1804	1804	1804	1804	1804	1805	1805	1804	1805
3626	777107	1805	1804	1805	1805	1805	1805	1805	1805	1805	1805	1805	1804	1805	1805	1805	1805	1805	1805	1805	1805	1805	1805	1804	1805	1805	1805	1806	1805	1805	1805	1805	1805	1805	1805	1805	1805	1805	1805	1805	1805	1805	1805	1805	1805	1805	1804	1805	1805	1804	1805	1805	1805	1805	1805	1805	1805	1805	1805	1805	1805	1805	1806	1806	1805	1806	1806	1806	1806	1805	1806	1805	1804	1805	1805	1805	1805	1805	1805	1805	1805	1806	1806	1805	1807	1805	1805	1805	1805	1805	1806	1806	1805	1805	1805	1805	1805	1805	1805	1806	1805	1805	1806	1805	1806	1805	1805	1806	1805	1806	1805	1805	1805	1805	1806	1805	1805	1805	1805	1805	1805	1806	1806	1806	1806	1805	1805	1806	1805
3627	777600	1805	1805	1805	1805	1806	1805	1805	1805	1806	1805	1806	1805	1805	1805	1804	1805	1805	1805	1805	1805	1805	1806	1806	1806	1806	1806	1806	1805	1805	1806	1806	1806	1805	1806	1806	1807	1806	1806	1806	1806	1806	1805	1805	1806	1806	1805	1805	1805	1806	1805	1805	1805	1805	1805	1806	1805	1806	1806	1805	1805	1805	1805	1805	1805	1805	1805	1804	1805	1805	1805	1805	1805	1805	1805	1805	1805	1804	1805	1805	1805	1806	1804	1806	1806	1806	1806	1805	1805	1805	1805	1805	1805	1805	1805	1805	1806	1805	1806	1806	1806	1806	1806	1806	1806	1806	1805	1806	1806	1806	1806	1806	1806	1806	1806	1807	1806	1806	1806	1806	1806	1805	1806	1805	1806	1806	1805	1806	1806
3628	778092	1806	1806	1806	1806	1806	1806	1806	1806	1806	1806	1806	1805	1806	1806	1806	1806	1806	1806	1806	1806	1806	1806	1806	1806	1806	1807	1806	1807	1806	1806	1807	1806	1806	1806	1807	1806	1806	1806	1806	1806	1807	1806	1807	1807	1807	1806	1807	1806	1806	1807	1806	1807	1807	1807	1807	1807	1807	1807	1807	1806	1806	1806	1806	1806	1806	1806	1806	1805	1806	1806	1806	1806	1807	1806	1807	1806	1806	1806	1806	1806	1806	1806	1806	1806	1806	1806	1806	1806	1806	1806	1806	1806	1806	1806	1805	1806	1805	1806	1806	1806	1806	1806	1806	1806	1806	1806	1806	1806	1806	1807	1806	1806	1806	1806	1806	1806	1806	1806	1806	1807	1806	1806	1806	1806	1806	1807	1807	1806
3629	778584	1806	1807	1806	1806	1806	1806	1806	1806	1806	1806	1806	1806	1807	1806	1806	1806	1806	1806	1806	1806	1805	1806	1806	1806	1806	1807	1806	1806	1807	1806	1807	1806	1807	1807	1806	1807	1806	1807	1807	1807	1807	1806	1807	1807	1807	1807	1807	1807	1806	1807	1806	1807	1806	1806	1807	1807	1807	1807	1807	1807	1806	1807	1807	1807	1806	1806	1807	1806	1806	1806	1807	1807	1806	1806	1806	1806	1806	1807	1807	1806	1807	1806	1807	1806	1806	1807	1806	1806	1807	1806	1807	1806	1806	1807	1806	1807	1806	1806	1807	1807	1807	1807	1807	1807	1807	1807	1807	1807	1807	1808	1807	1807	1807	1807	1807	1806	1806	1807	1807	1807	1807	1807	1807	1807	1807	1807	1806	1806
3630	779076	1807	1807	1806	1807	1807	1806	1806	1806	1807	1807	1806	1807	1806	1807	1807	1807	1807	1807	1807	1807	1806	1807	1807	1807	1807	1807	1807	1807	1807	1807	1807	1807	1807	1807	1807	1807	1807	1807	1807	1807	1807	1807	1807	1807	1807	1808	1807	1808	1808	1807	1808	1807	1807	1807	1807	1807	1807	1807	1807	1806	1807	1807	1807	1807	1807	1807	1807	1807	1807	1807	1807	1807	1808	1808	1807	1807	1807	1808	1808	1807	1807	1808	1807	1807	1807	1807	1807	1807	1807	1807	1806	1807	1806	1807	1807	1806	1807	1806	1807	1807	1807	1807	1807	1807	1806	1807	1807	1807	1806	1807	1807	1807	1806	1807	1807	1807	1807	1807	1807	1807	1808	1807	1807	1807	1807	1807	1808	1808
3631	779569	1807	1807	1807	1807	1807	1808	1807	1808	1807	1807	1808	1807	1808	1807	1807	1807	1807	1807	1807	1807	1807	1808	1807	1807	1807	1807	1807	1808	1808	1807	1807	1807	1808	1808	1807	1808	1808	1807	1807	1808	1808	1808	1808	1807	1807	1807	1808	1807	1807	1808	1807	1807	1807	1808	1807	1807	1807	1807	1807	1808	1807	1807	1808	1808	1808	1807	1807	1808	1807	1808	1807	1807	1807	1808	1808	1808	1807	1807	1807	1807	1807	1807	1807	1808	1807	1808	1807	1807	1807	1808	1808	1807	1808	1808	1808	1807	1807	1807	1807	1807	1808	1808	1808	1808	1807	1808	1807	1808	1807	1807	1808	1807	1808	1807	1807	1808	1808	1808	1807	1807	1808	1807	1807	1808	1807	1807	1807	1807
3632	780061	1808	1808	1808	1807	1808	1808	1808	1808	1808	1808	1808	1809	1808	1808	1808	1808	1808	1808	1808	1808	1808	1807	1808	1808	1808	1808	1808	1808	1808	1808	1808	1808	1808	1808	1808	1808	1808	1808	1808	1808	1808	1808	1808	1808	1808	1807	1807	1807	1808	1808	1808	1808	1807	1808	1808	1807	1807	1808	1808	1807	1808	1808	1807	1808	1808	1808	1808	1808	1808	1808	1808	1807	1807	1808	1808	1808	1807	1808	1808	1808	1808	1807	1809	1807	1808	1808	1808	1808	1808	1808	1807	1808	1809	1808	1808	1808	1808	1808	1808	1808	1808	1808	1808	1808	1809	1808	1808	1808	1808	1808	1808	1808	1808	1808	1808	1808	1808	1808	1807	1808	1808	1808	1808	1808	1808	1808	1807	1808
3633	780553	1808	1808	1808	1809	1809	1809	1809	1808	1809	1808	1808	1808	1808	1808	1808	1808	1808	1808	1808	1808	1809	1809	1809	1809	1808	1808	1809	1809	1808	1808	1808	1808	1809	1808	1808	1808	1808	1809	1808	1809	1808	1808	1809	1808	1809	1808	1809	1809	1809	1809	1809	1808	1808	1809	1808	1808	1809	1808	1809	1809	1809	1809	1809	1808	1808	1808	1808	1807	1808	1808	1809	1808	1808	1809	1808	1808	1808	1808	1808	1808	1808	1808	1808	1808	1808	1808	1808	1808	1808	1808	1808	1808	1808	1808	1808	1809	1808	1808	1808	1808	1808	1808	1807	1808	1808	1808	1809	1808	1808	1808	1808	1809	1809	1808	1808	1808	1808	1808	1808	1808	1809	1809	1809	1809	1808	1809	1808	1808
3634	781046	1809	1809	1809	1809	1809	1808	1808	1808	1809	1808	1808	1809	1809	1809	1810	1809	1809	1809	1809	1809	1809	1809	1809	1809	1809	1809	1809	1809	1809	1809	1809	1809	1809	1808	1809	1809	1808	1809	1809	1809	1809	1808	1808	1809	1809	1809	1808	1808	1809	1809	1809	1809	1809	1809	1809	1809	1809	1809	1809	1809	1809	1809	1809	1809	1809	1809	1810	1809	1809	1809	1809	1809	1809	1809	1809	1808	1809	1809	1809	1809	1809	1809	1808	1809	1809	1809	1809	1808	1808	1809	1809	1809	1809	1808	1809	1808	1809	1809	1808	1809	1808	1808	1808	1808	1809	1809	1809	1809	1808	1809	1809	1809	1809	1809	1808	1809	1808	1809	1809	1809	1808	1808	1808	1808	1808	1808	1809	1808
3635	781538	1809	1810	1808	1809	1809	1809	1809	1809	1808	1809	1809	1809	1809	1808	1809	1809	1809	1809	1809	1810	1809	1809	1809	1809	1810	1809	1809	1809	1809	1810	1809	1810	1809	1809	1808	1809	1809	1809	1809	1811	1809	1810	1810	1811	1810	1810	1810	1809	1810	1810	1809	1810	1809	1809	1810	1809	1809	1809	1810	1809	1809	1810	1809	1809	1809	1809	1809	1809	1809	1809	1809	1809	1809	1809	1809	1809	1810	1809	1809	1809	1809	1809	1810	1810	1809	1808	1809	1809	1809	1809	1810	1809	1809	1809	1809	1809	1809	1809	1809	1809	1809	1809	1809	1809	1809	1809	1809	1809	1809	1809	1809	1808	1809	1808	1809	1809	1810	1809	1809	1809	1809	1809	1809	1809	1809	1809	1809	1809
3636	782030	1809	1809	1809	1809	1809	1809	1810	1809	1810	1809	1810	1810	1809	1810	1810	1809	1809	1809	1810	1809	1810	1810	1809	1810	1810	1810	1810	1810	1810	1809	1810	1810	1810	1811	1810	1810	1811	1811	1810	1811	1811	1811	1811	1810	1810	1810	1810	1810	1810	1810	1811	1810	1811	1810	1810	1810	1810	1810	1809	1810	1809	1809	1810	1810	1809	1809	1810	1810	1809	1810	1810	1809	1810	1809	1809	1810	1809	1812	1809	1809	1810	1810	1809	1810	1809	1810	1810	1810	1809	1809	1809	1809	1809	1810	1809	1810	1810	1809	1809	1810	1809	1810	1809	1810	1810	1809	1809	1810	1809	1809	1809	1810	1809	1810	1810	1811	1810	1810	1810	1810	1810	1810	1810	1810	1811	1810	1810	1810
3637	782523	1811	1811	1811	1811	1811	1811	1811	1810	1811	1811	1811	1811	1810	1810	1810	1811	1810	1810	1811	1811	1811	1811	1811	1811	1811	1811	1810	1810	1810	1810	1810	1810	1810	1810	1810	1810	1810	1810	1810	1810	1810	1809	1810	1810	1810	1809	1810	1810	1810	1810	1810	1810	1810	1810	1810	1810	1811	1810	1810	1811	1810	1810	1810	1811	1810	1810	1810	1811	1811	1810	1811	1810	1811	1811	1811	1809	1810	1810	1811	1811	1810	1811	1810	1810	1811	1811	1811	1811	1811	1810	1811	1810	1810	1811	1811	1811	1811	1810	1811	1810	1810	1810	1810	1810	1810	1810	1810	1810	1810	1810	1810	1810	1810	1811	1810	1810	1810	1810	1810	1810	1810	1811	1810	1811	1810	1810	1811	1810
3638	783015	1810	1811	1811	1810	1811	1810	1811	1810	1810	1810	1811	1810	1811	1810	1811	1811	1811	1810	1811	1811	1810	1810	1810	1811	1810	1811	1810	1811	1810	1810	1811	1811	1811	1811	1811	1811	1811	1812	1811	1811	1812	1811	1811	1811	1811	1811	1811	1812	1811	1811	1811	1811	1811	1811	1812	1811	1812	1811	1811	1812	1812	1811	1812	1811	1812	1811	1811	1811	1811	1811	1811	1811	1811	1811	1811	1811	1811	1811	1811	1811	1811	1811	1811	1811	1811	1810	1811	1810	1810	1811	1810	1810	1810	1810	1811	1810	1810	1811	1810	1810	1810	1810	1810	1811	1811	1810	1810	1811	1811	1811	1811	1811	1811	1811	1811	1811	1811	1811	1811	1811	1811	1811	1811	1811	1810	1811	1811	1811
3639	783507	1812	1812	1812	1812	1811	1811	1811	1811	1812	1811	1811	1812	1811	1811	1811	1812	1811	1812	1811	1811	1811	1811	1811	1811	1811	1811	1811	1811	1811	1811	1810	1811	1810	1811	1812	1811	1811	1811	1811	1812	1811	1811	1812	1812	1812	1811	1812	1812	1811	1812	1811	1812	1812	1812	1812	1812	1811	1812	1812	1812	1812	1811	1812	1812	1812	1812	1812	1812	1812	1811	1812	1811	1812	1812	1812	1812	1812	1812	1812	1812	1812	1812	1811	1812	1811	1812	1811	1810	1811	1812	1812	1811	1811	1811	1812	1812	1812	1811	1811	1812	1811	1813	1812	1812	1812	1812	1812	1811	1811	1811	1812	1812	1811	1811	1813	1811	1811	1811	1811	1811	1811	1811	1811	1811	1811	1811	1811	1812
3640	784000	1812	1812	1812	1812	1812	1812	1812	1813	1813	1813	1812	1813	1813	1813	1813	1813	1813	1812	1813	1812	1812	1813	1813	1813	1813	1813	1813	1812	1812	1813	1813	1812	1813	1812	1812	1813	1812	1812	1812	1812	1812	1813	1812	1812	1812	1812	1812	1812	1812	1812	1812	1812	1812	1811	1812	1812	1812	1811	1811	1812	1812	1812	1812	1812	1811	1812	1812	1811	1811	1811	1812	1812	1812	1812	1812	1812	1811	1811	1812	1811	1812	1812	1812	1812	1812	1812	1811	1812	1812	1812	1811	1812	1812	1811	1812	1812	1811	1812	1811	1812	1811	1812	1812	1812	1813	1811	1812	1812	1811	1812	1811	1812	1812	1812	1813	1811	1812	1811	1811	1812	1811	1812	1811	1812	1811	1812	1812	1811
3641	784492	1811	1812	1812	1812	1811	1811	1811	1811	1812	1812	1812	1812	1813	1812	1813	1812	1812	1813	1812	1812	1813	1812	1813	1812	1812	1812	1812	1812	1812	1812	1812	1813	1812	1812	1812	1813	1812	1813	1813	1812	1813	1813	1813	1813	1812	1812	1812	1812	1812	1812	1812	1812	1812	1812	1811	1811	1813	1812	1812	1812	1811	1812	1812	1812	1812	1812	1812	1812	1812	1812	1812	1812	1811	1812	1812	1812	1812	1812	1812	1812	1812	1813	1812	1812	1813	1812	1812	1812	1812	1813	1813	1812	1812	1813	1813	1813	1813	1813	1813	1814	1813	1813	1813	1813	1812	1813	1813	1813	1812	1813	1813	1813	1813	1813	1813	1813	1813	1812	1813	1813	1813	1812	1812	1812	1812	1813	1812	1812
3642	784984	1813	1813	1813	1813	1814	1813	1813	1813	1813	1813	1813	1813	1813	1813	1813	1812	1813	1813	1813	1813	1813	1813	1813	1814	1813	1813	1813	1813	1814	1813	1814	1813	1813	1813	1813	1814	1813	1812	1813	1813	1813	1813	1813	1813	1813	1813	1812	1813	1813	1812	1813	1812	1812	1812	1812	1812	1813	1812	1812	1812	1812	1813	1813	1812	1812	1812	1812	1813	1812	1813	1812	1813	1813	1812	1813	1812	1812	1813	1812	1813	1813	1813	1813	1813	1813	1813	1813	1813	1813	1813	1812	1813	1814	1813	1813	1813	1813	1813	1813	1813	1813	1813	1812	1813	1813	1813	1813	1813	1813	1814	1813	1813	1813	1813	1813	1814	1813	1813	1813	1813	1813	1814	1813	1813	1813	1813	1813	1813
3643	785476	1813	1814	1814	1814	1814	1814	1814	1813	1814	1814	1814	1814	1813	1813	1814	1813	1814	1814	1814	1813	1814	1814	1814	1813	1814	1814	1813	1813	1814	1814	1814	1813	1813	1813	1813	1814	1812	1813	1813	1813	1813	1812	1813	1813	1813	1813	1813	1812	1813	1812	1813	1811	1813	1813	1812	1813	1813	1812	1813	1813	1813	1813	1813	1814	1814	1814	1814	1814	1814	1814	1813	1813	1813	1813	1814	1813	1813	1814	1814	1814	1814	1814	1814	1814	1813	1814	1814	1813	1813	1814	1814	1813	1814	1813	1813	1814	1813	1814	1813	1813	1814	1813	1814	1813	1814	1813	1813	1814	1813	1813	1813	1814	1813	1813	1813	1812	1813	1813	1814	1812	1813	1814	1813	1813	1813	1813	1813	1813
3644	785969	1814	1814	1815	1814	1814	1814	1814	1815	1814	1814	1814	1814	1814	1814	1814	1814	1814	1814	1814	1814	1814	1814	1814	1814	1815	1814	1815	1814	1814	1815	1814	1814	1814	1814	1814	1814	1814	1813	1814	1814	1814	1814	1814	1814	1814	1814	1814	1814	1814	1814	1815	1813	1814	1814	1814	1814	1813	1813	1813	1814	1814	1813	1814	1813	1813	1814	1814	1814	1813	1814	1814	1814	1814	1814	1814	1814	1814	1814	1814	1814	1814	1813	1813	1814	1814	1813	1813	1814	1814	1814	1813	1814	1813	1814	1813	1814	1814	1814	1813	1814	1814	1814	1814	1814	1814	1814	1814	1814	1814	1813	1813	1814	1814	1814	1813	1813	1814	1813	1814	1814	1814	1814	1814	1813	1814	1813	1814	1813
3645	786461	1815	1815	1815	1814	1815	1815	1814	1815	1815	1815	1814	1815	1815	1815	1814	1814	1814	1814	1815	1815	1814	1815	1815	1815	1815	1814	1815	1815	1815	1815	1815	1814	1815	1815	1815	1815	1815	1815	1815	1815	1814	1815	1814	1815	1814	1815	1814	1814	1815	1814	1814	1814	1813	1814	1814	1814	1814	1814	1814	1814	1814	1814	1813	1814	1814	1814	1814	1814	1814	1814	1814	1814	1814	1814	1814	1814	1813	1815	1814	1814	1815	1814	1814	1815	1815	1814	1815	1815	1815	1814	1815	1815	1814	1815	1814	1814	1815	1815	1814	1814	1814	1814	1814	1814	1814	1814	1814	1815	1814	1814	1814	1815	1815	1814	1815	1814	1815	1815	1814	1814	1815	1814	1814	1814	1814	1814	1813	1814
3646	786953	1815	1815	1815	1815	1815	1815	1814	1815	1814	1815	1815	1814	1814	1814	1814	1814	1814	1814	1814	1814	1813	1814	1815	1814	1814	1814	1814	1814	1814	1815	1815	1814	1815	1815	1814	1815	1815	1815	1815	1815	1815	1815	1815	1815	1815	1815	1815	1815	1815	1815	1815	1815	1815	1815	1815	1815	1815	1815	1815	1814	1815	1815	1815	1815	1815	1816	1814	1815	1814	1815	1815	1815	1815	1815	1815	1815	1815	1814	1815	1815	1815	1816	1815	1815	1814	1814	1815	1815	1815	1814	1815	1815	1814	1815	1814	1814	1814	1814	1814	1814	1814	1814	1814	1815	1814	1815	1814	1815	1815	1815	1815	1815	1815	1815	1815	1815	1815	1815	1815	1815	1815	1814	1815	1815	1815	1815	1815	1816
3647	787446	1815	1815	1815	1815	1814	1815	1815	1815	1815	1815	1815	1815	1815	1815	1815	1816	1815	1815	1815	1815	1815	1815	1815	1815	1816	1817	1816	1816	1816	1816	1816	1816	1816	1816	1816	1816	1816	1816	1816	1816	1816	1816	1816	1816	1817	1816	1816	1816	1816	1816	1815	1816	1816	1815	1816	1815	1816	1816	1816	1816	1815	1816	1815	1816	1816	1815	1816	1815	1816	1816	1815	1815	1815	1815	1816	1816	1815	1815	1815	1816	1815	1815	1815	1815	1815	1815	1815	1814	1815	1815	1815	1815	1815	1814	1815	1815	1814	1815	1815	1815	1815	1815	1816	1815	1815	1815	1815	1815	1815	1815	1815	1815	1815	1815	1814	1815	1816	1815	1816	1815	1815	1815	1815	1816	1815	1815	1816	1815
3648	787938	1816	1816	1816	1816	1816	1816	1816	1817	1816	1817	1816	1816	1816	1817	1816	1816	1816	1816	1816	1816	1816	1816	1817	1816	1816	1816	1816	1816	1817	1816	1815	1816	1816	1816	1816	1816	1816	1816	1816	1816	1816	1816	1816	1814	1816	1815	1816	1815	1816	1815	1815	1816	1815	1816	1815	1815	1816	1816	1816	1816	1816	1816	1816	1816	1816	1816	1816	1816	1816	1816	1816	1816	1816	1816	1815	1816	1816	1816	1816	1816	1816	1816	1816	1816	1816	1816	1816	1816	1816	1817	1817	1817	1817	1816	1817	1816	1817	1816	1817	1816	1816	1817	1816	1816	1817	1816	1815	1817	1816	1816	1817	1816	1816	1816	1816	1816	1816	1816	1816	1816	1816	1816	1816	1816	1816	1816	1815	1815
3649	788430	1817	1817	1817	1817	1817	1817	1816	1818	1816	1817	1817	1817	1816	1816	1816	1816	1816	1816	1816	1816	1816	1817	1816	1816	1816	1816	1816	1816	1816	1816	1816	1816	1816	1816	1816	1816	1816	1816	1816	1816	1816	1816	1816	1816	1816	1816	1816	1816	1816	1816	1815	1816	1816	1816	1816	1816	1816	1816	1816	1816	1816	1816	1816	1816	1815	1816	1816	1816	1816	1816	1817	1816	1816	1817	1816	1817	1816	1817	1817	1816	1817	1817	1817	1816	1816	1817	1816	1817	1817	1817	1817	1816	1817	1817	1817	1817	1816	1817	1817	1817	1817	1816	1817	1816	1817	1816	1816	1816	1817	1816	1816	1816	1816	1816	1816	1817	1816	1816	1816	1817	1816	1816	1816	1816	1816	1816	1817	1817
3650	788923	1814	1817	1817	1817	1817	1816	1817	1817	1817	1816	1816	1817	1816	1816	1818	1817	1817	1817	1817	1817	1816	1817	1817	1817	1817	1817	1816	1817	1817	1816	1816	1816	1817	1816	1816	1816	1816	1818	1816	1816	1817	1816	1817	1816	1817	1817	1817	1817	1817	1817	1817	1817	1817	1817	1817	1817	1817	1817	1818	1817	1817	1817	1816	1817	1817	1817	1817	1817	1817	1817	1816	1817	1817	1816	1816	1817	1817	1817	1817	1817	1816	1816	1816	1816	1817	1817	1817	1816	1817	1817	1816	1817	1816	1817	1818	1816	1816	1816	1816	1816	1817	1816	1816	1817	1817	1816	1816	1816	1817	1817	1817	1817	1816	1817	1817	1817	1817	1817	1817	1818	1818	1817	1817	1817	1818	1817	1817	1817
3651	789415	1817	1817	1817	1817	1817	1817	1818	1816	1817	1817	1817	1817	1817	1817	1817	1817	1817	1817	1817	1817	1817	1817	1816	1817	1816	1817	1817	1817	1817	1817	1817	1818	1817	1817	1817	1817	1817	1818	1817	1817	1818	1817	1818	1817	1817	1818	1817	1817	1817	1817	1817	1817	1817	1817	1817	1817	1817	1818	1817	1817	1818	1818	1818	1818	1817	1818	1817	1818	1818	1817	1818	1817	1817	1817	1817	1817	1817	1817	1817	1817	1817	1817	1817	1817	1818	1817	1817	1817	1817	1817	1817	1817	1817	1817	1818	1817	1817	1817	1817	1818	1817	1817	1817	1817	1817	1816	1817	1817	1818	1817	1817	1817	1817	1816	1818	1817	1817	1817	1817	1818	1817	1817	1817	1817	1818	1817	1817	1817
3652	789907	1818	1818	1818	1818	1819	1818	1818	1818	1818	1818	1817	1818	1817	1818	1818	1818	1818	1817	1817	1817	1817	1818	1817	1817	1817	1817	1817	1817	1818	1817	1818	1817	1818	1818	1817	1818	1817	1817	1817	1817	1818	1817	1818	1817	1818	1818	1818	1818	1818	1817	1818	1818	1819	1818	1818	1818	1818	1818	1817	1818	1818	1818	1818	1818	1818	1818	1818	1817	1817	1817	1818	1818	1818	1818	1818	1818	1818	1818	1818	1818	1818	1818	1818	1818	1818	1818	1818	1818	1818	1818	1817	1818	1818	1817	1818	1817	1817	1817	1817	1817	1817	1818	1818	1818	1818	1818	1818	1818	1818	1818	1819	1818	1818	1818	1817	1817	1817	1818	1818	1818	1818	1818	1819	1818	1818	1818	1818	1818
3653	790400	1817	1819	1818	1818	1818	1817	1818	1818	1818	1818	1819	1818	1818	1818	1818	1818	1818	1818	1818	1818	1818	1819	1819	1818	1819	1819	1818	1818	1819	1819	1818	1818	1819	1818	1818	1818	1818	1818	1818	1819	1818	1818	1818	1818	1818	1818	1818	1818	1818	1819	1818	1818	1819	1818	1818	1818	1818	1818	1818	1818	1817	1818	1818	1819	1818	1819	1818	1818	1819	1819	1819	1818	1819	1819	1819	1819	1819	1818	1818	1818	1819	1818	1819	1818	1819	1819	1819	1819	1819	1819	1819	1819	1819	1819	1819	1819	1819	1819	1819	1819	1819	1819	1820	1819	1818	1819	1819	1819	1819	1819	1818	1819	1819	1819	1819	1818	1819	1819	1819	1819	1819	1819	1819	1819	1819	1819	1818	1818
3654	790892	1818	1819	1819	1819	1819	1819	1819	1819	1819	1819	1819	1819	1819	1819	1819	1818	1819	1819	1819	1819	1819	1819	1819	1819	1819	1819	1819	1819	1819	1819	1819	1819	1819	1820	1819	1818	1820	1819	1819	1818	1817	1819	1818	1819	1818	1819	1818	1819	1818	1818	1819	1819	1819	1818	1819	1819	1819	1819	1819	1820	1820	1819	1819	1818	1819	1819	1818	1818	1818	1819	1819	1819	1819	1819	1819	1819	1819	1818	1819	1818	1819	1817	1819	1819	1819	1819	1819	1819	1819	1819	1819	1819	1819	1819	1819	1819	1819	1818	1819	1819	1819	1819	1818	1820	1820	1819	1820	1819	1819	1820	1819	1820	1818	1819	1819	1819	1820	1819	1819	1819	1819	1819	1819	1819	1819	1819	1819	1819
3655	791384	1819	1820	1820	1820	1819	1820	1819	1819	1820	1820	1819	1819	1819	1819	1820	1819	1819	1819	1819	1819	1820	1819	1819	1819	1819	1819	1820	1819	1820	1820	1819	1819	1820	1820	1820	1820	1819	1819	1820	1819	1819	1820	1819	1819	1819	1820	1819	1819	1820	1820	1819	1820	1819	1820	1820	1819	1820	1819	1819	1820	1819	1820	1820	1820	1820	1820	1819	1819	1820	1820	1819	1820	1820	1819	1819	1819	1819	1820	1819	1818	1819	1819	1819	1818	1819	1819	1819	1819	1819	1819	1819	1819	1819	1818	1819	1818	1819	1818	1819	1819	1819	1819	1820	1819	1819	1818	1819	1819	1819	1819	1819	1819	1819	1819	1819	1818	1820	1819	1819	1819	1820	1820	1819	1819	1819	1819	1820	1819
3656	791876	1820	1819	1820	1819	1820	1820	1820	1820	1819	1820	1820	1820	1820	1820	1820	1820	1820	1820	1820	1820	1820	1821	1820	1820	1821	1820	1821	1821	1820	1820	1820	1820	1820	1819	1820	1820	1820	1820	1820	1821	1820	1820	1820	1820	1820	1820	1820	1820	1819	1820	1820	1819	1819	1819	1819	1820	1820	1820	1819	1820	1820	1820	1819	1820	1819	1820	1821	1819	1819	1820	1820	1820	1819	1820	1820	1820	1820	1820	1820	1820	1820	1819	1820	1819	1820	1820	1821	1819	1820	1819	1820	1820	1820	1820	1820	1820	1820	1820	1820	1820	1820	1820	1820	1821	1820	1820	1820	1820	1820	1820	1820	1819	1819	1819	1819	1819	1819	1819	1819	1819	1820	1819	1820	1821	1819	1820	1819	1820
3657	792369	1820	1820	1820	1820	1820	1820	1820	1820	1820	1820	1820	1820	1820	1820	1821	1820	1820	1820	1820	1820	1820	1820	1820	1820	1821	1821	1820	1820	1821	1820	1820	1821	1820	1821	1821	1821	1821	1821	1821	1820	1820	1820	1820	1820	1820	1820	1820	1820	1820	1821	1820	1820	1821	1820	1820	1820	1820	1820	1819	1820	1819	1819	1820	1820	1820	1820	1820	1820	1820	1820	1820	1820	1820	1820	1820	1820	1820	1820	1820	1820	1820	1820	1819	1820	1820	1821	1820	1820	1820	1820	1820	1820	1820	1820	1820	1820	1820	1820	1820	1820	1820	1820	1820	1820	1820	1820	1820	1820	1820	1820	1820	1820	1820	1821	1821	1821	1821	1821	1821	1821	1820	1820	1820	1820	1820	1820	1820	1820
3658	792861	1821	1821	1822	1822	1821	1821	1821	1821	1821	1820	1821	1821	1822	1822	1821	1822	1822	1822	1821	1822	1821	1821	1821	1820	1821	1820	1821	1821	1821	1820	1821	1820	1820	1820	1820	1820	1820	1820	1821	1821	1820	1821	1820	1821	1821	1820	1821	1820	1821	1821	1821	1821	1820	1821	1821	1821	1821	1821	1821	1821	1821	1820	1821	1821	1821	1821	1821	1821	1820	1820	1821	1820	1821	1821	1821	1821	1820	1821	1821	1821	1821	1820	1821	1820	1821	1821	1820	1820	1820	1820	1821	1821	1820	1820	1821	1820	1821	1820	1820	1821	1821	1821	1820	1820	1821	1820	1821	1820	1820	1820	1820	1821	1820	1820	1821	1821	1821	1820	1821	1821	1820	1821	1820	1821	1821	1820	1820	1820
3659	793353	1821	1821	1821	1820	1821	1820	1821	1821	1821	1821	1821	1821	1821	1820	1820	1820	1821	1821	1821	1821	1821	1821	1821	1822	1822	1822	1822	1821	1821	1821	1822	1822	1821	1821	1821	1822	1821	1821	1821	1821	1822	1821	1821	1821	1822	1822	1821	1822	1822	1821	1822	1821	1821	1821	1821	1821	1821	1820	1821	1820	1820	1820	1821	1820	1820	1820	1821	1820	1820	1821	1821	1821	1820	1821	1821	1821	1820	1821	1820	1820	1821	1820	1820	1820	1821	1821	1820	1821	1821	1819	1820	1820	1820	1820	1821	1821	1821	1822	1821	1820	1822	1822	1822	1821	1822	1822	1822	1822	1822	1822	1822	1822	1822	1822	1822	1822	1821	1822	1821	1822	1821	1822	1822	1822	1822	1822	1822	1821
3660	793846	1822	1822	1822	1822	1821	1822	1822	1822	1822	1822	1822	1822	1821	1822	1822	1822	1821	1821	1822	1822	1822	1822	1822	1822	1821	1822	1822	1822	1822	1822	1822	1822	1822	1822	1822	1822	1821	1822	1822	1822	1822	1821	1824	1821	1821	1821	1822	1822	1821	1822	1821	1822	1822	1821	1822	1821	1821	1822	1822	1822	1821	1821	1821	1821	1822	1822	1822	1822	1822	1821	1822	1822	1822	1822	1822	1822	1822	1822	1822	1822	1822	1821	1822	1822	1822	1822	1822	1822	1822	1822	1822	1822	1821	1821	1822	1822	1822	1822	1821	1822	1822	1822	1822	1821	1821	1821	1821	1821	1821	1821	1822	1822	1822	1821	1822	1822	1823	1821	1822	1822	1822	1822	1821	1822	1821	1822	1822	1821
3661	794338	1822	1822	1822	1822	1822	1822	1822	1822	1823	1822	1822	1823	1823	1823	1823	1823	1823	1822	1822	1823	1823	1823	1823	1823	1823	1823	1823	1823	1822	1822	1822	1821	1821	1822	1822	1822	1822	1822	1822	1822	1822	1822	1822	1822	1822	1823	1822	1822	1822	1822	1824	1822	1822	1822	1822	1821	1822	1822	1822	1821	1822	1822	1822	1822	1822	1823	1822	1823	1822	1822	1822	1822	1822	1822	1822	1823	1822	1823	1822	1822	1822	1822	1822	1822	1822	1823	1822	1822	1822	1822	1823	1822	1823	1822	1822	1822	1822	1822	1822	1822	1822	1821	1822	1822	1822	1821	1822	1822	1821	1822	1821	1821	1822	1821	1822	1822	1822	1822	1822	1822	1822	1822	1822	1822	1823	1822	1822	1822
3662	794830	1823	1823	1822	1823	1823	1823	1823	1822	1823	1823	1823	1822	1822	1823	1823	1822	1823	1822	1822	1823	1823	1822	1822	1824	1823	1823	1823	1823	1823	1823	1822	1823	1823	1823	1824	1823	1823	1823	1823	1823	1823	1823	1823	1823	1823	1824	1823	1823	1823	1824	1823	1823	1823	1823	1823	1823	1824	1823	1823	1823	1822	1822	1823	1823	1822	1822	1822	1822	1822	1822	1822	1822	1823	1822	1822	1822	1822	1822	1822	1823	1822	1822	1823	1822	1823	1823	1822	1822	1822	1823	1822	1822	1823	1822	1822	1823	1823	1823	1823	1823	1823	1823	1823	1823	1824	1824	1823	1823	1823	1823	1823	1823	1823	1823	1823	1823	1823	1823	1823	1823	1823	1823	1823	1823	1823	1822	1824	1823
3663	795323	1823	1823	1823	1823	1823	1823	1823	1823	1822	1823	1823	1823	1822	1823	1823	1823	1823	1823	1822	1823	1823	1823	1823	1823	1823	1823	1824	1824	1823	1823	1823	1824	1823	1823	1824	1823	1824	1823	1823	1824	1823	1824	1824	1825	1823	1824	1824	1824	1824	1824	1824	1823	1824	1824	1823	1824	1824	1823	1822	1823	1824	1823	1824	1823	1823	1823	1823	1823	1823	1823	1823	1823	1824	1823	1824	1824	1823	1823	1823	1823	1823	1823	1823	1822	1823	1823	1823	1824	1823	1823	1823	1823	1823	1823	1823	1823	1823	1823	1823	1823	1824	1824	1824	1823	1823	1823	1823	1823	1823	1823	1823	1823	1823	1823	1823	1823	1823	1822	1823	1823	1823	1823	1823	1823	1823	1823	1823	1823
3664	795815	1823	1823	1823	1823	1823	1823	1823	1824	1823	1823	1824	1824	1823	1823	1823	1824	1823	1823	1824	1824	1824	1824	1824	1824	1824	1824	1823	1823	1823	1824	1824	1823	1824	1824	1824	1824	1824	1824	1824	1824	1824	1824	1824	1823	1824	1824	1824	1824	1823	1824	1824	1823	1823	1823	1824	1824	1824	1824	1824	1824	1824	1824	1823	1823	1824	1824	1824	1823	1823	1823	1824	1824	1823	1823	1824	1823	1824	1823	1824	1823	1823	1823	1824	1824	1824	1824	1824	1824	1824	1824	1824	1823	1824	1824	1824	1824	1824	1824	1824	1824	1824	1824	1824	1824	1824	1824	1824	1824	1824	1824	1824	1823	1824	1823	1823	1823	1823	1823	1823	1823	1823	1823	1823	1823	1823	1823	1823	1823
3665	796307	1825	1824	1825	1825	1824	1824	1824	1825	1824	1824	1825	1824	1825	1825	1824	1824	1824	1824	1824	1824	1824	1824	1825	1824	1824	1824	1824	1824	1824	1824	1824	1824	1824	1823	1824	1824	1824	1824	1824	1824	1824	1825	1824	1824	1824	1824	1824	1824	1824	1824	1823	1824	1824	1823	1824	1824	1824	1823	1824	1824	1824	1825	1824	1824	1824	1824	1824	1824	1824	1824	1824	1824	1823	1824	1824	1824	1824	1824	1824	1824	1824	1824	1823	1824	1824	1824	1824	1824	1823	1824	1824	1824	1823	1824	1824	1824	1824	1824	1823	1824	1824	1824	1824	1824	1824	1824	1824	1824	1824	1824	1824	1825	1824	1825	1824	1824	1824	1824	1824	1824	1824	1824	1824	1824	1824	1824	1824	1824
3666	796800	1824	1825	1825	1824	1825	1825	1824	1825	1824	1825	1825	1825	1825	1825	1825	1824	1825	1824	1825	1824	1824	1824	1824	1824	1825	1824	1825	1825	1825	1824	1825	1824	1825	1825	1824	1826	1824	1824	1824	1824	1825	1824	1824	1825	1825	1825	1825	1825	1824	1825	1825	1825	1824	1824	1826	1825	1825	1824	1825	1824	1824	1826	1824	1824	1824	1824	1825	1824	1825	1824	1825	1825	1825	1825	1825	1824	1825	1825	1825	1825	1825	1825	1825	1825	1824	1825	1825	1825	1824	1824	1825	1824	1825	1825	1824	1825	1824	1825	1825	1825	1825	1825	1825	1825	1825	1825	1824	1825	1825	1825	1825	1825	1824	1824	1824	1824	1824	1825	1824	1825	1824	1824	1825	1824	1825	1824	1824	1825
3667	797292	1826	1826	1826	1826	1826	1825	1826	1826	1826	1826	1825	1826	1825	1825	1826	1825	1826	1825	1826	1826	1825	1825	1825	1825	1824	1825	1825	1824	1825	1825	1825	1824	1825	1825	1825	1825	1825	1825	1825	1825	1825	1825	1825	1825	1824	1825	1825	1825	1825	1825	1825	1825	1825	1824	1825	1824	1825	1825	1825	1824	1825	1825	1825	1825	1825	1825	1826	1825	1825	1826	1825	1826	1826	1825	1825	1825	1826	1825	1825	1825	1825	1826	1825	1825	1825	1825	1825	1825	1825	1825	1825	1825	1826	1825	1825	1825	1826	1825	1825	1825	1825	1825	1826	1825	1825	1825	1825	1825	1825	1825	1824	1825	1825	1825	1825	1825	1825	1824	1825	1825	1825	1825	1825	1825	1826	1825	1825	1825
3668	797784	1825	1826	1825	1825	1825	1826	1826	1826	1826	1825	1825	1826	1825	1826	1826	1826	1826	1825	1826	1826	1825	1825	1825	1825	1825	1826	1825	1825	1825	1825	1827	1825	1826	1826	1826	1826	1826	1826	1826	1826	1826	1825	1827	1826	1826	1827	1826	1826	1826	1825	1826	1825	1826	1825	1825	1826	1825	1825	1825	1825	1825	1826	1826	1826	1825	1826	1826	1826	1826	1826	1826	1826	1826	1825	1825	1826	1826	1825	1825	1825	1825	1826	1825	1825	1826	1826	1826	1825	1826	1826	1826	1826	1826	1826	1825	1826	1825	1826	1825	1826	1826	1825	1826	1825	1826	1825	1826	1826	1825	1826	1825	1825	1826	1825	1826	1826	1825	1826	1826	1826	1826	1825	1826	1826	1827	1826	1826	1826
3669	798276	1827	1826	1826	1827	1826	1826	1826	1826	1826	1826	1826	1825	1826	1825	1826	1826	1826	1826	1826	1826	1826	1827	1827	1826	1826	1827	1826	1826	1827	1826	1826	1826	1826	1826	1826	1826	1826	1826	1826	1826	1826	1825	1826	1827	1826	1826	1826	1827	1828	1827	1827	1826	1826	1827	1827	1827	1826	1826	1827	1826	1827	1826	1826	1826	1826	1826	1826	1825	1826	1825	1825	1825	1826	1826	1826	1826	1826	1826	1826	1826	1826	1825	1826	1826	1826	1825	1826	1826	1826	1826	1826	1826	1826	1825	1826	1826	1825	1826	1826	1826	1826	1826	1826	1827	1826	1826	1826	1826	1826	1827	1827	1826	1826	1827	1827	1826	1826	1826	1827	1826	1827	1826	1827	1827	1825	1827	1827	1827
3670	798769	1826	1827	1826	1827	1827	1826	1827	1826	1826	1826	1826	1826	1826	1826	1826	1826	1827	1827	1827	1827	1827	1828	1827	1827	1827	1827	1827	1827	1828	1827	1827	1827	1827	1827	1827	1827	1827	1826	1826	1826	1827	1826	1826	1826	1827	1827	1827	1826	1826	1827	1827	1827	1826	1827	1826	1826	1826	1826	1825	1826	1826	1826	1826	1825	1825	1826	1826	1826	1825	1826	1826	1826	1826	1827	1826	1827	1826	1826	1826	1827	1827	1827	1826	1827	1826	1827	1827	1827	1827	1826	1826	1826	1826	1827	1826	1826	1826	1826	1826	1827	1827	1827	1827	1827	1827	1827	1827	1827	1827	1828	1827	1827	1827	1826	1827	1827	1827	1827	1827	1827	1827	1827	1827	1827	1827	1826	1827	1827
3671	799261	1827	1827	1828	1827	1827	1827	1827	1827	1828	1827	1827	1828	1827	1827	1827	1827	1827	1827	1828	1827	1827	1827	1827	1827	1826	1827	1826	1826	1827	1827	1827	1827	1827	1827	1827	1827	1827	1827	1827	1827	1826	1827	1827	1827	1827	1827	1826	1827	1827	1827	1826	1827	1826	1827	1827	1827	1827	1827	1827	1827	1827	1828	1827	1827	1827	1826	1827	1827	1828	1827	1827	1827	1827	1828	1827	1827	1827	1826	1827	1827	1827	1828	1827	1827	1826	1826	1827	1827	1827	1827	1828	1827	1828	1827	1827	1828	1828	1827	1827	1827	1827	1827	1828	1827	1827	1827	1827	1827	1827	1827	1827	1827	1828	1827	1827	1827	1828	1828	1827	1827	1827	1827	1827	1827	1827	1827	1827	1827
3672	799753	1828	1828	1828	1828	1828	1828	1828	1828	1828	1828	1828	1828	1827	1828	1828	1828	1827	1828	1828	1828	1828	1827	1828	1827	1827	1827	1827	1827	1827	1827	1827	1827	1827	1827	1826	1827	1827	1828	1827	1827	1828	1827	1827	1827	1828	1828	1828	1827	1827	1827	1827	1827	1828	1827	1827	1827	1827	1827	1827	1827	1828	1827	1828	1828	1828	1828	1828	1828	1828	1828	1827	1827	1827	1828	1828	1828	1828	1828	1828	1828	1828	1827	1827	1828	1828	1828	1828	1828	1828	1828	1827	1828	1828	1828	1828	1828	1828	1828	1828	1828	1828	1828	1828	1828	1828	1827	1828	1827	1828	1827	1827	1828	1826	1827	1827	1827	1827	1827	1827	1827	1827	1827	1827	1827	1827	1828	1828	1827
3673	800246	1828	1828	1827	1829	1828	1829	1828	1828	1828	1828	1828	1827	1828	1828	1828	1828	1828	1828	1828	1828	1827	1828	1828	1828	1829	1828	1828	1828	1828	1828	1828	1828	1828	1827	1828	1828	1828	1828	1827	1828	1830	1828	1828	1827	1828	1828	1827	1828	1827	1828	1828	1828	1828	1829	1828	1828	1828	1828	1828	1827	1828	1828	1828	1828	1828	1829	1828	1827	1828	1828	1828	1828	1828	1827	1828	1828	1828	1828	1828	1828	1828	1828	1828	1828	1828	1828	1829	1829	1828	1829	1828	1829	1829	1828	1828	1828	1828	1829	1829	1828	1828	1828	1828	1828	1828	1828	1828	1828	1828	1828	1828	1828	1828	1828	1828	1828	1828	1828	1828	1828	1828	1828	1828	1829	1829	1828	1828	1828
3674	800738	1828	1828	1828	1829	1828	1828	1828	1829	1829	1828	1828	1828	1828	1828	1828	1828	1828	1828	1828	1828	1828	1828	1828	1828	1828	1828	1828	1828	1829	1829	1828	1829	1829	1829	1828	1829	1829	1828	1828	1828	1828	1828	1829	1828	1829	1829	1828	1830	1828	1829	1829	1829	1828	1828	1828	1829	1828	1828	1828	1828	1828	1829	1828	1828	1828	1829	1829	1828	1829	1828	1828	1829	1828	1828	1828	1828	1829	1828	1828	1828	1829	1829	1829	1829	1829	1829	1829	1829	1829	1828	1828	1828	1828	1829	1828	1829	1829	1829	1828	1829	1829	1829	1829	1828	1828	1829	1829	1829	1828	1828	1828	1828	1828	1828	1828	1829	1828	1828	1828	1829	1829	1829	1829	1828	1829	1830	1829	1829
3675	801230	1828	1829	1830	1829	1829	1829	1829	1829	1829	1829	1829	1829	1829	1830	1829	1829	1830	1829	1829	1829	1829	1829	1828	1828	1829	1829	1829	1829	1829	1829	1830	1829	1829	1829	1830	1829	1829	1829	1829	1829	1830	1830	1830	1829	1829	1829	1829	1830	1830	1829	1830	1829	1829	1830	1828	1829	1829	1829	1829	1829	1829	1829	1830	1829	1829	1829	1830	1829	1829	1829	1829	1830	1829	1830	1829	1829	1830	1829	1830	1830	1829	1829	1829	1829	1829	1829	1829	1830	1829	1829	1829	1830	1830	1829	1829	1829	1830	1830	1829	1830	1829	1829	1830	1829	1830	1830	1830	1830	1830	1830	1830	1828	1830	1829	1829	1829	1829	1829	1829	1829	1830	1829	1829	1829	1830	1829	1829	1829
3676	801723	1830	1830	1830	1830	1830	1830	1830	1830	1830	1830	1831	1831	1830	1831	1830	1830	1830	1830	1830	1830	1830	1829	1830	1830	1830	1830	1829	1829	1829	1830	1830	1829	1829	1829	1829	1829	1829	1829	1829	1829	1829	1829	1829	1829	1829	1829	1829	1829	1829	1829	1829	1829	1830	1830	1830	1830	1830	1829	1829	1830	1829	1829	1829	1829	1830	1829	1830	1830	1829	1830	1829	1829	1830	1830	1830	1829	1829	1830	1829	1830	1830	1829	1830	1829	1829	1829	1829	1829	1829	1830	1829	1829	1829	1830	1830	1829	1830	1829	1829	1830	1830	1830	1829	1830	1830	1829	1830	1829	1830	1829	1829	1830	1829	1829	1829	1829	1829	1830	1830	1830	1829	1830	1829	1830	1830	1829	1830	1829
3677	802215	1830	1830	1830	1830	1831	1830	1830	1831	1831	1830	1830	1830	1830	1830	1830	1829	1830	1829	1830	1829	1830	1829	1830	1830	1829	1830	1830	1830	1829	1829	1828	1829	1829	1829	1830	1830	1830	1830	1830	1830	1830	1830	1830	1830	1830	1830	1829	1830	1830	1831	1830	1830	1828	1830	1830	1830	1830	1831	1830	1830	1830	1830	1830	1831	1831	1830	1830	1831	1830	1830	1830	1831	1830	1830	1831	1831	1831	1831	1831	1831	1831	1831	1831	1831	1831	1831	1830	1830	1830	1830	1829	1830	1830	1830	1830	1830	1829	1830	1830	1830	1831	1830	1830	1830	1829	1830	1829	1829	1829	1830	1830	1830	1830	1830	1830	1830	1830	1830	1830	1830	1830	1830	1830	1830	1830	1830	1831	1830
3678	802707	1830	1830	1830	1831	1831	1831	1831	1830	1830	1830	1830	1831	1830	1830	1831	1830	1832	1831	1831	1830	1831	1831	1830	1831	1831	1830	1831	1831	1830	1831	1830	1830	1831	1830	1830	1830	1830	1831	1830	1830	1830	1830	1831	1831	1830	1831	1831	1831	1831	1831	1831	1831	1831	1830	1831	1831	1831	1831	1831	1830	1831	1831	1830	1831	1831	1830	1831	1831	1830	1831	1829	1831	1831	1831	1831	1831	1831	1830	1831	1830	1830	1830	1830	1830	1830	1831	1830	1831	1830	1830	1830	1830	1831	1830	1830	1830	1830	1831	1831	1831	1830	1830	1830	1831	1831	1830	1830	1830	1830	1830	1830	1831	1831	1830	1831	1830	1831	1831	1830	1831	1831	1831	1830	1831	1831	1831	1831	1831
3679	803200	1831	1831	1831	1831	1831	1831	1832	1832	1832	1831	1832	1832	1831	1832	1831	1831	1831	1831	1831	1831	1831	1831	1831	1831	1831	1832	1832	1831	1831	1831	1832	1831	1831	1831	1831	1832	1831	1831	1831	1831	1831	1831	1831	1831	1831	1831	1830	1831	1831	1831	1831	1831	1831	1831	1831	1831	1831	1831	1831	1831	1831	1831	1831	1831	1831	1831	1831	1831	1830	1831	1831	1831	1832	1831	1832	1831	1832	1831	1832	1831	1831	1831	1831	1831	1831	1831	1832	1831	1831	1830	1830	1831	1830	1831	1831	1830	1831	1831	1831	1830	1831	1831	1831	1831	1831	1831	1831	1831	1831	1831	1830	1831	1831	1831	1830	1830	1830	1831	1831	1830	1831	1830	1830	1830	1830	1830	1830	1830
3680	803692	1832	1832	1832	1832	1832	1832	1831	1832	1832	1832	1832	1832	1831	1832	1832	1832	1832	1832	1832	1832	1832	1831	1832	1832	1831	1832	1831	1831	1831	1831	1832	1831	1831	1831	1831	1831	1831	1831	1832	1831	1831	1831	1831	1831	1831	1831	1830	1831	1831	1831	1831	1831	1831	1831	1832	1831	1831	1831	1832	1831	1831	1831	1831	1830	1831	1831	1831	1832	1832	1832	1832	1832	1832	1832	1832	1832	1832	1832	1831	1832	1831	1832	1832	1832	1832	1832	1832	1831	1833	1831	1832	1832	1832	1832	1832	1831	1831	1832	1832	1832	1831	1831	1831	1832	1832	1832	1832	1831	1831	1831	1832	1831	1831	1834	1832	1832	1832	1831	1831	1831	1832	1832	1832	1832	1832	1832	1832	1831
3681	804184	1833	1832	1832	1833	1832	1832	1833	1832	1833	1832	1833	1833	1833	1832	1832	1832	1832	1832	1832	1833	1833	1832	1832	1832	1832	1833	1832	1831	1832	1832	1832	1832	1832	1831	1832	1832	1831	1831	1832	1832	1832	1831	1832	1832	1832	1832	1831	1832	1831	1831	1832	1831	1831	1831	1831	1832	1832	1832	1831	1832	1832	1832	1832	1832	1832	1832	1832	1832	1832	1832	1832	1832	1832	1832	1832	1832	1831	1831	1832	1832	1832	1832	1832	1832	1832	1832	1832	1832	1832	1831	1832	1832	1832	1832	1831	1832	1832	1832	1832	1832	1832	1832	1832	1832	1832	1832	1832	1831	1832	1832	1832	1832	1832	1832	1832	1832	1833	1832	1832	1832	1832	1832	1832	1832	1832	1832	1832	1833
3682	804676	1832	1833	1833	1832	1833	1832	1832	1833	1832	1833	1832	1832	1832	1832	1832	1832	1833	1833	1831	1832	1833	1833	1833	1833	1832	1833	1833	1832	1833	1833	1833	1833	1832	1833	1833	1833	1832	1834	1832	1832	1833	1833	1833	1833	1833	1833	1832	1833	1833	1832	1833	1833	1833	1832	1832	1833	1832	1832	1832	1833	1832	1832	1833	1833	1832	1833	1833	1833	1833	1833	1832	1833	1833	1832	1832	1833	1832	1832	1832	1832	1832	1832	1833	1832	1833	1833	1832	1832	1832	1832	1833	1833	1833	1832	1833	1832	1832	1832	1833	1832	1832	1832	1833	1833	1832	1832	1832	1832	1832	1833	1833	1832	1833	1832	1833	1833	1832	1833	1832	1833	1833	1832	1833	1832	1833	1832	1832	1832
3683	805169	1833	1833	1833	1833	1833	1833	1833	1833	1833	1833	1833	1833	1833	1833	1833	1833	1833	1833	1833	1833	1833	1833	1833	1833	1833	1833	1834	1833	1832	1833	1833	1833	1833	1833	1832	1832	1833	1832	1833	1833	1832	1832	1833	1833	1833	1833	1833	1832	1833	1833	1833	1833	1834	1832	1833	1833	1833	1832	1833	1833	1833	1833	1833	1833	1833	1834	1834	1833	1833	1834	1834	1833	1834	1833	1834	1834	1833	1834	1833	1834	1834	1833	1833	1833	1833	1833	1833	1833	1834	1834	1834	1834	1834	1834	1834	1834	1833	1833	1833	1833	1833	1833	1833	1833	1833	1833	1833	1832	1833	1833	1833	1833	1833	1833	1832	1833	1833	1832	1832	1832	1833	1833	1832	1833	1832	1832	1832	1833
3684	805661	1833	1834	1833	1834	1833	1834	1834	1833	1833	1833	1834	1834	1833	1834	1835	1834	1834	1833	1834	1833	1833	1833	1833	1833	1833	1834	1833	1833	1833	1833	1833	1833	1833	1833	1833	1833	1833	1833	1833	1833	1833	1833	1833	1834	1833	1833	1833	1834	1834	1834	1834	1833	1833	1833	1833	1834	1833	1833	1834	1833	1834	1834	1834	1834	1833	1834	1834	1834	1834	1834	1834	1834	1834	1834	1833	1834	1834	1833	1834	1834	1833	1833	1834	1834	1834	1833	1833	1833	1834	1833	1833	1833	1833	1833	1834	1833	1833	1833	1833	1833	1832	1833	1833	1833	1833	1833	1833	1833	1833	1833	1833	1833	1833	1833	1833	1833	1833	1833	1833	1833	1833	1834	1833	1833	1833	1833	1833	1833
3685	806153	1834	1834	1834	1833	1834	1834	1834	1835	1834	1834	1834	1835	1834	1833	1833	1834	1834	1834	1834	1834	1834	1834	1834	1834	1834	1834	1834	1833	1834	1833	1833	1834	1834	1834	1834	1833	1833	1834	1834	1834	1835	1834	1834	1833	1834	1834	1833	1834	1834	1834	1834	1834	1835	1834	1834	1834	1833	1834	1834	1834	1835	1834	1834	1834	1834	1834	1833	1835	1834	1834	1835	1834	1834	1835	1834	1833	1834	1833	1833	1834	1833	1834	1833	1834	1834	1834	1833	1834	1833	1834	1833	1834	1833	1834	1834	1833	1834	1833	1833	1833	1833	1833	1833	1834	1834	1833	1834	1833	1833	1834	1833	1833	1834	1833	1833	1834	1834	1834	1834	1834	1833	1834	1834	1834	1834	1834	1833	1834
3686	806646	1835	1835	1835	1835	1835	1834	1835	1835	1834	1834	1834	1834	1835	1834	1835	1834	1834	1834	1834	1835	1834	1834	1835	1834	1834	1834	1834	1835	1834	1834	1834	1834	1835	1835	1835	1834	1834	1834	1834	1835	1834	1834	1834	1834	1834	1834	1835	1835	1834	1834	1835	1835	1834	1834	1835	1834	1834	1834	1834	1835	1834	1835	1835	1835	1835	1834	1835	1834	1834	1834	1834	1834	1834	1835	1834	1834	1835	1834	1834	1834	1835	1834	1834	1834	1834	1834	1834	1834	1834	1834	1834	1834	1834	1835	1834	1834	1834	1834	1835	1834	1834	1834	1834	1835	1834	1835	1835	1835	1835	1835	1835	1835	1835	1834	1835	1835	1834	1834	1834	1834	1834	1834	1835	1834	1835	1834	1834	1834
3687	807138	1835	1835	1835	1835	1835	1834	1835	1835	1835	1835	1835	1835	1835	1835	1836	1835	1834	1834	1834	1835	1834	1834	1835	1834	1836	1835	1835	1834	1835	1835	1835	1835	1834	1834	1835	1835	1835	1835	1834	1835	1834	1835	1835	1835	1835	1835	1835	1835	1835	1835	1835	1835	1835	1834	1835	1835	1835	1835	1835	1835	1835	1835	1835	1836	1835	1836	1836	1836	1836	1835	1836	1835	1836	1835	1835	1835	1835	1835	1836	1835	1836	1835	1835	1835	1835	1836	1835	1835	1836	1835	1835	1835	1835	1835	1835	1835	1835	1835	1835	1834	1834	1834	1835	1835	1834	1835	1835	1835	1835	1835	1835	1835	1836	1835	1836	1835	1835	1835	1835	1835	1835	1835	1835	1835	1835	1835	1835	1834
3688	807630	1836	1836	1836	1836	1835	1836	1835	1836	1836	1835	1836	1836	1836	1836	1835	1836	1835	1835	1836	1835	1836	1835	1835	1836	1835	1836	1836	1835	1835	1835	1835	1836	1835	1835	1835	1835	1836	1835	1835	1836	1835	1835	1836	1836	1835	1836	1836	1835	1835	1835	1835	1836	1835	1835	1835	1836	1835	1835	1835	1835	1836	1836	1836	1835	1836	1835	1836	1836	1836	1835	1836	1836	1836	1836	1836	1836	1835	1836	1835	1835	1835	1835	1836	1835	1835	1836	1836	1836	1836	1835	1835	1835	1835	1836	1835	1835	1835	1835	1835	1835	1835	1835	1836	1835	1835	1835	1835	1835	1834	1835	1835	1835	1835	1835	1835	1835	1835	1835	1835	1835	1835	1835	1835	1835	1835	1835	1834	1835
3689	808123	1836	1836	1835	1836	1836	1837	1836	1836	1836	1836	1837	1835	1836	1836	1836	1836	1836	1836	1836	1836	1836	1836	1836	1836	1836	1836	1836	1836	1836	1836	1836	1836	1836	1835	1836	1835	1836	1836	1835	1835	1836	1836	1835	1835	1836	1835	1836	1836	1836	1836	1836	1836	1836	1835	1836	1836	1836	1836	1835	1836	1836	1836	1836	1836	1836	1835	1835	1836	1836	1836	1836	1836	1836	1836	1836	1835	1836	1836	1836	1836	1836	1836	1836	1836	1836	1836	1836	1836	1836	1836	1836	1836	1835	1837	1836	1836	1836	1836	1836	1836	1836	1836	1836	1836	1836	1836	1836	1836	1836	1836	1836	1836	1835	1836	1836	1836	1835	1836	1836	1835	1836	1835	1836	1836	1836	1836	1836	1836
3690	808615	1836	1836	1836	1836	1836	1835	1836	1837	1837	1837	1836	1837	1837	1836	1837	1837	1836	1837	1837	1837	1837	1837	1837	1837	1837	1837	1837	1837	1838	1837	1837	1838	1837	1837	1837	1837	1837	1837	1837	1837	1837	1837	1837	1838	1837	1836	1836	1837	1837	1836	1837	1836	1836	1837	1836	1836	1837	1836	1837	1836	1836	1836	1835	1836	1836	1836	1836	1837	1836	1836	1837	1837	1836	1837	1836	1836	1836	1837	1836	1836	1836	1837	1837	1837	1836	1837	1836	1837	1836	1836	1837	1837	1837	1836	1837	1838	1837	1837	1837	1837	1838	1837	1837	1837	1837	1837	1838	1837	1837	1836	1837	1837	1837	1837	1837	1837	1837	1837	1837	1836	1836	1836	1836	1836	1836	1836	1836	1835
3691	809107	1837	1836	1837	1837	1836	1837	1836	1837	1837	1837	1837	1837	1837	1836	1837	1837	1837	1837	1837	1837	1837	1837	1837	1838	1837	1837	1837	1837	1837	1837	1837	1837	1837	1837	1837	1837	1838	1837	1837	1838	1837	1838	1837	1837	1837	1837	1837	1837	1837	1837	1836	1837	1837	1837	1837	1837	1837	1838	1837	1836	1837	1837	1836	1836	1837	1836	1837	1838	1837	1837	1837	1837	1838	1837	1838	1837	1837	1837	1837	1837	1837	1837	1838	1837	1837	1837	1837	1837	1838	1837	1837	1837	1837	1837	1836	1837	1837	1837	1838	1837	1837	1837	1837	1838	1836	1837	1837	1837	1836	1836	1837	1836	1837	1837	1836	1838	1837	1837	1837	1836	1837	1837	1837	1837	1837	1837	1837	1837
3692	809600	1837	1837	1837	1838	1838	1838	1837	1838	1837	1838	1838	1838	1838	1837	1838	1838	1838	1837	1838	1838	1838	1837	1838	1837	1837	1837	1837	1837	1837	1837	1837	1838	1837	1837	1837	1837	1838	1838	1837	1838	1837	1837	1838	1837	1837	1837	1838	1838	1837	1838	1837	1838	1837	1837	1837	1837	1838	1837	1838	1838	1837	1837	1837	1838	1838	1838	1838	1838	1838	1838	1837	1838	1837	1838	1837	1837	1837	1837	1838	1837	1838	1838	1837	1838	1838	1838	1838	1837	1838	1838	1838	1838	1838	1838	1838	1837	1837	1837	1838	1837	1837	1836	1837	1837	1837	1837	1837	1837	1836	1837	1838	1837	1837	1838	1837	1837	1836	1837	1836	1837	1837	1836	1837	1836	1837	1837	1836	1837
3693	810092	1838	1838	1838	1838	1838	1838	1838	1838	1838	1838	1838	1838	1838	1838	1838	1838	1839	1839	1838	1838	1838	1838	1839	1838	1838	1838	1838	1838	1838	1839	1839	1838	1838	1838	1838	1839	1838	1838	1838	1838	1838	1838	1838	1838	1838	1838	1838	1839	1839	1838	1838	1838	1838	1838	1838	1838	1839	1839	1838	1838	1838	1839	1839	1838	1838	1838	1839	1838	1838	1839	1838	1838	1838	1838	1838	1838	1838	1838	1838	1839	1838	1838	1837	1838	1838	1837	1838	1838	1838	1838	1838	1838	1838	1837	1838	1838	1838	1837	1838	1838	1838	1838	1838	1838	1838	1838	1838	1838	1838	1838	1838	1838	1838	1838	1838	1838	1838	1838	1838	1838	1839	1838	1838	1838	1838	1838	1838	1838
3694	810584	1838	1838	1838	1839	1838	1838	1838	1838	1838	1838	1839	1838	1838	1838	1838	1839	1838	1839	1838	1839	1839	1838	1839	1839	1839	1838	1838	1839	1839	1839	1839	1838	1839	1838	1838	1839	1838	1839	1839	1839	1838	1838	1838	1838	1838	1838	1839	1838	1838	1839	1838	1839	1840	1839	1839	1839	1838	1838	1838	1839	1838	1838	1837	1838	1838	1837	1838	1838	1838	1838	1838	1839	1838	1838	1838	1838	1839	1838	1839	1838	1838	1838	1838	1838	1838	1839	1838	1838	1838	1838	1838	1838	1838	1838	1838	1838	1838	1839	1838	1839	1839	1839	1839	1838	1838	1839	1838	1838	1839	1838	1838	1838	1838	1839	1839	1839	1838	1838	1838	1839	1838	1838	1838	1839	1839	1838	1838	1838
3695	811076	1839	1839	1839	1839	1839	1839	1839	1839	1839	1839	1840	1839	1839	1839	1839	1839	1839	1839	1839	1839	1839	1839	1838	1839	1839	1839	1838	1839	1838	1838	1839	1839	1839	1839	1838	1839	1838	1838	1839	1839	1839	1839	1839	1839	1839	1839	1839	1839	1839	1839	1840	1839	1839	1838	1839	1839	1839	1838	1839	1839	1839	1839	1839	1838	1839	1839	1838	1839	1838	1839	1839	1839	1839	1839	1839	1839	1839	1839	1838	1839	1838	1838	1838	1838	1838	1838	1839	1839	1838	1838	1839	1838	1839	1838	1839	1839	1839	1839	1839	1839	1839	1840	1839	1839	1839	1839	1839	1839	1839	1839	1839	1838	1839	1839	1838	1839	1839	1839	1839	1839	1839	1839	1839	1839	1839	1839	1840	1839
3696	811569	1838	1839	1839	1838	1839	1839	1840	1839	1839	1839	1839	1839	1839	1839	1839	1839	1840	1840	1839	1839	1840	1840	1839	1839	1839	1839	1840	1839	1840	1839	1839	1840	1839	1840	1840	1840	1840	1840	1840	1840	1839	1840	1839	1839	1839	1839	1839	1840	1839	1839	1840	1839	1839	1840	1839	1840	1839	1839	1839	1840	1840	1839	1839	1840	1839	1839	1839	1839	1839	1839	1839	1839	1839	1839	1839	1839	1839	1840	1840	1839	1840	1839	1839	1838	1839	1839	1839	1839	1840	1840	1839	1839	1839	1840	1839	1840	1839	1839	1840	1839	1839	1838	1839	1839	1839	1839	1839	1839	1839	1839	1839	1839	1839	1840	1839	1839	1838	1839	1839	1839	1839	1838	1839	1839	1840	1839	1838	1839
3697	812061	1840	1840	1841	1840	1840	1840	1840	1840	1840	1840	1840	1840	1840	1840	1840	1840	1839	1840	1839	1840	1840	1840	1840	1839	1840	1840	1840	1840	1840	1840	1839	1840	1839	1839	1839	1840	1840	1840	1840	1840	1839	1840	1839	1839	1839	1839	1839	1840	1839	1839	1840	1839	1839	1839	1839	1840	1840	1839	1840	1839	1840	1840	1839	1840	1840	1840	1840	1840	1840	1840	1840	1840	1840	1839	1840	1839	1840	1840	1839	1840	1839	1840	1840	1840	1840	1840	1840	1840	1840	1840	1839	1840	1840	1839	1840	1840	1840	1840	1840	1839	1840	1839	1840	1840	1840	1840	1839	1840	1840	1840	1840	1840	1840	1840	1840	1840	1840	1840	1840	1840	1840	1839	1840	1840	1840	1840	1840	1840
3698	812553	1841	1841	1841	1840	1841	1841	1841	1842	1841	1841	1841	1841	1840	1841	1841	1841	1841	1841	1841	1841	1841	1841	1840	1841	1841	1841	1840	1840	1841	1840	1841	1840	1840	1841	1841	1840	1841	1840	1841	1840	1840	1840	1840	1840	1840	1840	1840	1841	1840	1840	1840	1840	1840	1841	1840	1840	1840	1840	1840	1840	1841	1840	1841	1840	1840	1840	1840	1841	1840	1840	1840	1840	1840	1840	1839	1840	1840	1840	1840	1840	1840	1841	1841	1840	1841	1840	1841	1840	1840	1840	1840	1841	1841	1840	1841	1841	1841	1841	1841	1841	1840	1840	1840	1841	1840	1839	1840	1841	1840	1841	1840	1841	1841	1841	1840	1840	1840	1840	1840	1840	1840	1840	1840	1840	1840	1840	1840	1841
3699	813046	1841	1841	1841	1841	1841	1841	1841	1841	1841	1841	1841	1840	1841	1841	1841	1841	1841	1841	1841	1842	1841	1841	1842	1841	1841	1841	1842	1841	1841	1841	1841	1841	1841	1841	1841	1841	1841	1841	1841	1841	1841	1841	1841	1841	1841	1841	1841	1841	1841	1841	1840	1841	1841	1841	1841	1840	1840	1841	1841	1840	1841	1841	1841	1841	1841	1840	1841	1840	1840	1840	1840	1840	1840	1841	1840	1840	1841	1841	1841	1841	1841	1841	1841	1841	1840	1841	1841	1840	1842	1840	1840	1841	1841	1841	1841	1841	1841	1841	1841	1840	1841	1841	1841	1841	1840	1841	1841	1841	1841	1841	1840	1840	1841	1841	1840	1841	1840	1841	1841	1841	1841	1841	1840	1841	1841	1840	1841	1841
3700	813538	1842	1842	1842	1842	1842	1843	1842	1842	1842	1842	1842	1842	1842	1842	1842	1841	1841	1842	1841	1842	1841	1841	1841	1841	1842	1841	1841	1841	1840	1841	1841	1841	1841	1841	1841	1841	1841	1842	1842	1842	1842	1841	1841	1841	1841	1841	1841	1841	1841	1842	1841	1841	1841	1841	1841	1841	1841	1841	1841	1841	1841	1841	1841	1842	1841	1841	1841	1840	1841	1841	1841	1841	1841	1841	1841	1842	1841	1842	1842	1842	1842	1841	1842	1842	1842	1841	1841	1842	1842	1842	1842	1841	1841	1841	1841	1842	1841	1841	1841	1841	1841	1842	1841	1841	1842	1842	1841	1841	1841	1842	1841	1842	1841	1841	1841	1841	1841	1841	1841	1841	1841	1840	1841	1841	1840	1841	1841	1841
3701	814030	1842	1841	1842	1841	1842	1842	1842	1841	1842	1842	1841	1841	1842	1843	1842	1842	1842	1842	1842	1841	1842	1842	1842	1842	1842	1841	1842	1842	1842	1841	1842	1842	1842	1842	1842	1842	1842	1842	1842	1842	1842	1842	1842	1842	1841	1842	1841	1842	1842	1842	1842	1841	1842	1842	1841	1841	1842	1842	1842	1841	1842	1842	1842	1842	1842	1842	1842	1842	1842	1842	1842	1842	1842	1842	1842	1842	1842	1842	1842	1842	1842	1842	1842	1842	1842	1842	1842	1842	1843	1842	1842	1843	1842	1842	1842	1842	1843	1842	1842	1842	1842	1842	1842	1842	1842	1842	1842	1842	1842	1842	1842	1841	1842	1842	1842	1842	1842	1842	1842	1841	1841	1841	1841	1841	1842	1841	1841	1842
3702	814523	1843	1842	1842	1842	1842	1842	1842	1842	1842	1842	1842	1842	1842	1843	1843	1843	1842	1843	1842	1843	1842	1842	1843	1842	1842	1842	1841	1842	1842	1843	1842	1842	1843	1842	1843	1843	1843	1842	1842	1842	1842	1843	1842	1843	1843	1842	1843	1843	1843	1842	1842	1842	1842	1842	1843	1842	1842	1842	1842	1843	1842	1842	1843	1843	1843	1842	1842	1842	1842	1843	1842	1842	1843	1843	1843	1843	1843	1843	1843	1843	1843	1842	1842	1842	1843	1842	1843	1842	1841	1842	1842	1842	1842	1843	1843	1842	1842	1842	1843	1843	1842	1843	1842	1842	1842	1843	1843	1842	1843	1842	1842	1842	1842	1842	1842	1842	1842	1842	1842	1841	1842	1842	1842	1843	1843	1842	1843	1843
3703	815015	1843	1843	1843	1843	1843	1843	1843	1843	1843	1843	1843	1844	1843	1843	1843	1843	1843	1843	1843	1843	1843	1843	1843	1843	1843	1843	1843	1843	1843	1843	1844	1844	1843	1843	1843	1843	1843	1843	1843	1843	1843	1843	1843	1843	1843	1843	1843	1843	1843	1843	1843	1843	1843	1843	1843	1843	1843	1843	1843	1843	1843	1843	1843	1843	1843	1843	1843	1843	1843	1844	1843	1843	1843	1844	1843	1843	1844	1843	1844	1844	1843	1843	1843	1844	1843	1843	1843	1843	1843	1843	1843	1844	1843	1843	1842	1843	1843	1843	1843	1843	1843	1843	1843	1843	1842	1843	1843	1843	1843	1843	1843	1843	1843	1844	1843	1842	1843	1843	1843	1843	1843	1843	1842	1843	1842	1842	1842	1843
3704	815507	1843	1843	1844	1844	1844	1844	1843	1843	1843	1843	1843	1843	1844	1843	1844	1843	1843	1843	1843	1844	1843	1843	1844	1843	1844	1843	1843	1843	1843	1843	1843	1843	1843	1844	1843	1843	1844	1843	1844	1844	1843	1843	1844	1844	1843	1843	1843	1843	1843	1843	1843	1844	1843	1844	1843	1843	1843	1843	1843	1843	1843	1844	1844	1843	1843	1844	1843	1844	1844	1842	1843	1843	1844	1843	1844	1843	1843	1843	1843	1844	1844	1844	1844	1844	1843	1843	1844	1843	1844	1843	1843	1843	1843	1843	1844	1844	1843	1843	1843	1843	1843	1843	1843	1844	1843	1843	1843	1843	1843	1843	1843	1843	1843	1844	1844	1844	1843	1844	1843	1843	1843	1843	1844	1843	1843	1843	1843	1844
3705	816000	1845	1844	1844	1844	1844	1845	1844	1844	1844	1845	1844	1844	1844	1844	1844	1844	1844	1844	1843	1844	1843	1843	1843	1843	1843	1843	1844	1843	1843	1844	1843	1844	1844	1843	1843	1843	1843	1844	1844	1844	1843	1844	1843	1844	1844	1843	1844	1844	1843	1843	1844	1844	1844	1844	1843	1843	1844	1843	1844	1844	1844	1844	1844	1844	1844	1844	1844	1844	1844	1844	1844	1843	1843	1844	1843	1844	1844	1844	1844	1843	1843	1844	1844	1844	1844	1844	1844	1844	1844	1844	1844	1844	1844	1844	1844	1843	1844	1844	1843	1843	1844	1844	1843	1843	1844	1843	1843	1844	1844	1843	1844	1843	1844	1844	1844	1844	1844	1844	1845	1844	1844	1844	1844	1845	1844	1844	1843	1843
3706	816492	1845	1845	1845	1844	1844	1844	1844	1844	1844	1844	1844	1844	1844	1844	1844	1844	1844	1844	1844	1844	1844	1844	1843	1845	1844	1845	1844	1845	1845	1845	1845	1844	1844	1844	1844	1844	1844	1844	1844	1843	1844	1844	1844	1845	1844	1845	1845	1845	1846	1844	1846	1845	1845	1845	1844	1845	1844	1845	1845	1844	1845	1844	1845	1844	1845	1844	1844	1844	1844	1845	1845	1844	1844	1844	1844	1843	1843	1844	1844	1844	1844	1843	1844	1843	1844	1844	1844	1844	1844	1844	1844	1844	1844	1844	1844	1843	1844	1844	1844	1844	1844	1844	1844	1844	1845	1844	1844	1844	1844	1844	1844	1844	1844	1844	1844	1844	1844	1844	1844	1844	1844	1845	1845	1845	1844	1845	1845	1845
3707	816984	1846	1845	1846	1846	1845	1846	1845	1845	1845	1845	1846	1845	1845	1845	1845	1845	1845	1845	1844	1845	1845	1845	1845	1845	1844	1845	1845	1845	1845	1845	1845	1845	1845	1845	1845	1845	1845	1844	1845	1845	1845	1845	1845	1845	1845	1845	1844	1845	1845	1845	1845	1845	1845	1844	1845	1845	1844	1844	1845	1845	1844	1844	1845	1844	1845	1845	1844	1845	1845	1845	1845	1844	1845	1844	1845	1845	1844	1845	1844	1845	1844	1843	1844	1845	1844	1844	1845	1844	1844	1845	1845	1845	1845	1845	1845	1845	1845	1845	1845	1845	1845	1845	1845	1845	1845	1845	1845	1845	1846	1845	1846	1845	1845	1845	1845	1845	1845	1845	1845	1845	1845	1845	1845	1845	1846	1845	1845	1846
3708	817476	1846	1846	1845	1846	1846	1845	1846	1846	1845	1845	1846	1845	1846	1846	1845	1846	1846	1846	1846	1846	1846	1846	1846	1845	1846	1846	1845	1846	1845	1846	1846	1845	1846	1845	1845	1846	1845	1846	1845	1845	1846	1845	1846	1845	1846	1845	1845	1846	1846	1846	1846	1845	1846	1846	1846	1845	1845	1845	1845	1846	1846	1845	1845	1845	1846	1846	1846	1846	1846	1846	1846	1846	1846	1846	1846	1846	1846	1846	1846	1846	1846	1845	1846	1845	1846	1844	1846	1846	1845	1846	1845	1846	1846	1846	1846	1846	1846	1846	1846	1846	1845	1846	1845	1845	1846	1845	1845	1846	1845	1845	1845	1845	1845	1845	1845	1845	1845	1845	1845	1845	1845	1845	1845	1846	1845	1846	1845	1845
3709	817969	1846	1846	1846	1846	1846	1846	1846	1846	1846	1845	1845	1845	1846	1846	1846	1846	1847	1846	1847	1846	1846	1847	1846	1846	1846	1846	1846	1846	1846	1846	1846	1846	1846	1846	1847	1846	1846	1846	1846	1847	1846	1846	1846	1846	1847	1847	1846	1845	1845	1846	1845	1845	1845	1845	1846	1846	1846	1846	1846	1846	1846	1846	1846	1846	1846	1845	1845	1846	1846	1845	1846	1846	1846	1847	1846	1846	1846	1846	1847	1846	1846	1846	1846	1846	1846	1846	1846	1846	1846	1846	1846	1846	1846	1847	1846	1846	1846	1846	1847	1846	1847	1846	1847	1846	1846	1847	1846	1846	1846	1847	1845	1846	1846	1846	1846	1847	1846	1846	1845	1847	1846	1846	1846	1846	1847	1846	1846	1847
3710	818461	1847	1846	1847	1846	1846	1846	1847	1846	1847	1846	1846	1846	1846	1847	1846	1847	1846	1846	1847	1847	1847	1847	1847	1847	1847	1847	1847	1847	1847	1846	1847	1847	1847	1847	1847	1846	1846	1847	1847	1847	1846	1847	1847	1847	1847	1847	1846	1846	1846	1847	1846	1846	1847	1846	1847	1846	1846	1846	1845	1847	1846	1846	1846	1846	1847	1846	1846	1846	1846	1847	1846	1846	1846	1847	1846	1847	1847	1847	1847	1847	1847	1847	1847	1847	1847	1847	1846	1847	1847	1847	1846	1847	1847	1847	1846	1847	1847	1846	1847	1846	1846	1847	1846	1847	1847	1846	1847	1847	1846	1846	1846	1846	1846	1846	1846	1846	1846	1846	1846	1846	1846	1847	1846	1846	1846	1846	1847	1847
3711	818953	1846	1847	1847	1847	1847	1846	1847	1847	1846	1847	1846	1847	1847	1846	1847	1846	1847	1847	1847	1847	1846	1846	1847	1847	1846	1847	1847	1846	1847	1847	1847	1847	1847	1848	1847	1848	1847	1847	1847	1847	1847	1847	1846	1847	1847	1848	1847	1847	1848	1847	1848	1847	1847	1847	1848	1848	1848	1847	1847	1848	1847	1847	1847	1847	1847	1847	1847	1847	1847	1847	1847	1847	1847	1847	1847	1848	1847	1847	1847	1847	1847	1847	1847	1846	1847	1847	1846	1847	1847	1847	1847	1847	1847	1846	1847	1847	1847	1847	1847	1847	1847	1847	1848	1847	1848	1847	1847	1848	1847	1847	1847	1847	1847	1847	1847	1846	1847	1847	1847	1847	1847	1848	1847	1847	1847	1847	1847	1847
3712	819446	1847	1848	1847	1848	1847	1847	1847	1847	1847	1847	1848	1847	1848	1847	1848	1847	1848	1848	1847	1848	1847	1847	1848	1847	1848	1848	1848	1848	1848	1848	1848	1848	1848	1849	1848	1848	1848	1848	1848	1848	1849	1848	1848	1847	1848	1847	1848	1847	1848	1847	1847	1848	1847	1848	1848	1847	1847	1848	1848	1848	1847	1848	1847	1847	1847	1847	1847	1847	1847	1847	1847	1847	1847	1847	1847	1847	1847	1848	1846	1846	1846	1847	1847	1847	1847	1846	1847	1847	1846	1847	1846	1847	1847	1847	1847	1847	1847	1848	1847	1847	1847	1847	1848	1848	1848	1848	1848	1848	1848	1848	1848	1848	1848	1848	1849	1848	1848	1848	1848	1848	1848	1848	1847	1848	1847	1847	1847	1847
3713	819938	1848	1848	1848	1847	1849	1848	1848	1848	1847	1848	1848	1848	1848	1848	1848	1848	1848	1848	1848	1848	1848	1848	1848	1848	1847	1848	1848	1847	1848	1848	1847	1848	1848	1848	1848	1848	1848	1848	1848	1848	1848	1848	1848	1848	1848	1850	1848	1848	1849	1847	1848	1848	1848	1848	1848	1848	1848	1848	1848	1848	1848	1848	1848	1848	1848	1848	1848	1849	1848	1848	1849	1848	1848	1848	1848	1848	1847	1848	1848	1848	1848	1848	1848	1848	1848	1848	1848	1848	1848	1848	1848	1848	1848	1848	1848	1848	1848	1848	1848	1848	1848	1848	1848	1848	1848	1848	1848	1848	1847	1848	1848	1848	1848	1848	1848	1849	1848	1848	1848	1848	1848	1848	1848	1848	1848	1848	1848	1848
3714	820430	1848	1848	1848	1848	1848	1848	1848	1848	1848	1848	1848	1848	1848	1847	1848	1848	1848	1848	1848	1848	1848	1848	1848	1848	1849	1848	1848	1848	1848	1848	1848	1848	1849	1849	1849	1849	1849	1849	1849	1849	1849	1848	1849	1849	1849	1848	1848	1849	1848	1849	1848	1848	1848	1848	1848	1848	1848	1848	1848	1848	1848	1848	1848	1849	1848	1848	1848	1848	1849	1848	1848	1848	1848	1848	1848	1848	1848	1848	1848	1848	1848	1848	1848	1848	1848	1848	1848	1848	1848	1848	1848	1848	1848	1849	1848	1849	1848	1849	1849	1848	1848	1849	1848	1849	1848	1848	1848	1849	1849	1848	1848	1848	1848	1848	1848	1848	1848	1848	1848	1849	1848	1848	1848	1848	1848	1848	1848	1849
3715	820923	1849	1849	1848	1848	1848	1848	1848	1849	1848	1849	1849	1848	1849	1849	1849	1848	1849	1849	1849	1849	1849	1849	1849	1849	1848	1848	1848	1849	1849	1849	1849	1849	1849	1849	1849	1848	1849	1849	1848	1849	1849	1849	1848	1848	1849	1849	1849	1849	1849	1849	1849	1848	1848	1849	1848	1849	1849	1848	1849	1849	1849	1849	1848	1849	1848	1848	1848	1849	1849	1848	1849	1848	1849	1848	1848	1848	1849	1849	1849	1848	1849	1849	1849	1849	1848	1849	1848	1849	1849	1849	1849	1848	1849	1849	1849	1849	1848	1848	1849	1848	1849	1848	1849	1849	1849	1849	1849	1849	1849	1849	1849	1849	1849	1849	1849	1849	1849	1849	1849	1849	1849	1849	1848	1848	1849	1849	1849	1848
3716	821415	1849	1850	1849	1849	1849	1849	1849	1849	1849	1850	1849	1849	1849	1849	1849	1849	1849	1849	1849	1849	1849	1849	1849	1849	1849	1849	1849	1849	1849	1848	1849	1849	1848	1849	1848	1849	1849	1849	1849	1849	1849	1849	1849	1849	1849	1849	1849	1849	1849	1849	1849	1849	1850	1850	1850	1849	1850	1849	1849	1849	1849	1850	1850	1849	1850	1850	1850	1850	1849	1850	1849	1849	1849	1850	1849	1849	1848	1849	1849	1849	1849	1849	1849	1850	1849	1849	1849	1850	1849	1850	1850	1848	1849	1849	1849	1849	1848	1849	1849	1849	1849	1849	1849	1848	1848	1848	1848	1849	1849	1849	1849	1849	1848	1849	1849	1849	1849	1849	1849	1850	1849	1849	1849	1849	1849	1849	1849	1849
3717	821907	1850	1850	1850	1850	1849	1850	1850	1850	1850	1850	1849	1850	1850	1851	1850	1850	1851	1850	1851	1850	1850	1851	1851	1851	1850	1851	1850	1850	1851	1850	1851	1851	1851	1851	1850	1850	1850	1850	1850	1850	1850	1849	1850	1850	1849	1850	1850	1850	1850	1850	1849	1849	1849	1849	1849	1849	1849	1849	1849	1850	1849	1849	1849	1850	1850	1849	1849	1850	1850	1850	1850	1850	1849	1850	1850	1850	1849	1850	1849	1849	1850	1849	1850	1849	1850	1850	1849	1849	1850	1849	1850	1850	1850	1850	1849	1850	1850	1850	1850	1850	1850	1850	1850	1850	1850	1850	1850	1849	1849	1850	1849	1849	1849	1849	1849	1849	1849	1850	1849	1850	1849	1850	1849	1850	1850	1849	1850	1849
3718	822400	1850	1850	1851	1851	1851	1850	1851	1851	1850	1851	1850	1851	1851	1850	1851	1850	1850	1851	1851	1850	1850	1850	1850	1851	1851	1850	1851	1850	1851	1850	1851	1851	1849	1850	1850	1850	1850	1850	1850	1850	1850	1850	1850	1850	1850	1850	1850	1849	1850	1850	1850	1850	1850	1850	1850	1850	1850	1850	1850	1850	1850	1850	1850	1850	1850	1849	1850	1850	1850	1850	1850	1850	1851	1850	1850	1850	1851	1850	1850	1851	1850	1851	1851	1851	1851	1850	1850	1851	1850	1850	1850	1850	1851	1850	1850	1851	1850	1851	1850	1851	1851	1851	1851	1851	1850	1851	1850	1851	1850	1850	1851	1851	1850	1849	1851	1850	1850	1850	1850	1850	1850	1850	1851	1850	1851	1850	1850	1850
3719	822892	1850	1851	1850	1851	1850	1850	1850	1850	1850	1850	1850	1850	1850	1850	1850	1850	1850	1851	1851	1850	1850	1851	1850	1850	1850	1851	1851	1851	1851	1851	1851	1850	1851	1851	1851	1851	1851	1851	1851	1851	1851	1851	1851	1850	1851	1851	1851	1851	1850	1852	1851	1851	1851	1851	1852	1851	1851	1851	1851	1851	1851	1851	1851	1850	1850	1850	1850	1850	1850	1851	1851	1851	1851	1851	1851	1851	1851	1850	1851	1850	1851	1851	1850	1851	1851	1851	1851	1850	1851	1850	1851	1851	1851	1851	1851	1851	1851	1850	1850	1851	1851	1851	1851	1850	1851	1851	1851	1851	1851	1851	1851	1851	1851	1851	1851	1851	1851	1851	1851	1851	1851	1850	1851	1851	1851	1851	1851	1851
3720	823384	1851	1852	1851	1851	1851	1852	1851	1852	1852	1852	1851	1852	1852	1852	1852	1852	1852	1851	1852	1851	1852	1852	1851	1851	1852	1851	1852	1852	1852	1852	1852	1852	1851	1852	1852	1852	1852	1851	1852	1852	1852	1852	1851	1851	1851	1851	1852	1851	1851	1851	1852	1851	1851	1851	1851	1852	1851	1851	1851	1851	1852	1852	1851	1851	1851	1852	1851	1851	1851	1851	1851	1851	1851	1851	1851	1851	1851	1851	1851	1851	1852	1851	1851	1851	1850	1851	1851	1851	1851	1850	1851	1851	1851	1851	1851	1852	1851	1851	1851	1851	1851	1851	1851	1850	1851	1851	1852	1851	1851	1852	1851	1851	1851	1852	1852	1852	1851	1852	1851	1852	1851	1851	1851	1851	1851	1851	1852	1851
3721	823876	1852	1852	1852	1851	1852	1852	1852	1852	1852	1852	1851	1851	1851	1851	1851	1852	1852	1851	1852	1852	1852	1852	1852	1852	1852	1852	1852	1852	1852	1851	1853	1852	1852	1852	1852	1852	1852	1852	1851	1852	1852	1852	1852	1852	1852	1852	1852	1852	1853	1852	1853	1852	1853	1852	1852	1851	1851	1852	1851	1852	1852	1851	1851	1851	1852	1851	1851	1852	1851	1852	1852	1852	1851	1851	1852	1851	1852	1852	1852	1852	1852	1852	1851	1851	1852	1852	1852	1852	1851	1852	1852	1851	1852	1852	1852	1852	1852	1852	1852	1852	1853	1852	1852	1852	1852	1853	1852	1852	1852	1851	1852	1852	1852	1852	1852	1851	1852	1852	1852	1852	1851	1852	1851	1852	1852	1852	1852	1851
3722	824369	1852	1852	1852	1852	1852	1852	1852	1852	1852	1851	1852	1851	1852	1852	1851	1852	1852	1852	1852	1852	1852	1852	1852	1852	1851	1852	1852	1851	1852	1851	1852	1851	1852	1851	1852	1852	1852	1852	1852	1852	1852	1852	1852	1851	1852	1852	1851	1852	1852	1852	1852	1853	1852	1852	1852	1852	1853	1852	1852	1852	1852	1852	1852	1853	1853	1852	1852	1852	1852	1852	1852	1852	1852	1852	1852	1852	1852	1852	1853	1852	1852	1853	1852	1853	1853	1853	1853	1852	1853	1852	1852	1852	1852	1852	1852	1852	1852	1852	1853	1852	1852	1853	1852	1852	1852	1852	1853	1852	1853	1853	1852	1853	1852	1853	1853	1853	1853	1852	1853	1852	1852	1852	1852	1852	1852	1853	1852	1852
3723	824861	1852	1853	1853	1852	1853	1852	1853	1853	1852	1853	1852	1853	1852	1852	1853	1853	1853	1853	1853	1854	1853	1853	1853	1853	1853	1853	1853	1853	1853	1853	1853	1853	1853	1853	1853	1854	1854	1853	1853	1853	1853	1853	1853	1853	1853	1853	1853	1854	1853	1853	1853	1853	1853	1853	1853	1853	1853	1853	1853	1853	1853	1854	1853	1854	1853	1855	1854	1853	1854	1853	1852	1853	1853	1853	1853	1852	1853	1853	1852	1853	1853	1853	1853	1853	1853	1853	1854	1853	1853	1853	1853	1853	1853	1853	1853	1853	1853	1853	1853	1853	1852	1853	1852	1853	1852	1853	1852	1853	1853	1853	1854	1853	1854	1854	1854	1853	1853	1854	1854	1853	1853	1853	1853	1853	1853	1853	1853	1853
3724	825353	1853	1853	1853	1853	1853	1853	1852	1853	1853	1853	1853	1853	1853	1853	1853	1853	1853	1853	1853	1854	1853	1854	1854	1854	1854	1854	1854	1854	1854	1854	1854	1854	1855	1854	1854	1854	1854	1854	1854	1854	1854	1855	1854	1853	1853	1854	1854	1854	1854	1854	1854	1853	1854	1854	1854	1854	1854	1853	1854	1854	1853	1853	1853	1853	1853	1853	1853	1853	1853	1853	1853	1853	1853	1853	1853	1853	1853	1853	1853	1854	1853	1854	1853	1853	1853	1853	1853	1853	1853	1853	1854	1853	1853	1853	1853	1854	1854	1853	1854	1854	1854	1854	1854	1854	1854	1854	1854	1854	1854	1854	1854	1854	1854	1854	1853	1854	1854	1854	1854	1853	1853	1854	1854	1853	1853	1854	1853	1854
3725	825846	1854	1855	1855	1854	1854	1854	1853	1853	1854	1853	1854	1853	1853	1854	1853	1853	1854	1853	1853	1854	1853	1854	1854	1854	1854	1853	1853	1854	1854	1853	1854	1854	1854	1854	1854	1854	1854	1853	1853	1854	1853	1853	1853	1853	1853	1854	1854	1853	1854	1854	1854	1855	1854	1854	1855	1855	1854	1854	1854	1854	1854	1854	1854	1854	1854	1854	1854	1853	1853	1853	1854	1853	1854	1853	1854	1854	1855	1853	1854	1854	1853	1853	1854	1854	1854	1853	1853	1853	1853	1853	1854	1853	1853	1853	1853	1854	1853	1854	1853	1853	1853	1853	1853	1853	1853	1853	1853	1854	1853	1853	1853	1853	1854	1853	1852	1854	1853	1853	1854	1854	1854	1854	1854	1854	1854	1853	1854	1854
3726	826338	1854	1855	1855	1854	1855	1854	1855	1854	1855	1854	1854	1854	1854	1855	1854	1854	1854	1854	1855	1855	1854	1854	1855	1855	1855	1855	1855	1854	1855	1854	1854	1854	1854	1854	1854	1854	1855	1854	1854	1854	1854	1855	1855	1854	1855	1854	1854	1854	1854	1854	1855	1855	1854	1854	1854	1854	1855	1854	1855	1855	1854	1855	1854	1855	1855	1854	1854	1854	1855	1854	1855	1854	1854	1854	1854	1854	1854	1854	1854	1854	1854	1854	1854	1854	1855	1854	1853	1854	1854	1854	1854	1855	1854	1854	1854	1855	1854	1854	1854	1853	1854	1854	1854	1854	1855	1855	1854	1854	1855	1854	1854	1854	1854	1854	1855	1854	1854	1854	1855	1855	1854	1854	1854	1855	1855	1854	1854	1853
3727	826830	1854	1854	1854	1855	1855	1856	1855	1855	1855	1855	1855	1855	1855	1855	1855	1855	1855	1855	1855	1855	1855	1856	1856	1855	1855	1855	1855	1855	1855	1856	1856	1855	1855	1855	1855	1855	1855	1855	1855	1855	1856	1855	1856	1855	1855	1855	1855	1855	1855	1855	1855	1855	1854	1855	1855	1854	1855	1855	1855	1856	1855	1855	1855	1854	1855	1855	1854	1854	1854	1855	1854	1854	1855	1855	1854	1854	1854	1854	1855	1855	1854	1855	1855	1855	1854	1854	1854	1854	1854	1854	1854	1854	1854	1855	1854	1854	1855	1854	1855	1854	1855	1854	1855	1855	1854	1855	1855	1854	1855	1855	1855	1855	1855	1855	1854	1855	1855	1855	1855	1855	1855	1855	1855	1855	1855	1855	1855	1855
3728	827323	1855	1855	1855	1855	1855	1856	1855	1856	1856	1856	1856	1855	1856	1856	1856	1856	1855	1855	1855	1856	1856	1855	1856	1856	1856	1856	1856	1856	1856	1856	1855	1855	1855	1856	1856	1855	1855	1855	1855	1856	1855	1855	1855	1855	1855	1854	1854	1855	1855	1855	1855	1855	1855	1855	1855	1855	1855	1855	1855	1854	1854	1854	1854	1854	1854	1855	1855	1855	1855	1855	1855	1855	1855	1855	1855	1855	1855	1855	1855	1855	1856	1856	1856	1856	1855	1856	1855	1856	1856	1855	1856	1855	1855	1856	1855	1856	1856	1856	1856	1856	1856	1856	1855	1855	1856	1856	1855	1856	1855	1855	1856	1855	1855	1855	1856	1855	1855	1855	1855	1855	1854	1855	1855	1855	1855	1855	1855	1856
3729	827815	1855	1856	1856	1855	1856	1855	1856	1856	1856	1856	1856	1856	1856	1856	1856	1856	1856	1856	1856	1855	1856	1855	1855	1855	1855	1855	1858	1855	1855	1856	1856	1856	1856	1855	1856	1855	1855	1856	1856	1856	1855	1856	1856	1855	1856	1855	1856	1856	1856	1856	1856	1857	1856	1856	1856	1856	1855	1856	1856	1856	1856	1856	1856	1856	1856	1856	1857	1855	1856	1856	1855	1856	1856	1856	1856	1856	1856	1856	1856	1856	1856	1856	1855	1856	1856	1855	1855	1856	1856	1856	1855	1856	1855	1856	1856	1856	1856	1856	1856	1855	1856	1855	1855	1855	1855	1856	1856	1855	1855	1856	1856	1855	1856	1855	1855	1855	1856	1855	1855	1855	1856	1856	1855	1856	1855	1856	1856	1856
3730	828307	1856	1856	1856	1856	1856	1856	1856	1856	1856	1856	1856	1856	1856	1857	1857	1856	1856	1856	1857	1856	1857	1856	1856	1856	1856	1857	1857	1856	1856	1856	1856	1856	1856	1856	1855	1856	1857	1856	1857	1856	1857	1857	1856	1857	1857	1857	1857	1857	1857	1856	1857	1856	1856	1856	1856	1857	1856	1857	1857	1857	1857	1856	1856	1856	1856	1856	1856	1856	1856	1856	1857	1855	1856	1856	1856	1856	1856	1856	1856	1856	1856	1855	1856	1856	1856	1856	1856	1856	1855	1855	1856	1856	1856	1855	1856	1856	1856	1856	1856	1856	1856	1856	1856	1855	1856	1856	1856	1856	1857	1856	1856	1857	1856	1856	1856	1855	1856	1856	1856	1856	1856	1856	1856	1856	1856	1856	1856	1856
3731	828800	1856	1857	1857	1856	1857	1857	1857	1857	1857	1856	1856	1857	1856	1856	1857	1856	1856	1856	1857	1857	1857	1856	1857	1856	1856	1857	1857	1857	1856	1856	1856	1856	1856	1856	1856	1857	1857	1856	1857	1856	1857	1857	1857	1857	1857	1857	1857	1857	1857	1857	1857	1857	1857	1856	1857	1856	1856	1856	1856	1856	1857	1857	1857	1857	1857	1857	1857	1857	1857	1857	1857	1857	1857	1857	1857	1857	1856	1857	1857	1857	1856	1857	1857	1857	1856	1857	1856	1857	1856	1857	1856	1857	1856	1856	1856	1857	1856	1856	1856	1857	1857	1856	1856	1856	1857	1856	1856	1857	1856	1857	1857	1857	1857	1856	1857	1856	1857	1857	1857	1857	1857	1857	1856	1856	1857	1857	1857	1856
3732	829292	1857	1857	1857	1858	1858	1858	1857	1858	1857	1857	1858	1858	1857	1858	1858	1858	1858	1858	1858	1856	1857	1858	1857	1858	1858	1857	1857	1857	1857	1857	1857	1857	1857	1857	1857	1857	1857	1857	1857	1856	1857	1857	1857	1857	1857	1856	1857	1856	1857	1857	1858	1856	1857	1857	1857	1857	1857	1857	1857	1857	1857	1856	1856	1857	1857	1857	1857	1857	1857	1856	1857	1857	1856	1857	1857	1857	1857	1856	1857	1857	1857	1857	1856	1857	1857	1857	1857	1857	1857	1857	1857	1857	1858	1857	1857	1857	1857	1858	1857	1857	1858	1858	1857	1857	1857	1857	1857	1858	1859	1857	1857	1857	1857	1857	1857	1857	1857	1857	1857	1856	1857	1857	1858	1857	1857	1857	1856	1857
3733	829784	1858	1859	1859	1858	1858	1858	1858	1858	1858	1858	1858	1858	1858	1858	1858	1858	1858	1858	1858	1858	1858	1857	1857	1857	1858	1857	1857	1858	1857	1857	1857	1858	1859	1857	1857	1858	1857	1857	1857	1857	1857	1858	1857	1858	1858	1857	1857	1857	1857	1858	1857	1857	1857	1856	1857	1857	1857	1857	1857	1858	1857	1859	1858	1858	1859	1857	1858	1858	1858	1858	1857	1858	1858	1858	1858	1858	1858	1857	1857	1857	1857	1858	1857	1857	1858	1858	1858	1858	1858	1858	1858	1858	1858	1857	1857	1858	1857	1857	1858	1856	1857	1857	1857	1858	1857	1857	1857	1858	1857	1857	1857	1857	1857	1858	1857	1858	1857	1857	1858	1858	1859	1858	1858	1858	1858	1858	1857	1857
3734	830276	1857	1858	1858	1857	1858	1858	1858	1857	1857	1858	1858	1858	1857	1858	1858	1858	1858	1858	1858	1858	1857	1858	1858	1857	1858	1857	1857	1858	1858	1858	1858	1858	1858	1858	1858	1858	1858	1858	1858	1859	1858	1858	1859	1858	1858	1858	1858	1858	1858	1858	1858	1858	1858	1858	1859	1858	1858	1858	1858	1858	1858	1859	1858	1858	1858	1858	1858	1859	1858	1858	1858	1858	1857	1859	1858	1858	1858	1858	1858	1857	1858	1857	1858	1858	1857	1858	1857	1857	1858	1857	1857	1857	1858	1858	1858	1857	1858	1859	1859	1858	1858	1858	1858	1859	1858	1858	1858	1858	1858	1858	1858	1859	1859	1858	1858	1859	1859	1859	1858	1859	1858	1859	1859	1858	1859	1858	1858	1859
3735	830769	1859	1859	1859	1859	1859	1858	1858	1858	1858	1858	1858	1858	1858	1858	1858	1857	1859	1858	1858	1858	1859	1858	1859	1859	1859	1859	1859	1859	1859	1858	1859	1858	1858	1859	1858	1859	1858	1858	1859	1859	1859	1859	1859	1859	1859	1859	1859	1859	1858	1858	1859	1859	1858	1858	1857	1858	1858	1858	1858	1858	1858	1858	1858	1858	1858	1857	1859	1858	1859	1858	1858	1858	1859	1858	1858	1858	1859	1858	1858	1858	1858	1857	1858	1859	1858	1858	1859	1858	1858	1858	1859	1859	1858	1858	1858	1858	1859	1858	1859	1859	1859	1859	1859	1859	1859	1859	1859	1859	1859	1859	1858	1859	1859	1859	1859	1859	1859	1859	1859	1859	1859	1858	1859	1859	1859	1859	1858	1859
3736	831261	1860	1860	1860	1860	1860	1860	1860	1860	1859	1860	1860	1860	1860	1860	1860	1860	1860	1859	1860	1860	1860	1859	1860	1859	1860	1860	1860	1860	1860	1860	1860	1860	1859	1860	1860	1859	1860	1859	1859	1858	1859	1858	1859	1858	1860	1859	1859	1859	1859	1860	1859	1859	1860	1859	1859	1860	1860	1859	1859	1859	1859	1859	1859	1859	1859	1859	1859	1859	1859	1859	1859	1859	1859	1860	1860	1860	1859	1860	1860	1860	1859	1860	1860	1860	1860	1860	1859	1859	1859	1859	1860	1859	1860	1860	1860	1859	1860	1859	1859	1859	1859	1860	1859	1860	1860	1860	1860	1860	1859	1859	1859	1860	1859	1859	1859	1859	1859	1859	1859	1859	1859	1859	1859	1859	1859	1859	1858	1859
3737	831753	1860	1859	1859	1860	1860	1859	1860	1859	1860	1860	1860	1859	1860	1859	1859	1860	1860	1860	1860	1859	1860	1860	1860	1860	1860	1859	1859	1859	1859	1859	1859	1859	1859	1859	1859	1859	1859	1860	1859	1859	1860	1859	1860	1859	1859	1859	1859	1859	1859	1859	1859	1859	1859	1859	1859	1859	1860	1860	1860	1859	1860	1859	1860	1859	1860	1859	1859	1860	1859	1860	1859	1860	1860	1859	1859	1860	1859	1860	1859	1859	1860	1860	1859	1859	1860	1859	1860	1860	1860	1860	1859	1860	1859	1860	1859	1859	1860	1860	1859	1860	1859	1859	1859	1860	1859	1859	1859	1859	1859	1859	1859	1859	1859	1859	1859	1859	1859	1860	1859	1859	1859	1859	1860	1860	1860	1859	1859	1859
3738	832246	1860	1861	1860	1861	1860	1860	1860	1860	1860	1860	1860	1860	1860	1860	1860	1860	1861	1860	1860	1860	1861	1860	1860	1860	1860	1860	1860	1860	1860	1860	1860	1860	1860	1860	1860	1860	1860	1860	1860	1859	1860	1860	1860	1860	1860	1860	1860	1860	1860	1860	1860	1860	1860	1860	1860	1860	1859	1860	1860	1860	1860	1860	1860	1860	1860	1860	1860	1860	1860	1860	1860	1860	1861	1860	1860	1860	1860	1861	1861	1860	1860	1860	1860	1860	1860	1861	1860	1860	1860	1860	1860	1861	1860	1860	1860	1861	1861	1860	1860	1860	1861	1860	1861	1861	1860	1861	1860	1860	1860	1860	1860	1861	1860	1860	1860	1860	1860	1860	1860	1860	1861	1860	1860	1860	1860	1860	1859	1859
3739	832738	1861	1861	1861	1861	1861	1860	1861	1861	1861	1861	1861	1861	1861	1861	1861	1861	1861	1861	1861	1861	1861	1860	1861	1860	1861	1861	1860	1860	1860	1861	1860	1861	1861	1860	1861	1861	1861	1861	1861	1860	1860	1860	1861	1860	1860	1861	1861	1861	1860	1860	1861	1860	1861	1860	1861	1861	1860	1861	1861	1861	1860	1861	1861	1861	1862	1861	1861	1861	1861	1860	1861	1861	1860	1861	1861	1861	1861	1861	1861	1861	1861	1860	1860	1860	1861	1861	1860	1861	1860	1861	1860	1860	1861	1860	1860	1861	1860	1861	1860	1860	1861	1860	1860	1861	1861	1860	1860	1860	1860	1861	1861	1860	1861	1861	1861	1861	1861	1861	1861	1861	1861	1862	1861	1861	1861	1860	1860	1860
3740	833230	1861	1861	1861	1861	1861	1861	1861	1861	1861	1861	1861	1860	1862	1861	1861	1861	1861	1861	1861	1862	1861	1862	1862	1861	1862	1861	1862	1862	1861	1862	1861	1862	1861	1861	1862	1861	1861	1862	1862	1862	1861	1861	1861	1861	1862	1860	1861	1861	1861	1862	1861	1861	1861	1861	1861	1861	1861	1861	1861	1861	1861	1861	1861	1861	1861	1861	1861	1861	1861	1861	1861	1861	1860	1861	1861	1860	1861	1861	1862	1861	1861	1861	1861	1861	1861	1860	1861	1861	1861	1860	1861	1861	1861	1861	1861	1861	1861	1861	1862	1861	1861	1861	1861	1862	1861	1861	1861	1861	1861	1862	1861	1861	1861	1862	1862	1861	1861	1862	1862	1862	1862	1861	1862	1861	1862	1862	1862	1862
3741	833723	1861	1862	1861	1862	1862	1861	1862	1862	1862	1862	1862	1862	1862	1862	1862	1862	1862	1862	1862	1861	1862	1861	1861	1862	1862	1862	1861	1862	1861	1862	1862	1862	1862	1861	1861	1861	1861	1861	1861	1861	1861	1861	1861	1860	1860	1862	1861	1861	1862	1862	1862	1861	1861	1861	1862	1862	1861	1861	1861	1861	1862	1861	1862	1862	1862	1862	1862	1862	1862	1862	1862	1862	1862	1862	1862	1863	1862	1862	1862	1862	1862	1862	1862	1861	1861	1861	1862	1861	1861	1862	1862	1862	1862	1861	1861	1861	1861	1862	1861	1861	1861	1861	1861	1861	1861	1861	1862	1862	1862	1861	1860	1861	1862	1861	1862	1860	1861	1861	1861	1862	1862	1862	1861	1862	1862	1862	1862	1862
3742	834215	1862	1863	1862	1862	1863	1862	1862	1863	1863	1863	1863	1863	1863	1862	1863	1863	1862	1863	1862	1863	1863	1862	1862	1863	1862	1863	1863	1863	1862	1863	1862	1862	1863	1862	1862	1861	1862	1862	1862	1862	1862	1862	1863	1862	1862	1861	1861	1862	1862	1862	1862	1862	1862	1862	1862	1862	1862	1863	1862	1862	1862	1862	1863	1862	1863	1862	1861	1862	1862	1862	1862	1862	1862	1862	1862	1863	1863	1862	1862	1862	1862	1863	1863	1862	1863	1862	1862	1861	1862	1862	1861	1862	1862	1862	1863	1862	1863	1863	1863	1863	1862	1862	1863	1863	1863	1862	1862	1863	1862	1862	1862	1862	1862	1862	1862	1862	1862	1862	1861	1862	1862	1861	1862	1862	1861	1862	1862	1862
3743	834707	1862	1863	1863	1862	1863	1862	1863	1863	1863	1863	1863	1863	1862	1863	1863	1863	1863	1862	1863	1863	1863	1863	1862	1863	1862	1862	1862	1862	1863	1862	1863	1862	1862	1862	1862	1863	1862	1862	1863	1862	1863	1863	1862	1863	1862	1862	1862	1863	1862	1862	1863	1862	1862	1862	1863	1863	1863	1863	1862	1863	1863	1863	1863	1863	1863	1863	1863	1863	1863	1863	1863	1863	1863	1863	1863	1863	1863	1863	1863	1863	1863	1863	1863	1863	1864	1863	1863	1863	1863	1863	1863	1863	1862	1863	1863	1863	1863	1863	1863	1863	1862	1862	1863	1863	1863	1863	1862	1862	1862	1863	1863	1863	1863	1863	1863	1863	1862	1862	1862	1862	1862	1862	1862	1863	1863	1863	1863	1862
3744	835200	1863	1863	1863	1863	1863	1864	1863	1863	1864	1863	1863	1864	1863	1863	1864	1863	1863	1863	1864	1863	1864	1864	1864	1863	1864	1863	1864	1864	1864	1864	1863	1863	1863	1863	1863	1863	1862	1863	1863	1863	1863	1863	1863	1863	1863	1863	1864	1863	1863	1863	1863	1862	1863	1862	1863	1863	1862	1862	1863	1863	1863	1863	1862	1863	1863	1863	1863	1863	1863	1863	1863	1863	1864	1863	1863	1864	1863	1863	1862	1863	1863	1863	1863	1863	1863	1863	1864	1863	1864	1863	1864	1864	1863	1864	1863	1864	1863	1863	1864	1863	1863	1863	1863	1863	1863	1863	1863	1862	1862	1863	1862	1863	1862	1863	1863	1863	1863	1863	1863	1863	1863	1862	1862	1862	1862	1862	1863	1863
3745	835692	1864	1863	1864	1864	1864	1864	1863	1863	1864	1864	1864	1863	1864	1864	1864	1864	1864	1864	1864	1864	1864	1864	1865	1864	1864	1865	1864	1864	1863	1864	1864	1864	1863	1863	1864	1864	1863	1863	1864	1864	1863	1863	1863	1863	1864	1863	1863	1863	1863	1864	1863	1863	1864	1863	1863	1863	1863	1864	1863	1863	1863	1863	1863	1864	1864	1864	1864	1864	1863	1864	1864	1863	1864	1864	1863	1864	1863	1864	1864	1863	1864	1863	1863	1863	1863	1863	1864	1863	1864	1864	1864	1864	1864	1864	1864	1864	1864	1864	1864	1863	1864	1864	1864	1863	1864	1864	1864	1863	1864	1864	1864	1864	1864	1864	1864	1864	1864	1864	1863	1864	1864	1864	1863	1864	1864	1864	1864	1864
3746	836184	1864	1865	1865	1865	1865	1864	1865	1865	1864	1865	1864	1864	1863	1864	1864	1865	1864	1864	1864	1864	1864	1864	1864	1864	1864	1864	1864	1864	1864	1864	1864	1864	1863	1864	1864	1864	1864	1863	1864	1864	1864	1864	1864	1864	1864	1864	1864	1864	1864	1864	1864	1865	1864	1864	1864	1864	1864	1864	1864	1864	1865	1865	1865	1864	1864	1864	1864	1864	1865	1865	1864	1864	1865	1865	1864	1864	1864	1865	1864	1864	1865	1864	1864	1864	1865	1864	1864	1865	1864	1864	1864	1864	1863	1864	1864	1864	1864	1864	1864	1864	1864	1864	1864	1864	1864	1864	1864	1864	1865	1864	1864	1864	1864	1864	1864	1864	1863	1864	1864	1864	1864	1864	1864	1864	1864	1864	1865	1865
3747	836676	1864	1865	1865	1864	1864	1865	1864	1865	1865	1865	1865	1865	1865	1865	1864	1865	1865	1865	1865	1865	1864	1865	1865	1865	1865	1865	1864	1865	1864	1865	1864	1865	1865	1864	1865	1865	1865	1864	1864	1865	1864	1864	1864	1865	1864	1865	1865	1865	1864	1865	1864	1864	1864	1864	1864	1865	1865	1864	1864	1864	1864	1865	1865	1865	1865	1865	1865	1865	1865	1865	1864	1865	1865	1865	1864	1864	1865	1864	1864	1864	1865	1865	1864	1864	1865	1865	1864	1864	1865	1865	1864	1865	1864	1865	1865	1865	1865	1865	1865	1865	1865	1865	1865	1865	1865	1865	1865	1864	1865	1865	1864	1865	1865	1865	1864	1865	1865	1864	1865	1865	1864	1864	1865	1865	1865	1864	1865	1864
3748	837169	1865	1865	1865	1865	1865	1865	1865	1865	1865	1865	1865	1865	1865	1865	1864	1866	1864	1865	1865	1865	1865	1864	1864	1865	1864	1865	1864	1864	1865	1865	1865	1865	1864	1865	1865	1865	1866	1864	1865	1865	1865	1866	1865	1865	1865	1865	1865	1866	1866	1866	1865	1865	1865	1865	1866	1865	1865	1866	1865	1865	1866	1866	1865	1864	1865	1865	1865	1865	1865	1865	1864	1865	1865	1865	1865	1865	1865	1865	1865	1865	1865	1866	1865	1864	1865	1865	1865	1865	1865	1865	1865	1865	1865	1865	1865	1865	1865	1865	1865	1865	1865	1864	1865	1865	1866	1865	1865	1866	1866	1865	1865	1868	1865	1866	1865	1865	1865	1865	1866	1865	1865	1865	1865	1865	1865	1866	1866	1865
3749	837661	1865	1866	1865	1866	1866	1866	1866	1865	1865	1865	1865	1865	1865	1865	1865	1865	1865	1866	1865	1865	1865	1865	1865	1865	1865	1865	1865	1866	1866	1866	1866	1866	1866	1866	1865	1866	1865	1865	1865	1865	1865	1865	1865	1865	1866	1865	1865	1866	1866	1865	1866	1865	1866	1865	1866	1865	1865	1865	1865	1866	1865	1865	1866	1865	1865	1866	1865	1865	1865	1865	1865	1865	1866	1865	1865	1865	1865	1865	1865	1865	1866	1865	1866	1865	1865	1866	1865	1865	1865	1865	1865	1865	1866	1865	1866	1865	1866	1867	1866	1866	1866	1866	1866	1866	1866	1866	1865	1866	1866	1866	1866	1866	1866	1866	1866	1865	1866	1866	1865	1866	1866	1866	1865	1865	1866	1865	1866	1866
3750	838153	1866	1866	1866	1866	1866	1866	1866	1866	1867	1867	1866	1867	1866	1867	1867	1866	1867	1866	1866	1867	1866	1867	1866	1866	1866	1867	1867	1867	1867	1866	1866	1866	1866	1866	1864	1866	1866	1866	1867	1866	1866	1866	1866	1866	1866	1866	1866	1867	1866	1866	1866	1864	1866	1866	1865	1866	1866	1866	1866	1866	1866	1866	1866	1866	1866	1866	1866	1866	1866	1866	1867	1866	1865	1866	1865	1866	1866	1866	1867	1866	1866	1866	1866	1866	1866	1866	1866	1867	1866	1866	1866	1866	1866	1866	1866	1866	1866	1866	1866	1865	1866	1866	1867	1866	1867	1867	1867	1867	1866	1866	1866	1866	1866	1866	1866	1866	1866	1867	1866	1867	1866	1866	1866	1867	1866	1866	1866	1866
3751	838646	1867	1866	1866	1866	1866	1866	1866	1866	1867	1867	1867	1867	1867	1867	1867	1867	1867	1866	1867	1866	1866	1867	1867	1867	1866	1867	1867	1867	1867	1867	1867	1867	1868	1867	1867	1867	1866	1867	1867	1867	1867	1866	1867	1867	1866	1867	1867	1866	1867	1867	1866	1866	1867	1867	1866	1867	1867	1867	1867	1867	1867	1867	1867	1867	1867	1866	1866	1866	1865	1867	1866	1866	1866	1866	1867	1866	1866	1866	1866	1866	1865	1867	1866	1866	1866	1866	1867	1867	1867	1867	1866	1866	1866	1866	1867	1866	1866	1867	1866	1867	1867	1867	1867	1867	1867	1867	1867	1867	1867	1867	1867	1867	1867	1867	1867	1868	1867	1867	1868	1867	1866	1867	1866	1867	1866	1867	1867	1867
3752	839138	1867	1867	1867	1867	1867	1867	1867	1867	1867	1867	1867	1867	1867	1867	1867	1867	1867	1867	1866	1867	1866	1867	1867	1867	1866	1867	1866	1867	1867	1866	1867	1867	1867	1867	1867	1866	1867	1867	1867	1867	1867	1867	1868	1867	1867	1867	1867	1867	1867	1867	1867	1867	1867	1868	1867	1868	1867	1868	1868	1868	1867	1867	1867	1868	1867	1867	1868	1867	1867	1867	1867	1868	1867	1867	1867	1867	1867	1867	1867	1867	1867	1867	1867	1867	1868	1867	1868	1868	1867	1867	1867	1867	1867	1867	1867	1866	1867	1866	1867	1867	1867	1866	1866	1867	1867	1867	1867	1867	1867	1867	1867	1867	1867	1867	1867	1867	1867	1867	1868	1867	1867	1867	1867	1867	1867	1867	1866	1866
3753	839630	1868	1868	1868	1868	1867	1868	1867	1868	1868	1868	1868	1868	1868	1869	1868	1868	1868	1867	1869	1868	1868	1868	1868	1868	1867	1868	1867	1868	1868	1868	1868	1868	1868	1868	1867	1867	1868	1867	1868	1868	1868	1867	1868	1867	1868	1867	1867	1868	1868	1868	1868	1867	1867	1868	1868	1868	1868	1868	1867	1868	1867	1867	1868	1867	1868	1868	1867	1867	1867	1868	1867	1867	1868	1868	1868	1868	1867	1867	1867	1867	1867	1867	1867	1867	1867	1867	1867	1867	1867	1867	1867	1867	1867	1867	1867	1867	1867	1867	1867	1867	1868	1867	1867	1868	1867	1868	1868	1867	1868	1867	1867	1868	1867	1868	1868	1868	1868	1867	1868	1868	1868	1868	1867	1868	1867	1868	1868	1867
3754	840123	1870	1869	1868	1868	1868	1869	1869	1868	1868	1868	1868	1868	1868	1868	1869	1869	1868	1869	1868	1868	1869	1867	1868	1868	1868	1868	1868	1868	1868	1867	1867	1868	1868	1867	1867	1868	1868	1867	1868	1867	1869	1867	1867	1868	1868	1868	1868	1868	1869	1868	1867	1868	1868	1868	1868	1868	1868	1868	1868	1867	1867	1868	1868	1868	1869	1869	1869	1868	1868	1869	1868	1868	1868	1869	1869	1868	1868	1868	1868	1868	1868	1868	1867	1868	1868	1868	1867	1867	1868	1868	1867	1867	1868	1868	1868	1868	1868	1868	1867	1868	1868	1868	1867	1868	1867	1868	1868	1867	1867	1868	1868	1867	1868	1868	1868	1867	1867	1868	1868	1867	1868	1867	1868	1868	1869	1869	1868	1868
3755	840615	1869	1868	1868	1869	1869	1869	1868	1868	1869	1868	1869	1868	1869	1869	1869	1869	1869	1870	1870	1869	1869	1869	1869	1869	1869	1869	1869	1869	1869	1869	1869	1868	1870	1869	1869	1869	1869	1869	1868	1869	1869	1869	1869	1869	1869	1869	1868	1869	1869	1869	1868	1869	1869	1868	1868	1869	1868	1869	1868	1869	1869	1868	1868	1869	1869	1868	1868	1868	1868	1868	1869	1869	1868	1868	1869	1868	1869	1868	1869	1869	1868	1868	1868	1868	1868	1869	1868	1868	1869	1868	1869	1869	1868	1869	1868	1868	1868	1868	1868	1868	1869	1868	1868	1869	1868	1869	1868	1869	1868	1868	1869	1869	1869	1869	1869	1869	1869	1868	1869	1869	1869	1869	1869	1869	1868	1869	1868	1869
3756	841107	1869	1869	1870	1869	1869	1869	1869	1869	1869	1869	1870	1869	1869	1869	1869	1869	1869	1869	1869	1869	1869	1869	1870	1869	1870	1869	1869	1869	1869	1869	1869	1869	1869	1869	1869	1869	1868	1868	1869	1867	1868	1868	1869	1869	1869	1868	1869	1869	1869	1869	1869	1869	1869	1869	1869	1869	1869	1869	1869	1869	1869	1869	1869	1869	1869	1869	1869	1869	1870	1869	1868	1869	1869	1869	1869	1869	1869	1869	1870	1870	1869	1869	1869	1869	1869	1870	1869	1869	1869	1869	1869	1868	1868	1869	1868	1869	1869	1868	1868	1868	1869	1868	1868	1869	1869	1869	1868	1869	1869	1869	1869	1868	1868	1868	1869	1869	1868	1869	1869	1868	1868	1869	1868	1869	1869	1869	1869	1869
3757	841600	1869	1869	1870	1869	1869	1870	1869	1869	1870	1870	1870	1870	1870	1870	1869	1870	1869	1869	1869	1869	1869	1869	1870	1870	1870	1870	1869	1870	1870	1870	1870	1870	1869	1869	1870	1870	1870	1870	1869	1870	1870	1871	1870	1870	1870	1870	1870	1870	1870	1870	1870	1870	1870	1869	1870	1870	1870	1870	1870	1870	1869	1870	1870	1870	1870	1869	1869	1870	1870	1870	1870	1869	1869	1870	1870	1869	1870	1869	1869	1868	1869	1869	1869	1870	1869	1869	1869	1869	1870	1869	1869	1870	1869	1870	1870	1869	1869	1869	1869	1869	1869	1869	1870	1870	1869	1869	1868	1869	1870	1869	1869	1869	1869	1869	1870	1870	1870	1870	1869	1870	1870	1870	1871	1870	1870	1870	1870	1870
3758	842092	1870	1870	1871	1869	1870	1870	1870	1870	1870	1870	1870	1869	1870	1870	1870	1871	1870	1869	1870	1870	1870	1870	1870	1870	1870	1870	1870	1870	1870	1870	1869	1869	1870	1870	1869	1870	1869	1870	1870	1870	1870	1870	1869	1870	1869	1869	1869	1869	1868	1869	1870	1869	1869	1869	1869	1869	1869	1869	1869	1870	1869	1870	1870	1869	1870	1870	1870	1870	1870	1871	1870	1870	1870	1870	1870	1870	1870	1870	1871	1871	1870	1870	1871	1871	1870	1871	1871	1870	1871	1870	1871	1871	1870	1870	1870	1871	1870	1869	1870	1869	1870	1870	1869	1870	1869	1870	1870	1870	1870	1869	1869	1870	1870	1871	1870	1870	1870	1869	1870	1869	1869	1870	1869	1870	1870	1870	1869	1870
3759	842584	1870	1870	1870	1871	1870	1870	1871	1871	1871	1870	1870	1871	1871	1871	1871	1870	1871	1871	1871	1871	1871	1871	1871	1871	1871	1871	1871	1871	1871	1871	1870	1871	1871	1871	1871	1870	1871	1871	1871	1871	1871	1870	1869	1870	1870	1870	1870	1870	1870	1870	1869	1870	1870	1870	1869	1870	1870	1870	1870	1870	1871	1871	1871	1871	1871	1871	1871	1871	1871	1871	1871	1870	1870	1870	1870	1870	1870	1870	1871	1871	1871	1871	1870	1871	1871	1871	1872	1871	1872	1871	1871	1871	1871	1871	1871	1871	1871	1871	1871	1871	1871	1871	1871	1871	1870	1871	1871	1870	1870	1871	1870	1870	1871	1870	1870	1870	1870	1870	1869	1870	1870	1870	1870	1870	1871	1871	1870	1870
3760	843076	1872	1871	1872	1871	1871	1872	1871	1871	1872	1871	1871	1871	1871	1872	1871	1872	1871	1871	1871	1871	1871	1871	1871	1871	1871	1871	1871	1871	1871	1871	1871	1870	1871	1871	1871	1871	1871	1871	1871	1871	1871	1871	1871	1871	1871	1871	1871	1871	1871	1871	1871	1871	1871	1871	1871	1871	1872	1872	1872	1871	1871	1872	1872	1872	1872	1871	1872	1872	1872	1872	1871	1872	1872	1872	1871	1871	1871	1871	1871	1871	1871	1871	1871	1871	1871	1871	1871	1872	1872	1871	1872	1872	1871	1872	1871	1872	1871	1871	1871	1871	1871	1871	1871	1871	1871	1871	1871	1871	1871	1871	1871	1871	1871	1871	1872	1871	1872	1871	1872	1872	1872	1871	1871	1871	1871	1871	1871	1871
3761	843569	1871	1871	1872	1872	1872	1871	1871	1871	1871	1871	1871	1871	1871	1871	1872	1872	1871	1871	1871	1871	1872	1872	1872	1871	1872	1871	1872	1871	1871	1871	1871	1871	1872	1871	1871	1871	1871	1871	1871	1871	1871	1871	1871	1871	1871	1871	1871	1872	1871	1871	1871	1872	1871	1871	1872	1871	1871	1872	1872	1872	1872	1872	1872	1871	1872	1871	1872	1872	1872	1872	1872	1872	1872	1872	1872	1871	1872	1872	1872	1872	1871	1871	1871	1871	1871	1871	1871	1871	1871	1871	1872	1871	1871	1871	1872	1871	1872	1871	1871	1871	1871	1871	1871	1871	1872	1871	1871	1872	1871	1871	1872	1871	1871	1871	1871	1871	1871	1871	1871	1871	1871	1870	1871	1871	1871	1871	1871	1871
3762	844061	1872	1872	1872	1872	1872	1872	1870	1872	1871	1872	1871	1871	1872	1872	1872	1872	1872	1872	1872	1872	1872	1872	1872	1873	1873	1873	1872	1872	1872	1872	1872	1872	1872	1872	1872	1872	1872	1871	1871	1872	1872	1872	1872	1872	1871	1871	1872	1871	1872	1871	1872	1871	1871	1871	1871	1871	1871	1871	1872	1871	1871	1871	1871	1872	1871	1872	1871	1871	1871	1871	1871	1872	1872	1872	1872	1872	1872	1872	1872	1872	1872	1872	1873	1872	1872	1873	1872	1873	1872	1872	1873	1872	1872	1872	1872	1872	1872	1872	1872	1872	1873	1873	1873	1872	1873	1873	1873	1872	1873	1872	1872	1872	1872	1872	1872	1872	1873	1872	1873	1873	1873	1873	1872	1872	1872	1873	1873	1872
3763	844553	1872	1872	1872	1873	1873	1873	1873	1873	1872	1873	1873	1873	1872	1872	1873	1872	1873	1872	1872	1872	1872	1872	1872	1872	1872	1872	1872	1872	1872	1872	1872	1872	1872	1872	1872	1872	1872	1872	1873	1873	1872	1872	1873	1872	1873	1872	1872	1872	1872	1873	1872	1873	1872	1873	1872	1873	1873	1872	1873	1872	1873	1873	1872	1873	1872	1872	1873	1873	1873	1872	1873	1872	1872	1873	1872	1872	1872	1872	1872	1872	1873	1872	1872	1872	1872	1872	1872	1872	1872	1872	1872	1872	1872	1872	1872	1872	1872	1872	1872	1873	1872	1872	1873	1872	1873	1872	1872	1872	1871	1872	1872	1873	1872	1872	1872	1872	1872	1872	1872	1873	1872	1872	1872	1872	1872	1872	1872	1872
3764	845046	1873	1873	1873	1873	1873	1873	1873	1874	1873	1874	1873	1873	1873	1874	1874	1873	1873	1874	1874	1873	1873	1872	1873	1873	1874	1873	1873	1873	1873	1874	1873	1873	1873	1873	1874	1873	1873	1874	1873	1874	1873	1874	1873	1873	1874	1874	1873	1873	1874	1873	1873	1873	1874	1873	1874	1873	1873	1873	1873	1874	1873	1872	1873	1873	1873	1873	1874	1873	1873	1873	1873	1873	1873	1873	1873	1873	1873	1873	1873	1873	1873	1873	1873	1873	1873	1873	1873	1873	1873	1874	1872	1873	1873	1873	1874	1873	1873	1873	1873	1872	1873	1873	1873	1872	1872	1873	1872	1872	1872	1872	1873	1873	1872	1873	1873	1872	1872	1872	1872	1872	1873	1873	1873	1872	1873	1873	1873	1873
3765	845538	1874	1874	1874	1874	1873	1874	1874	1873	1874	1873	1874	1873	1873	1874	1872	1874	1873	1874	1873	1874	1874	1874	1874	1874	1874	1874	1874	1874	1874	1874	1873	1874	1874	1874	1874	1874	1873	1874	1873	1873	1874	1873	1874	1873	1873	1873	1873	1874	1873	1873	1873	1873	1873	1873	1873	1873	1873	1873	1873	1873	1873	1873	1873	1873	1873	1873	1874	1873	1874	1874	1874	1873	1874	1874	1873	1874	1874	1873	1874	1874	1873	1873	1873	1873	1873	1873	1874	1873	1873	1873	1874	1874	1873	1874	1873	1874	1874	1873	1874	1873	1873	1873	1874	1873	1872	1873	1874	1873	1873	1873	1873	1873	1873	1873	1873	1873	1873	1873	1873	1874	1873	1873	1873	1873	1873	1873	1873	1873
3766	846030	1874	1874	1874	1874	1874	1874	1874	1874	1875	1874	1874	1874	1874	1874	1874	1874	1875	1875	1874	1874	1874	1874	1874	1874	1874	1874	1874	1874	1875	1874	1874	1874	1874	1874	1874	1874	1874	1874	1874	1873	1874	1874	1874	1874	1873	1874	1874	1874	1874	1874	1874	1874	1874	1874	1873	1874	1874	1874	1874	1873	1874	1873	1874	1874	1874	1874	1874	1874	1874	1874	1874	1874	1874	1874	1874	1874	1874	1874	1874	1874	1874	1874	1873	1874	1874	1874	1874	1874	1874	1874	1874	1874	1874	1874	1873	1873	1874	1874	1873	1873	1874	1873	1874	1874	1874	1874	1874	1874	1874	1873	1874	1874	1874	1873	1873	1874	1874	1874	1874	1874	1874	1874	1874	1874	1874	1874	1874	1874
3767	846523	1874	1875	1875	1875	1875	1875	1875	1875	1875	1875	1875	1874	1875	1874	1874	1874	1875	1874	1874	1874	1875	1874	1874	1875	1874	1875	1874	1874	1874	1874	1875	1875	1874	1875	1874	1875	1875	1875	1875	1875	1874	1874	1874	1874	1874	1875	1874	1874	1874	1874	1874	1875	1874	1874	1874	1874	1875	1874	1874	1874	1874	1874	1874	1874	1874	1874	1874	1874	1874	1874	1874	1874	1874	1873	1874	1874	1874	1874	1874	1875	1874	1875	1875	1875	1875	1874	1874	1875	1875	1875	1874	1875	1874	1875	1875	1875	1874	1875	1874	1874	1874	1875	1874	1875	1875	1875	1875	1875	1875	1875	1875	1875	1875	1875	1875	1875	1875	1874	1874	1874	1874	1874	1874	1875	1874	1874	1875	1874
3768	847015	1875	1875	1875	1875	1875	1875	1875	1875	1875	1874	1875	1875	1875	1875	1874	1875	1875	1875	1874	1875	1875	1875	1875	1875	1874	1875	1875	1875	1875	1875	1875	1874	1875	1875	1875	1875	1875	1874	1875	1874	1875	1875	1874	1874	1874	1875	1875	1875	1875	1875	1876	1875	1876	1875	1875	1875	1875	1875	1875	1875	1875	1874	1875	1875	1875	1875	1875	1875	1875	1875	1875	1875	1875	1875	1875	1875	1876	1876	1875	1876	1875	1875	1875	1875	1875	1875	1875	1874	1875	1874	1874	1875	1875	1875	1875	1875	1875	1875	1875	1875	1875	1875	1874	1875	1874	1874	1875	1875	1875	1874	1874	1874	1874	1875	1875	1874	1875	1875	1875	1875	1875	1875	1875	1875	1874	1875	1875	1875
3769	847507	1875	1875	1876	1875	1875	1875	1875	1876	1875	1875	1875	1875	1875	1875	1875	1875	1875	1876	1875	1875	1875	1875	1876	1876	1875	1875	1875	1875	1875	1875	1876	1875	1876	1875	1876	1875	1876	1876	1873	1876	1876	1876	1876	1875	1876	1875	1875	1876	1875	1876	1876	1876	1875	1876	1876	1876	1876	1876	1876	1876	1876	1876	1875	1875	1876	1876	1876	1875	1875	1875	1875	1875	1875	1875	1875	1875	1876	1875	1875	1875	1876	1875	1875	1875	1875	1875	1875	1875	1875	1875	1875	1875	1876	1875	1876	1875	1875	1875	1875	1876	1875	1875	1875	1875	1875	1875	1875	1875	1875	1875	1875	1876	1875	1875	1875	1876	1876	1876	1875	1875	1876	1876	1875	1876	1876	1876	1876	1875
3770	848000	1875	1876	1876	1875	1876	1875	1875	1876	1876	1875	1876	1876	1876	1876	1877	1876	1876	1876	1876	1877	1876	1877	1876	1877	1876	1876	1876	1876	1877	1876	1877	1876	1876	1876	1876	1876	1877	1876	1877	1876	1876	1876	1877	1877	1876	1876	1876	1876	1877	1876	1876	1876	1875	1876	1876	1876	1876	1876	1876	1876	1876	1876	1876	1876	1875	1875	1876	1875	1875	1875	1876	1876	1876	1876	1876	1876	1876	1876	1877	1876	1876	1876	1875	1876	1876	1876	1876	1878	1876	1877	1876	1876	1876	1876	1877	1877	1876	1876	1876	1876	1877	1876	1876	1876	1876	1876	1875	1876	1876	1876	1876	1875	1875	1876	1876	1876	1876	1876	1876	1876	1876	1876	1876	1876	1877	1876	1876	1876
3771	848492	1876	1877	1876	1877	1877	1877	1876	1877	1876	1876	1876	1876	1876	1877	1876	1877	1877	1877	1876	1876	1877	1877	1876	1877	1877	1876	1876	1876	1876	1876	1877	1877	1877	1877	1877	1877	1876	1877	1877	1876	1877	1877	1877	1876	1876	1877	1877	1876	1877	1877	1877	1877	1877	1877	1877	1878	1877	1877	1878	1877	1877	1877	1877	1877	1877	1877	1877	1878	1877	1877	1877	1877	1877	1877	1877	1877	1877	1877	1877	1878	1877	1877	1877	1877	1877	1877	1876	1876	1876	1877	1876	1877	1877	1877	1877	1876	1877	1876	1876	1877	1876	1876	1877	1876	1877	1876	1877	1877	1877	1877	1877	1878	1876	1877	1877	1876	1876	1876	1876	1877	1876	1877	1876	1877	1877	1877	1877	1876
3772	848984	1878	1877	1877	1877	1877	1878	1877	1877	1878	1877	1877	1877	1877	1878	1877	1877	1877	1877	1876	1877	1877	1877	1876	1877	1877	1877	1877	1877	1876	1876	1877	1877	1877	1876	1877	1877	1876	1876	1877	1876	1877	1877	1877	1877	1877	1877	1876	1877	1877	1876	1877	1877	1876	1877	1876	1877	1877	1876	1877	1877	1877	1877	1877	1877	1877	1877	1877	1877	1877	1877	1877	1877	1877	1877	1877	1878	1877	1878	1877	1877	1876	1877	1878	1877	1877	1877	1877	1877	1877	1878	1877	1877	1878	1877	1876	1877	1877	1877	1877	1877	1877	1878	1876	1878	1877	1877	1878	1877	1877	1877	1877	1878	1877	1878	1878	1877	1877	1877	1878	1877	1877	1877	1877	1877	1877	1877	1877	1877
3773	849476	1878	1877	1877	1878	1877	1878	1877	1877	1878	1877	1878	1877	1877	1878	1877	1877	1876	1877	1877	1877	1877	1878	1878	1878	1877	1877	1877	1878	1878	1878	1877	1877	1878	1877	1877	1877	1877	1877	1877	1877	1877	1878	1877	1877	1877	1878	1878	1877	1877	1878	1877	1877	1876	1877	1878	1877	1877	1877	1876	1878	1877	1878	1878	1877	1877	1877	1877	1878	1877	1877	1877	1877	1878	1877	1878	1878	1878	1878	1877	1878	1878	1877	1877	1877	1877	1878	1878	1878	1877	1878	1878	1878	1877	1877	1877	1877	1878	1877	1877	1878	1877	1877	1878	1878	1878	1878	1878	1878	1878	1878	1878	1878	1878	1877	1878	1878	1878	1878	1878	1878	1878	1878	1878	1878	1877	1878	1878	1877
3774	849969	1878	1878	1878	1878	1878	1878	1878	1878	1879	1878	1878	1878	1878	1878	1878	1879	1878	1878	1878	1878	1879	1879	1879	1879	1878	1879	1878	1879	1878	1878	1878	1878	1878	1878	1878	1878	1878	1878	1878	1878	1878	1878	1877	1878	1878	1877	1878	1878	1878	1877	1878	1878	1877	1878	1877	1878	1878	1877	1879	1878	1877	1877	1878	1878	1877	1878	1878	1878	1878	1877	1877	1878	1878	1878	1878	1878	1877	1878	1877	1878	1879	1878	1878	1878	1878	1879	1878	1879	1878	1878	1879	1878	1878	1878	1878	1878	1878	1878	1878	1878	1878	1878	1878	1878	1878	1879	1878	1878	1879	1879	1878	1878	1879	1879	1879	1879	1878	1878	1878	1878	1879	1878	1878	1879	1878	1878	1879	1878
3775	850461	1878	1878	1878	1878	1878	1878	1878	1878	1878	1878	1878	1878	1878	1879	1877	1878	1878	1878	1878	1879	1879	1879	1879	1879	1879	1879	1879	1879	1879	1879	1879	1879	1879	1880	1880	1879	1879	1879	1879	1878	1879	1879	1879	1879	1878	1878	1879	1879	1878	1878	1878	1879	1879	1878	1878	1878	1878	1878	1878	1878	1879	1878	1878	1878	1878	1879	1878	1878	1878	1878	1878	1878	1878	1878	1878	1878	1879	1878	1878	1879	1879	1878	1879	1878	1878	1879	1879	1879	1878	1878	1879	1879	1879	1879	1879	1879	1879	1879	1879	1879	1879	1879	1878	1879	1878	1879	1879	1879	1878	1879	1879	1879	1878	1879	1878	1879	1878	1879	1879	1879	1879	1878	1879	1879	1879	1879	1879	1879
3776	850953	1879	1879	1879	1879	1879	1879	1879	1879	1879	1879	1879	1879	1880	1879	1879	1879	1879	1879	1879	1879	1879	1879	1879	1879	1879	1879	1879	1879	1879	1879	1879	1879	1878	1879	1879	1879	1879	1879	1879	1879	1878	1879	1878	1879	1879	1879	1879	1879	1879	1879	1879	1878	1879	1879	1879	1879	1879	1879	1878	1879	1879	1879	1879	1879	1879	1879	1879	1879	1878	1879	1879	1879	1879	1878	1879	1879	1879	1879	1879	1878	1879	1879	1879	1879	1879	1880	1879	1879	1879	1879	1879	1879	1879	1879	1879	1879	1879	1879	1880	1878	1879	1879	1879	1879	1879	1879	1879	1879	1879	1878	1879	1879	1878	1878	1879	1878	1879	1878	1879	1879	1879	1879	1878	1879	1879	1878	1879	1879
3777	851446	1879	1879	1879	1879	1879	1880	1879	1879	1879	1879	1879	1879	1879	1879	1879	1879	1879	1880	1880	1879	1880	1879	1880	1880	1880	1880	1879	1880	1880	1880	1880	1879	1880	1880	1880	1880	1880	1880	1880	1880	1880	1881	1880	1880	1880	1880	1880	1880	1880	1880	1880	1880	1879	1879	1880	1879	1879	1879	1880	1879	1879	1879	1879	1879	1879	1879	1879	1879	1879	1879	1879	1878	1879	1879	1879	1879	1879	1878	1879	1879	1878	1879	1879	1879	1880	1879	1879	1879	1879	1880	1879	1879	1879	1879	1880	1879	1879	1880	1880	1880	1879	1880	1879	1879	1880	1879	1879	1879	1879	1880	1880	1880	1880	1880	1880	1881	1880	1879	1880	1879	1879	1880	1879	1880	1879	1879	1880	1880
3778	851938	1880	1880	1880	1880	1880	1880	1880	1879	1880	1880	1880	1880	1880	1880	1880	1880	1880	1880	1880	1880	1880	1880	1880	1880	1880	1880	1880	1880	1880	1880	1879	1880	1880	1880	1880	1880	1880	1880	1880	1880	1880	1880	1880	1880	1880	1880	1880	1880	1880	1879	1881	1880	1880	1880	1880	1880	1880	1880	1880	1880	1880	1880	1880	1881	1880	1880	1880	1880	1880	1880	1880	1880	1880	1881	1880	1880	1880	1880	1880	1880	1881	1880	1880	1880	1880	1880	1880	1880	1880	1880	1880	1880	1880	1880	1880	1880	1880	1880	1880	1880	1880	1880	1880	1880	1880	1880	1880	1880	1880	1880	1880	1880	1880	1880	1880	1879	1880	1880	1880	1880	1880	1880	1880	1880	1880	1879	1880	1880
3779	852430	1880	1881	1880	1880	1880	1880	1881	1880	1880	1880	1880	1881	1880	1881	1881	1880	1881	1881	1880	1881	1881	1880	1881	1881	1881	1881	1881	1881	1881	1880	1880	1880	1881	1881	1881	1882	1880	1880	1881	1881	1880	1880	1881	1881	1880	1881	1881	1881	1880	1880	1881	1880	1880	1881	1881	1880	1881	1880	1881	1880	1880	1880	1880	1880	1880	1880	1880	1880	1880	1881	1880	1880	1880	1881	1881	1880	1881	1880	1881	1880	1880	1881	1880	1880	1881	1880	1881	1880	1881	1880	1880	1881	1881	1880	1881	1880	1880	1881	1881	1880	1881	1880	1881	1881	1880	1880	1880	1880	1880	1880	1880	1880	1880	1880	1880	1880	1880	1880	1880	1880	1880	1880	1880	1880	1880	1880	1880	1880
3780	852923	1881	1881	1880	1881	1881	1880	1880	1880	1880	1880	1880	1881	1880	1881	1880	1880	1880	1881	1881	1880	1880	1880	1881	1881	1881	1881	1880	1881	1880	1881	1881	1881	1881	1881	1880	1881	1881	1881	1881	1881	1881	1881	1880	1881	1881	1882	1881	1882	1881	1881	1881	1882	1882	1881	1881	1882	1881	1881	1881	1881	1881	1881	1881	1881	1881	1881	1882	1881	1881	1881	1881	1881	1881	1881	1881	1881	1882	1881	1881	1881	1881	1881	1881	1881	1881	1880	1881	1881	1881	1881	1880	1881	1881	1881	1881	1881	1881	1881	1880	1882	1881	1881	1881	1881	1881	1881	1881	1881	1881	1881	1881	1881	1881	1880	1881	1881	1881	1881	1881	1881	1881	1881	1881	1881	1881	1881	1881	1881
3781	853415	1881	1882	1882	1881	1882	1881	1881	1881	1882	1882	1882	1882	1882	1881	1881	1881	1881	1881	1882	1881	1881	1881	1881	1881	1881	1880	1881	1881	1882	1881	1881	1881	1880	1881	1881	1881	1882	1880	1882	1881	1881	1881	1881	1881	1881	1881	1881	1881	1881	1881	1881	1881	1881	1881	1881	1880	1881	1882	1881	1881	1881	1881	1881	1881	1881	1881	1881	1881	1881	1881	1881	1881	1882	1880	1881	1881	1881	1881	1881	1881	1881	1880	1881	1881	1881	1881	1880	1881	1881	1881	1881	1881	1881	1881	1881	1881	1881	1881	1881	1881	1881	1881	1882	1881	1881	1881	1881	1881	1882	1882	1882	1882	1881	1882	1882	1882	1881	1882	1881	1881	1882	1882	1882	1882	1882	1882	1882	1882
3782	853907	1881	1881	1881	1882	1882	1881	1881	1881	1881	1881	1881	1881	1881	1881	1882	1881	1881	1881	1882	1882	1882	1882	1882	1882	1881	1882	1882	1882	1882	1882	1883	1882	1882	1882	1882	1882	1882	1882	1882	1882	1882	1882	1882	1881	1882	1882	1881	1883	1882	1882	1882	1882	1882	1882	1882	1882	1882	1882	1881	1882	1882	1882	1882	1882	1882	1882	1882	1881	1881	1882	1881	1881	1881	1881	1882	1881	1881	1881	1881	1882	1882	1882	1881	1881	1882	1882	1882	1881	1881	1881	1882	1882	1882	1881	1882	1881	1881	1881	1882	1882	1881	1881	1881	1882	1882	1882	1882	1882	1882	1882	1882	1882	1882	1882	1883	1882	1881	1882	1882	1882	1882	1882	1882	1883	1883	1882	1882	1882
3783	854400	1882	1883	1882	1882	1882	1883	1882	1882	1882	1883	1882	1882	1882	1882	1883	1883	1883	1883	1882	1883	1883	1882	1884	1883	1883	1883	1882	1883	1883	1883	1883	1883	1883	1883	1883	1883	1883	1882	1882	1883	1883	1883	1882	1882	1883	1882	1882	1882	1882	1882	1882	1882	1882	1882	1882	1882	1882	1882	1882	1882	1882	1882	1883	1882	1882	1882	1882	1882	1881	1882	1881	1882	1882	1882	1882	1882	1882	1882	1882	1882	1882	1882	1882	1881	1882	1881	1882	1881	1882	1882	1882	1882	1881	1882	1881	1882	1882	1882	1882	1882	1881	1882	1882	1881	1882	1882	1882	1882	1882	1882	1882	1882	1882	1882	1882	1882	1883	1882	1882	1882	1883	1882	1882	1883	1882	1882	1882	1883
3784	854892	1882	1883	1883	1883	1883	1883	1883	1883	1882	1883	1882	1882	1883	1883	1882	1883	1883	1883	1883	1883	1883	1883	1883	1883	1883	1883	1883	1883	1883	1883	1883	1882	1882	1882	1882	1882	1882	1882	1883	1882	1883	1883	1882	1883	1883	1883	1883	1882	1883	1882	1883	1883	1883	1883	1882	1883	1883	1882	1883	1883	1882	1882	1882	1883	1883	1883	1882	1882	1883	1883	1883	1884	1883	1882	1883	1883	1883	1883	1883	1883	1882	1883	1883	1883	1884	1883	1883	1883	1882	1883	1883	1882	1883	1883	1882	1883	1882	1883	1882	1883	1883	1882	1883	1883	1883	1883	1882	1883	1883	1882	1882	1883	1883	1882	1883	1882	1882	1883	1883	1883	1883	1882	1883	1882	1882	1882	1882	1882
3785	855384	1883	1883	1883	1883	1883	1883	1883	1883	1883	1883	1883	1883	1883	1883	1883	1883	1884	1884	1884	1882	1883	1883	1884	1884	1884	1884	1883	1883	1883	1884	1884	1883	1883	1883	1884	1883	1883	1884	1884	1884	1884	1883	1883	1884	1884	1884	1883	1883	1884	1883	1883	1883	1883	1884	1883	1883	1883	1883	1883	1883	1883	1883	1882	1883	1883	1883	1883	1882	1883	1883	1883	1883	1883	1883	1883	1883	1883	1883	1883	1883	1883	1883	1882	1883	1883	1883	1883	1884	1884	1884	1884	1884	1884	1883	1884	1883	1883	1884	1883	1884	1885	1884	1884	1884	1884	1884	1884	1884	1884	1884	1884	1884	1884	1884	1884	1883	1884	1884	1885	1883	1883	1884	1883	1884	1883	1884	1883	1883
3786	855876	1883	1883	1883	1883	1883	1883	1883	1884	1883	1884	1884	1884	1884	1884	1884	1884	1884	1884	1884	1885	1883	1885	1884	1884	1884	1884	1884	1884	1884	1884	1884	1884	1884	1884	1884	1884	1883	1884	1883	1884	1884	1883	1884	1884	1883	1884	1884	1884	1884	1883	1884	1883	1884	1884	1883	1883	1883	1885	1883	1884	1884	1884	1884	1884	1884	1885	1884	1884	1884	1884	1884	1884	1883	1883	1883	1884	1884	1884	1883	1883	1884	1883	1884	1883	1884	1883	1884	1884	1883	1883	1884	1884	1883	1883	1883	1882	1884	1883	1883	1883	1883	1884	1884	1883	1884	1883	1884	1883	1884	1883	1883	1884	1883	1884	1882	1884	1884	1883	1884	1884	1884	1884	1884	1884	1884	1884	1884	1883
3787	856369	1884	1885	1884	1885	1886	1885	1885	1884	1884	1885	1884	1885	1884	1885	1885	1884	1886	1884	1885	1885	1884	1885	1884	1883	1885	1884	1884	1884	1884	1884	1884	1884	1884	1884	1884	1884	1884	1884	1884	1884	1884	1884	1883	1884	1884	1884	1884	1884	1885	1884	1884	1884	1885	1884	1884	1884	1884	1884	1884	1884	1884	1885	1884	1884	1884	1885	1884	1884	1885	1885	1884	1885	1885	1885	1885	1884	1884	1885	1885	1885	1884	1885	1884	1884	1885	1885	1884	1884	1884	1884	1884	1884	1884	1884	1885	1884	1884	1884	1885	1885	1884	1884	1884	1884	1884	1884	1884	1884	1884	1884	1884	1883	1884	1884	1884	1884	1884	1884	1884	1884	1884	1884	1884	1884	1884	1884	1885	1885
3788	856861	1885	1884	1885	1885	1884	1884	1884	1884	1885	1884	1884	1884	1884	1884	1884	1885	1885	1885	1884	1884	1884	1884	1885	1885	1885	1885	1885	1884	1885	1885	1885	1885	1885	1885	1885	1885	1884	1885	1884	1885	1885	1885	1885	1885	1885	1885	1885	1885	1885	1885	1885	1885	1885	1885	1886	1885	1886	1885	1885	1886	1885	1886	1885	1885	1886	1885	1885	1886	1885	1885	1885	1886	1885	1886	1885	1885	1885	1885	1885	1884	1885	1885	1885	1885	1885	1884	1885	1885	1884	1885	1884	1884	1885	1884	1884	1884	1883	1884	1884	1884	1884	1884	1884	1884	1884	1884	1884	1884	1884	1884	1885	1884	1885	1885	1885	1884	1884	1885	1885	1885	1885	1885	1885	1885	1885	1885	1885	1885
3789	857353	1886	1885	1887	1885	1886	1886	1886	1886	1885	1886	1885	1885	1885	1885	1886	1885	1886	1885	1885	1886	1885	1886	1885	1885	1885	1886	1886	1885	1885	1886	1886	1885	1885	1885	1885	1885	1885	1885	1884	1885	1884	1885	1885	1885	1886	1885	1885	1885	1885	1885	1885	1885	1885	1885	1885	1885	1885	1885	1885	1885	1885	1884	1885	1885	1885	1885	1885	1885	1885	1885	1885	1885	1885	1885	1885	1885	1885	1885	1885	1885	1885	1885	1885	1885	1885	1885	1885	1885	1885	1885	1885	1886	1885	1885	1886	1886	1886	1884	1886	1885	1885	1886	1885	1886	1886	1885	1886	1886	1886	1886	1885	1885	1885	1885	1885	1885	1884	1885	1885	1885	1885	1886	1885	1885	1885	1885	1884	1885
3790	857846	1886	1886	1886	1886	1887	1887	1886	1886	1886	1886	1886	1886	1886	1886	1886	1886	1886	1887	1886	1886	1886	1886	1886	1886	1885	1885	1887	1886	1886	1885	1885	1886	1885	1885	1886	1885	1885	1885	1885	1885	1885	1886	1885	1885	1886	1886	1886	1886	1886	1886	1886	1886	1885	1886	1886	1886	1886	1885	1886	1886	1886	1886	1886	1886	1886	1886	1886	1886	1886	1886	1886	1885	1886	1886	1886	1886	1886	1886	1886	1886	1886	1886	1886	1886	1886	1886	1886	1886	1886	1886	1886	1886	1886	1886	1885	1885	1885	1885	1885	1885	1885	1885	1885	1885	1885	1885	1885	1885	1884	1885	1885	1885	1885	1885	1884	1885	1885	1886	1886	1886	1886	1886	1886	1886	1886	1886	1886	1886
3791	858338	1886	1887	1887	1886	1886	1887	1886	1887	1887	1886	1887	1886	1887	1887	1887	1887	1887	1886	1886	1887	1887	1886	1887	1887	1886	1886	1887	1887	1887	1887	1886	1887	1887	1886	1886	1887	1886	1886	1886	1886	1886	1886	1887	1887	1887	1886	1886	1886	1886	1886	1887	1886	1886	1886	1886	1886	1886	1886	1886	1886	1886	1886	1886	1886	1886	1887	1886	1887	1886	1886	1887	1887	1887	1886	1886	1886	1887	1887	1887	1886	1886	1887	1887	1886	1886	1887	1886	1887	1886	1886	1886	1886	1886	1886	1886	1886	1886	1887	1886	1886	1886	1887	1886	1887	1886	1886	1886	1886	1886	1885	1886	1886	1886	1886	1885	1886	1886	1886	1886	1886	1886	1886	1886	1886	1886	1886	1886	1886
3792	858830	1886	1886	1886	1886	1886	1886	1886	1886	1887	1886	1887	1887	1887	1887	1887	1887	1887	1886	1887	1886	1887	1887	1887	1887	1886	1887	1888	1887	1887	1887	1887	1888	1888	1888	1887	1888	1888	1887	1887	1887	1887	1887	1888	1887	1887	1886	1886	1887	1887	1887	1887	1886	1887	1887	1887	1886	1887	1887	1887	1887	1886	1886	1887	1886	1886	1887	1886	1887	1886	1886	1887	1886	1887	1886	1886	1886	1886	1887	1887	1887	1887	1887	1887	1887	1887	1887	1887	1887	1887	1886	1887	1886	1886	1886	1886	1887	1886	1887	1887	1887	1887	1887	1886	1887	1887	1887	1887	1887	1887	1888	1887	1887	1887	1887	1887	1887	1888	1887	1887	1887	1887	1887	1886	1887	1887	1887	1887	1887
3793	859323	1887	1887	1888	1887	1887	1887	1887	1888	1888	1888	1888	1887	1888	1887	1888	1887	1887	1887	1887	1887	1887	1887	1888	1887	1888	1888	1888	1888	1888	1888	1887	1888	1888	1888	1887	1887	1887	1887	1887	1887	1887	1887	1887	1888	1887	1887	1888	1888	1888	1888	1888	1888	1887	1888	1888	1888	1888	1887	1888	1887	1888	1888	1887	1888	1888	1887	1887	1888	1888	1888	1888	1888	1888	1888	1888	1888	1888	1888	1887	1888	1888	1888	1888	1888	1888	1888	1888	1888	1887	1887	1887	1887	1887	1887	1887	1887	1887	1888	1887	1887	1887	1888	1887	1887	1888	1887	1888	1887	1887	1888	1888	1888	1887	1887	1887	1888	1888	1888	1888	1887	1887	1888	1888	1888	1887	1888	1888	1888
3794	859815	1888	1888	1887	1888	1887	1888	1887	1887	1887	1888	1888	1887	1887	1888	1887	1887	1888	1888	1887	1888	1888	1888	1888	1888	1887	1887	1887	1888	1888	1887	1887	1888	1888	1888	1887	1887	1887	1888	1888	1888	1887	1887	1888	1887	1888	1887	1887	1887	1888	1887	1887	1887	1887	1887	1886	1887	1887	1888	1887	1887	1887	1887	1887	1888	1887	1887	1887	1887	1887	1888	1888	1887	1888	1888	1888	1888	1887	1887	1888	1888	1888	1887	1888	1887	1888	1888	1888	1888	1888	1888	1888	1888	1888	1887	1888	1888	1888	1888	1888	1888	1887	1888	1887	1888	1887	1888	1887	1887	1888	1888	1887	1888	1888	1888	1888	1888	1888	1888	1888	1888	1887	1888	1888	1888	1887	1888	1888	1888
3795	860307	1889	1889	1889	1889	1888	1889	1888	1888	1889	1888	1888	1888	1888	1888	1888	1888	1888	1888	1888	1888	1888	1888	1888	1889	1888	1888	1888	1888	1888	1888	1889	1888	1888	1888	1888	1889	1888	1888	1888	1888	1888	1888	1888	1888	1889	1888	1888	1888	1889	1888	1888	1889	1888	1888	1888	1889	1888	1889	1889	1888	1888	1888	1888	1888	1888	1889	1888	1888	1888	1888	1889	1888	1889	1888	1889	1889	1889	1889	1889	1889	1888	1888	1888	1888	1888	1888	1888	1888	1888	1888	1888	1888	1888	1888	1888	1888	1888	1888	1888	1887	1888	1887	1888	1888	1888	1888	1888	1887	1888	1887	1887	1888	1888	1888	1887	1888	1888	1888	1888	1888	1888	1888	1888	1888	1888	1888	1888	1888
3796	860800	1889	1889	1889	1889	1888	1888	1889	1889	1888	1888	1889	1889	1889	1889	1888	1888	1888	1889	1888	1889	1889	1889	1889	1889	1889	1889	1888	1889	1888	1889	1889	1888	1888	1888	1888	1889	1888	1888	1888	1888	1889	1889	1888	1888	1889	1888	1889	1888	1888	1888	1888	1888	1888	1889	1888	1888	1888	1888	1888	1888	1887	1888	1888	1888	1888	1888	1888	1888	1888	1888	1889	1888	1888	1889	1888	1889	1889	1888	1889	1888	1889	1889	1888	1889	1888	1888	1889	1888	1889	1888	1889	1888	1889	1888	1888	1889	1889	1889	1889	1889	1889	1889	1889	1889	1888	1889	1888	1889	1889	1889	1889	1888	1888	1889	1888	1889	1889	1889	1888	1889	1889	1888	1889	1888	1888	1888	1888	1888
3797	861292	1890	1889	1889	1890	1890	1890	1889	1890	1889	1890	1890	1890	1889	1890	1890	1890	1890	1890	1889	1889	1889	1889	1889	1889	1889	1889	1890	1889	1890	1890	1890	1890	1889	1889	1889	1889	1890	1889	1889	1889	1890	1889	1889	1890	1889	1890	1889	1889	1889	1889	1889	1889	1890	1889	1889	1889	1889	1889	1890	1889	1889	1889	1889	1889	1889	1890	1889	1889	1889	1889	1890	1889	1890	1889	1889	1890	1890	1889	1890	1890	1890	1889	1889	1889	1889	1889	1889	1889	1889	1889	1889	1888	1889	1889	1889	1888	1888	1889	1889	1889	1889	1889	1889	1889	1889	1889	1889	1889	1889	1889	1889	1889	1889	1889	1889	1889	1889	1889	1889	1889	1889	1889	1889	1889	1889	1889	1889	1889
3798	861784	1889	1889	1889	1890	1890	1889	1889	1890	1889	1890	1890	1890	1890	1890	1890	1890	1889	1890	1890	1890	1889	1889	1890	1889	1890	1890	1890	1890	1889	1890	1890	1889	1890	1890	1890	1890	1890	1890	1890	1889	1890	1890	1889	1890	1889	1890	1890	1889	1889	1889	1889	1889	1889	1890	1888	1889	1889	1889	1889	1889	1890	1889	1889	1889	1889	1889	1890	1889	1889	1889	1889	1889	1889	1888	1889	1889	1889	1889	1890	1889	1889	1889	1889	1889	1889	1890	1890	1890	1890	1889	1890	1890	1891	1890	1890	1890	1890	1890	1890	1890	1890	1890	1890	1890	1890	1890	1890	1890	1890	1890	1890	1890	1890	1890	1890	1891	1890	1891	1890	1890	1890	1890	1890	1890	1890	1889	1890	1889
3799	862276	1891	1890	1890	1890	1890	1890	1890	1891	1890	1890	1890	1891	1891	1890	1891	1890	1890	1891	1890	1891	1891	1891	1891	1890	1890	1891	1891	1890	1890	1891	1891	1891	1890	1891	1891	1891	1891	1891	1891	1891	1891	1891	1891	1891	1891	1890	1890	1891	1891	1890	1891	1890	1891	1891	1890	1890	1891	1891	1891	1891	1891	1890	1891	1890	1890	1891	1891	1890	1891	1891	1890	1890	1890	1891	1890	1890	1890	1890	1890	1890	1890	1889	1890	1890	1890	1890	1890	1890	1890	1890	1890	1890	1890	1890	1891	1891	1890	1890	1890	1890	1890	1890	1891	1890	1890	1891	1891	1891	1891	1891	1891	1890	1891	1890	1890	1890	1890	1890	1890	1890	1891	1890	1890	1891	1890	1890	1890	1890
3800	862769	1890	1890	1891	1890	1891	1890	1890	1890	1890	1890	1890	1890	1890	1890	1891	1890	1890	1891	1891	1891	1891	1891	1891	1891	1891	1891	1891	1891	1891	1890	1891	1891	1891	1891	1891	1891	1892	1892	1892	1891	1891	1892	1891	1891	1891	1891	1892	1892	1894	1892	1891	1891	1891	1891	1891	1891	1891	1891	1891	1891	1891	1891	1891	1891	1891	1891	1892	1891	1891	1891	1891	1891	1891	1891	1890	1891	1891	1891	1891	1891	1891	1891	1891	1891	1890	1891	1890	1890	1891	1891	1890	1891	1891	1891	1891	1891	1891	1891	1891	1891	1891	1891	1891	1891	1891	1891	1890	1891	1891	1891	1890	1891	1890	1892	1891	1891	1891	1891	1891	1891	1891	1891	1891	1890	1890	1891	1891	1891
3801	863261	1891	1891	1891	1891	1890	1891	1891	1891	1891	1891	1891	1891	1891	1891	1891	1891	1891	1891	1891	1892	1891	1891	1891	1891	1891	1891	1890	1891	1891	1891	1891	1891	1891	1891	1891	1890	1891	1891	1890	1890	1891	1891	1892	1890	1891	1891	1890	1891	1891	1891	1891	1890	1891	1891	1891	1891	1890	1891	1893	1891	1891	1891	1891	1891	1891	1891	1891	1891	1891	1891	1891	1892	1891	1892	1891	1891	1891	1892	1891	1891	1891	1891	1891	1891	1891	1891	1891	1891	1892	1891	1892	1892	1892	1892	1891	1892	1892	1892	1892	1891	1892	1891	1891	1892	1891	1891	1891	1891	1891	1891	1892	1892	1892	1891	1891	1891	1891	1891	1891	1891	1891	1891	1891	1891	1891	1891	1890	1891
3802	863753	1891	1892	1892	1891	1892	1891	1891	1891	1891	1891	1891	1891	1891	1892	1891	1891	1891	1892	1892	1892	1892	1891	1892	1892	1892	1892	1892	1892	1892	1892	1892	1892	1892	1892	1892	1892	1892	1892	1892	1892	1892	1892	1892	1892	1892	1892	1891	1892	1891	1891	1892	1892	1891	1892	1892	1891	1892	1892	1892	1892	1892	1892	1892	1891	1892	1892	1891	1891	1892	1892	1891	1891	1891	1891	1891	1891	1891	1891	1891	1891	1891	1891	1892	1892	1891	1892	1892	1891	1892	1892	1892	1892	1891	1892	1891	1892	1891	1892	1892	1891	1892	1892	1891	1892	1892	1892	1891	1892	1891	1891	1892	1891	1891	1891	1892	1891	1891	1892	1891	1892	1892	1891	1892	1891	1891	1891	1890	1891
3803	864246	1892	1892	1892	1892	1890	1891	1892	1892	1892	1892	1893	1892	1892	1892	1892	1892	1892	1892	1892	1891	1892	1892	1892	1893	1892	1892	1892	1893	1893	1892	1892	1893	1893	1893	1892	1893	1892	1893	1893	1891	1892	1892	1893	1893	1893	1892	1892	1892	1893	1892	1893	1893	1893	1892	1892	1892	1892	1892	1892	1892	1891	1892	1892	1892	1892	1892	1892	1892	1892	1892	1892	1892	1892	1892	1892	1892	1892	1892	1892	1892	1892	1892	1893	1892	1893	1893	1892	1893	1892	1892	1892	1892	1892	1892	1892	1892	1892	1892	1892	1892	1893	1892	1892	1893	1892	1892	1893	1893	1892	1893	1892	1892	1893	1892	1892	1892	1893	1892	1892	1892	1892	1892	1892	1892	1892	1892	1892	1892
3804	864738	1893	1893	1893	1894	1894	1893	1893	1893	1893	1893	1893	1893	1893	1892	1893	1893	1893	1893	1892	1893	1893	1893	1893	1892	1893	1892	1892	1892	1892	1892	1892	1893	1892	1892	1892	1892	1892	1892	1892	1892	1892	1893	1892	1892	1892	1892	1892	1892	1892	1892	1893	1892	1892	1893	1892	1892	1893	1892	1892	1893	1892	1893	1892	1893	1892	1892	1893	1892	1893	1892	1893	1893	1893	1893	1893	1893	1892	1892	1893	1892	1892	1892	1892	1892	1892	1893	1892	1893	1892	1892	1893	1892	1893	1892	1892	1893	1893	1892	1892	1892	1893	1893	1893	1892	1892	1892	1892	1893	1893	1892	1893	1892	1893	1893	1893	1892	1892	1893	1892	1893	1892	1892	1892	1892	1892	1893	1893	1893
3805	865230	1893	1893	1893	1893	1893	1893	1894	1893	1893	1892	1893	1893	1892	1893	1893	1893	1893	1893	1893	1892	1893	1893	1893	1893	1893	1893	1893	1893	1893	1892	1893	1893	1893	1893	1893	1893	1893	1893	1893	1893	1893	1894	1893	1894	1893	1893	1894	1894	1893	1894	1893	1893	1893	1893	1893	1894	1893	1893	1893	1893	1893	1893	1893	1893	1893	1893	1893	1893	1893	1893	1893	1893	1893	1893	1893	1893	1894	1893	1894	1893	1894	1893	1893	1893	1893	1894	1893	1893	1893	1893	1893	1893	1893	1893	1893	1894	1893	1893	1893	1894	1893	1893	1893	1893	1893	1894	1893	1894	1893	1893	1893	1893	1893	1893	1893	1893	1893	1894	1893	1893	1893	1893	1893	1893	1894	1893	1893	1893
3806	865723	1893	1893	1893	1893	1893	1893	1893	1894	1894	1894	1893	1894	1893	1893	1893	1893	1893	1893	1894	1893	1894	1894	1893	1894	1893	1894	1894	1893	1894	1894	1894	1894	1894	1895	1894	1894	1894	1893	1894	1893	1894	1893	1893	1892	1893	1893	1893	1893	1893	1893	1893	1893	1893	1894	1894	1893	1893	1894	1893	1893	1894	1893	1893	1893	1893	1893	1893	1893	1893	1893	1894	1893	1892	1893	1893	1893	1893	1894	1893	1894	1893	1894	1894	1895	1893	1895	1894	1894	1893	1893	1893	1894	1894	1894	1894	1893	1895	1895	1895	1894	1894	1894	1895	1894	1894	1895	1894	1894	1894	1894	1895	1894	1894	1894	1894	1894	1893	1894	1894	1894	1893	1894	1893	1894	1893	1893	1894	1894
3807	866215	1895	1895	1895	1895	1895	1894	1895	1895	1894	1895	1895	1895	1895	1894	1894	1895	1895	1895	1895	1895	1894	1895	1894	1895	1894	1894	1894	1894	1894	1895	1894	1894	1894	1894	1894	1894	1894	1894	1894	1894	1894	1893	1894	1894	1893	1894	1894	1894	1894	1893	1894	1893	1893	1894	1893	1894	1893	1894	1894	1894	1894	1894	1894	1894	1894	1895	1894	1895	1895	1894	1894	1893	1895	1894	1894	1894	1894	1894	1894	1894	1894	1894	1894	1894	1894	1895	1895	1894	1894	1894	1894	1895	1894	1894	1894	1894	1894	1894	1894	1894	1894	1895	1894	1894	1894	1895	1894	1894	1894	1894	1894	1894	1895	1894	1894	1894	1894	1895	1894	1894	1894	1894	1895	1893	1894	1894	1894	1894
3808	866707	1894	1894	1894	1894	1894	1895	1894	1895	1894	1894	1895	1895	1894	1895	1894	1895	1894	1894	1895	1894	1895	1894	1894	1895	1895	1895	1895	1895	1894	1895	1894	1895	1894	1894	1895	1894	1895	1894	1894	1894	1894	1894	1894	1895	1894	1893	1894	1894	1894	1894	1895	1895	1895	1895	1895	1894	1894	1895	1894	1895	1894	1895	1893	1894	1895	1895	1894	1895	1895	1895	1895	1895	1895	1895	1895	1895	1895	1895	1895	1894	1895	1894	1895	1895	1895	1895	1894	1895	1895	1895	1895	1894	1895	1895	1895	1895	1894	1894	1894	1895	1895	1895	1895	1895	1895	1894	1894	1894	1895	1895	1894	1895	1894	1894	1894	1894	1895	1894	1894	1895	1894	1894	1894	1894	1894	1894	1895	1894
3809	867200	1895	1895	1893	1895	1895	1895	1895	1895	1895	1895	1894	1895	1894	1894	1895	1895	1895	1895	1895	1895	1894	1895	1894	1895	1895	1895	1895	1895	1895	1895	1895	1896	1895	1895	1895	1895	1895	1895	1895	1895	1895	1895	1896	1895	1895	1895	1895	1896	1895	1895	1896	1895	1895	1896	1895	1895	1895	1896	1895	1896	1895	1895	1895	1895	1895	1895	1895	1895	1895	1895	1895	1895	1895	1895	1895	1895	1895	1895	1895	1895	1895	1895	1895	1895	1894	1895	1894	1895	1895	1895	1895	1895	1895	1895	1895	1895	1895	1895	1895	1895	1895	1895	1895	1895	1896	1895	1895	1895	1896	1896	1895	1895	1896	1895	1895	1895	1895	1896	1895	1895	1895	1896	1895	1895	1895	1895	1895	1895
3810	867692	1896	1896	1895	1896	1896	1896	1896	1895	1896	1896	1895	1895	1895	1895	1895	1895	1895	1895	1895	1895	1895	1895	1895	1895	1895	1895	1896	1896	1895	1895	1895	1896	1896	1896	1896	1896	1896	1896	1895	1895	1896	1896	1895	1895	1895	1896	1896	1896	1896	1896	1896	1896	1896	1895	1896	1896	1896	1896	1896	1896	1896	1896	1896	1896	1896	1896	1896	1896	1896	1895	1896	1896	1896	1896	1896	1896	1896	1895	1895	1896	1896	1895	1895	1895	1895	1895	1896	1895	1895	1895	1896	1895	1896	1895	1895	1896	1895	1896	1896	1895	1895	1895	1895	1895	1895	1895	1896	1895	1895	1896	1896	1896	1895	1895	1895	1895	1896	1895	1895	1896	1896	1896	1896	1896	1896	1895	1896	1896
3811	868184	1895	1895	1896	1896	1895	1896	1896	1896	1895	1896	1896	1897	1896	1896	1896	1896	1896	1896	1895	1895	1896	1896	1895	1895	1896	1896	1896	1896	1895	1896	1895	1896	1896	1896	1896	1896	1896	1896	1896	1896	1895	1896	1896	1896	1895	1896	1896	1896	1896	1896	1896	1896	1896	1896	1896	1896	1896	1896	1896	1896	1895	1896	1896	1896	1895	1895	1896	1896	1896	1896	1896	1896	1896	1896	1896	1896	1895	1895	1896	1895	1895	1895	1896	1896	1896	1896	1896	1896	1895	1895	1896	1895	1895	1896	1895	1895	1895	1895	1896	1896	1895	1896	1896	1896	1896	1896	1896	1896	1896	1896	1896	1896	1896	1896	1896	1896	1896	1896	1897	1896	1897	1897	1896	1896	1896	1896	1897	1897
3812	868676	1896	1897	1896	1896	1896	1896	1896	1897	1896	1896	1897	1896	1897	1897	1896	1897	1896	1896	1896	1897	1897	1896	1896	1896	1896	1896	1897	1897	1896	1896	1896	1897	1896	1896	1896	1896	1897	1897	1897	1897	1897	1897	1897	1897	1897	1897	1896	1897	1897	1896	1896	1897	1897	1897	1897	1897	1897	1896	1897	1897	1897	1896	1897	1897	1897	1897	1897	1897	1897	1897	1897	1897	1897	1897	1897	1896	1897	1896	1897	1897	1896	1897	1896	1897	1897	1897	1897	1897	1897	1896	1896	1896	1896	1897	1896	1896	1896	1897	1897	1896	1897	1896	1896	1897	1897	1896	1897	1896	1896	1896	1896	1896	1896	1896	1896	1897	1897	1897	1897	1897	1896	1896	1896	1897	1896	1896	1896	1896
3813	869169	1896	1896	1896	1896	1896	1898	1897	1897	1897	1897	1897	1897	1897	1897	1896	1897	1897	1897	1897	1897	1897	1897	1897	1897	1896	1897	1897	1897	1897	1898	1897	1897	1898	1897	1898	1897	1897	1898	1898	1897	1898	1897	1897	1896	1897	1897	1896	1897	1897	1897	1897	1898	1897	1897	1897	1897	1898	1897	1897	1897	1897	1896	1898	1896	1897	1897	1897	1896	1896	1897	1897	1897	1896	1896	1897	1896	1896	1897	1896	1896	1897	1896	1897	1897	1897	1897	1897	1897	1897	1897	1897	1897	1897	1896	1897	1897	1896	1897	1897	1897	1896	1897	1897	1897	1897	1897	1897	1897	1897	1898	1897	1897	1898	1898	1897	1897	1897	1897	1898	1896	1897	1897	1897	1897	1897	1896	1897	1897
3814	869661	1898	1898	1898	1897	1898	1898	1897	1898	1898	1898	1897	1898	1897	1897	1897	1897	1898	1898	1897	1898	1897	1897	1898	1897	1897	1897	1898	1897	1898	1897	1898	1898	1897	1897	1897	1897	1897	1897	1898	1897	1897	1898	1896	1897	1897	1897	1897	1897	1898	1897	1898	1898	1898	1898	1897	1898	1898	1898	1897	1897	1896	1897	1897	1898	1897	1897	1897	1898	1898	1898	1897	1898	1898	1898	1898	1898	1898	1898	1898	1897	1898	1898	1898	1898	1898	1898	1897	1898	1898	1897	1898	1897	1898	1897	1898	1898	1897	1898	1898	1898	1898	1897	1898	1898	1897	1897	1898	1898	1898	1898	1898	1897	1897	1898	1897	1898	1898	1898	1897	1898	1898	1897	1897	1898	1898	1898	1898	1898
3815	870153	1899	1899	1899	1899	1898	1899	1899	1898	1898	1898	1898	1898	1898	1897	1898	1898	1898	1898	1898	1898	1898	1898	1898	1898	1898	1898	1898	1898	1898	1898	1898	1898	1898	1898	1898	1898	1898	1898	1898	1898	1898	1898	1898	1898	1898	1898	1897	1898	1898	1898	1898	1898	1898	1897	1898	1897	1898	1898	1898	1898	1898	1897	1898	1898	1898	1898	1898	1898	1898	1898	1898	1898	1898	1898	1898	1898	1898	1897	1898	1898	1897	1898	1898	1898	1898	1898	1898	1897	1898	1898	1898	1898	1898	1898	1898	1898	1898	1897	1898	1898	1897	1898	1898	1898	1897	1897	1897	1898	1898	1898	1897	1898	1898	1898	1899	1898	1898	1898	1898	1898	1898	1898	1898	1898	1898	1898	1898	1898
3816	870646	1899	1899	1899	1899	1899	1899	1899	1899	1899	1899	1899	1899	1899	1900	1899	1900	1899	1899	1899	1899	1900	1899	1899	1899	1899	1898	1898	1899	1899	1899	1899	1898	1899	1899	1899	1898	1898	1899	1898	1899	1898	1898	1898	1899	1898	1899	1899	1899	1898	1898	1898	1898	1898	1898	1899	1899	1898	1898	1898	1897	1899	1899	1898	1898	1899	1898	1899	1899	1898	1899	1899	1899	1899	1899	1899	1898	1899	1898	1898	1898	1898	1899	1898	1898	1898	1898	1898	1898	1898	1898	1899	1898	1898	1899	1899	1899	1900	1899	1898	1899	1899	1899	1899	1899	1898	1899	1899	1898	1899	1898	1898	1899	1898	1899	1898	1898	1898	1898	1898	1898	1899	1898	1899	1898	1899	1899	1899	1899
3817	871138	1900	1900	1899	1900	1900	1899	1899	1899	1900	1899	1899	1899	1899	1899	1900	1899	1899	1899	1899	1900	1900	1900	1900	1899	1899	1900	1900	1899	1899	1899	1899	1899	1900	1899	1899	1898	1899	1899	1899	1899	1899	1899	1899	1899	1899	1899	1898	1899	1899	1898	1899	1899	1898	1899	1899	1899	1899	1898	1899	1899	1898	1898	1899	1899	1899	1899	1899	1898	1899	1899	1899	1899	1899	1899	1899	1899	1899	1899	1899	1899	1899	1899	1899	1899	1898	1899	1898	1899	1899	1898	1899	1899	1899	1899	1899	1899	1899	1899	1899	1899	1899	1899	1899	1899	1898	1899	1899	1899	1899	1899	1899	1899	1899	1899	1899	1899	1899	1899	1899	1899	1900	1899	1899	1899	1899	1899	1898	1899
3818	871630	1899	1900	1900	1900	1899	1900	1899	1900	1900	1900	1900	1900	1900	1900	1900	1900	1900	1900	1899	1900	1900	1900	1900	1899	1900	1899	1898	1898	1898	1899	1899	1899	1899	1900	1900	1899	1900	1900	1900	1900	1900	1900	1899	1900	1899	1900	1899	1899	1900	1899	1899	1899	1899	1900	1899	1899	1900	1899	1900	1899	1899	1900	1900	1900	1900	1900	1899	1900	1900	1900	1900	1900	1900	1900	1899	1900	1900	1900	1900	1900	1899	1899	1899	1899	1900	1899	1899	1899	1900	1900	1899	1899	1900	1900	1900	1899	1899	1900	1899	1900	1900	1899	1899	1899	1899	1900	1899	1899	1899	1899	1900	1899	1900	1899	1899	1899	1899	1899	1899	1900	1899	1899	1899	1899	1899	1900	1899	1900
3819	872123	1900	1900	1900	1900	1900	1900	1900	1899	1900	1900	1900	1899	1899	1899	1899	1899	1899	1900	1900	1900	1900	1900	1899	1900	1900	1900	1900	1899	1900	1900	1899	1899	1900	1900	1900	1900	1900	1900	1900	1900	1901	1900	1900	1900	1900	1900	1900	1900	1900	1899	1900	1901	1900	1899	1900	1900	1900	1901	1900	1900	1900	1900	1899	1900	1900	1900	1900	1900	1900	1900	1900	1899	1900	1900	1899	1900	1900	1900	1900	1900	1900	1900	1900	1900	1900	1900	1900	1900	1900	1900	1900	1901	1900	1900	1900	1901	1900	1901	1901	1900	1900	1901	1900	1900	1900	1900	1900	1900	1899	1901	1900	1900	1900	1901	1901	1901	1901	1900	1900	1901	1900	1900	1900	1900	1900	1900	1900	1900
3820	872615	1900	1900	1900	1901	1900	1900	1900	1900	1900	1899	1900	1899	1900	1900	1901	1900	1900	1900	1900	1901	1900	1901	1900	1901	1900	1901	1901	1900	1900	1901	1900	1900	1901	1900	1900	1900	1900	1900	1900	1901	1900	1900	1900	1900	1901	1900	1900	1900	1900	1901	1901	1901	1900	1900	1900	1900	1900	1900	1901	1901	1900	1901	1900	1900	1900	1900	1901	1900	1901	1900	1900	1901	1901	1901	1900	1901	1901	1901	1901	1900	1900	1901	1899	1901	1900	1900	1901	1900	1900	1900	1900	1900	1900	1901	1900	1901	1901	1901	1901	1900	1900	1901	1901	1900	1900	1900	1900	1900	1900	1900	1900	1900	1900	1900	1901	1901	1900	1900	1900	1900	1901	1901	1901	1900	1901	1900	1900	1900
3821	873107	1901	1901	1901	1901	1901	1901	1901	1901	1901	1901	1901	1901	1901	1901	1901	1901	1901	1901	1901	1901	1901	1901	1901	1901	1901	1901	1901	1901	1901	1901	1901	1901	1901	1901	1902	1901	1902	1902	1902	1901	1902	1901	1901	1901	1901	1901	1901	1901	1900	1901	1901	1902	1901	1902	1902	1901	1902	1902	1901	1901	1901	1902	1901	1901	1901	1902	1901	1900	1901	1901	1901	1901	1900	1901	1900	1901	1901	1901	1901	1901	1901	1900	1901	1901	1901	1901	1901	1901	1901	1901	1901	1900	1901	1900	1900	1901	1901	1901	1901	1901	1901	1901	1900	1901	1901	1901	1901	1899	1901	1901	1902	1901	1902	1901	1901	1901	1901	1902	1901	1901	1901	1900	1901	1901	1901	1900	1901	1901
3822	873600	1901	1901	1902	1902	1901	1902	1902	1902	1902	1902	1902	1902	1902	1902	1902	1902	1902	1901	1901	1902	1902	1902	1902	1901	1901	1901	1901	1902	1901	1902	1901	1901	1902	1901	1901	1901	1901	1901	1901	1901	1900	1901	1901	1901	1901	1901	1902	1902	1901	1902	1902	1901	1902	1902	1902	1902	1902	1902	1901	1902	1902	1903	1902	1902	1901	1902	1902	1902	1902	1902	1902	1902	1901	1901	1902	1901	1902	1902	1902	1902	1902	1902	1902	1902	1902	1902	1902	1902	1902	1902	1902	1902	1902	1902	1902	1902	1902	1901	1901	1901	1901	1901	1901	1901	1901	1902	1901	1901	1901	1901	1901	1902	1901	1901	1901	1902	1901	1901	1902	1901	1901	1901	1901	1902	1901	1902	1901	1901
3823	874092	1902	1902	1902	1902	1902	1902	1902	1902	1902	1902	1902	1902	1902	1902	1901	1902	1901	1902	1901	1902	1902	1902	1902	1902	1902	1902	1902	1902	1902	1902	1902	1901	1902	1902	1902	1902	1902	1902	1902	1902	1902	1903	1902	1902	1902	1902	1902	1902	1902	1902	1902	1903	1903	1903	1903	1903	1902	1902	1902	1902	1902	1903	1903	1902	1902	1902	1902	1902	1902	1902	1902	1902	1902	1902	1902	1902	1902	1902	1902	1902	1902	1902	1902	1902	1902	1902	1902	1902	1903	1902	1902	1902	1902	1902	1902	1902	1902	1903	1902	1902	1902	1902	1902	1903	1902	1902	1902	1902	1902	1902	1902	1902	1902	1902	1902	1903	1902	1902	1903	1902	1902	1902	1902	1901	1902	1902	1902	1902
3824	874584	1903	1903	1903	1903	1903	1903	1903	1903	1903	1903	1903	1902	1903	1902	1903	1902	1902	1903	1902	1902	1903	1903	1903	1903	1903	1902	1903	1903	1903	1903	1902	1903	1903	1902	1903	1902	1903	1903	1904	1903	1903	1903	1903	1903	1903	1903	1903	1903	1903	1904	1903	1903	1903	1903	1903	1903	1903	1903	1903	1902	1902	1903	1903	1903	1903	1903	1903	1902	1903	1903	1902	1902	1903	1902	1902	1902	1902	1903	1902	1902	1903	1902	1903	1902	1903	1902	1902	1902	1902	1903	1903	1902	1902	1902	1902	1903	1902	1903	1903	1903	1903	1902	1902	1903	1903	1903	1903	1903	1902	1902	1902	1903	1903	1903	1903	1903	1903	1903	1903	1903	1903	1902	1903	1903	1902	1903	1903	1902
3825	875076	1903	1904	1904	1904	1904	1903	1903	1903	1903	1903	1902	1903	1903	1903	1903	1903	1903	1902	1902	1903	1902	1903	1903	1902	1902	1902	1903	1903	1902	1903	1903	1903	1903	1902	1903	1902	1903	1903	1902	1902	1903	1903	1903	1902	1903	1903	1903	1903	1903	1904	1903	1903	1904	1903	1904	1904	1903	1904	1903	1904	1904	1903	1903	1904	1903	1904	1903	1903	1903	1903	1903	1903	1903	1904	1903	1904	1904	1904	1904	1903	1904	1904	1903	1903	1903	1903	1903	1903	1903	1902	1903	1903	1902	1902	1902	1903	1903	1902	1903	1903	1903	1903	1903	1903	1903	1902	1903	1903	1902	1902	1903	1902	1903	1902	1903	1903	1902	1903	1902	1902	1903	1903	1903	1903	1903	1903	1903	1903
3826	875569	1903	1903	1903	1903	1903	1903	1903	1903	1904	1904	1903	1903	1903	1903	1903	1903	1903	1903	1903	1903	1903	1903	1903	1904	1903	1903	1903	1903	1903	1904	1904	1903	1903	1904	1903	1904	1903	1903	1903	1903	1904	1904	1904	1903	1903	1903	1903	1903	1903	1903	1903	1903	1903	1904	1903	1904	1903	1903	1903	1903	1904	1903	1903	1904	1903	1903	1903	1903	1903	1904	1904	1903	1903	1904	1902	1903	1903	1903	1903	1903	1903	1903	1904	1903	1903	1904	1904	1904	1904	1904	1904	1904	1904	1903	1903	1903	1904	1903	1904	1903	1904	1903	1902	1902	1903	1903	1903	1903	1903	1903	1903	1903	1904	1903	1904	1903	1904	1903	1903	1903	1903	1903	1903	1903	1902	1903	1903	1903
3827	876061	1904	1903	1904	1904	1904	1904	1905	1904	1904	1904	1904	1903	1904	1903	1903	1904	1904	1904	1903	1904	1903	1904	1904	1903	1904	1904	1903	1904	1903	1904	1904	1904	1904	1904	1904	1904	1904	1904	1904	1903	1904	1904	1904	1904	1903	1904	1904	1904	1903	1903	1904	1904	1904	1904	1905	1904	1904	1904	1904	1904	1904	1904	1905	1904	1904	1904	1904	1905	1904	1904	1904	1904	1904	1904	1905	1904	1905	1905	1904	1905	1904	1905	1906	1904	1904	1904	1904	1904	1904	1905	1904	1904	1904	1904	1904	1904	1904	1904	1904	1904	1904	1903	1904	1904	1904	1904	1904	1904	1904	1904	1904	1904	1904	1904	1904	1904	1905	1905	1904	1904	1905	1904	1904	1904	1904	1904	1904	1904
3828	876553	1904	1905	1904	1904	1904	1904	1905	1904	1904	1904	1904	1904	1904	1904	1904	1904	1903	1904	1904	1904	1904	1904	1903	1903	1904	1903	1903	1904	1904	1904	1904	1904	1905	1904	1904	1904	1904	1904	1904	1904	1904	1904	1904	1904	1904	1904	1904	1904	1905	1904	1905	1904	1905	1905	1905	1905	1905	1905	1905	1905	1905	1905	1905	1905	1904	1904	1904	1904	1905	1904	1905	1904	1905	1905	1904	1905	1905	1904	1905	1905	1905	1905	1905	1905	1904	1905	1904	1904	1904	1904	1904	1904	1904	1904	1905	1904	1904	1904	1905	1904	1905	1904	1904	1905	1905	1905	1905	1905	1905	1905	1904	1905	1905	1904	1905	1905	1905	1904	1904	1904	1905	1905	1905	1905	1905	1906	1905	1906
3829	877046	1904	1905	1905	1905	1904	1905	1905	1905	1905	1905	1905	1905	1906	1905	1905	1906	1906	1905	1906	1905	1905	1905	1905	1905	1905	1905	1905	1905	1905	1904	1905	1906	1904	1905	1904	1905	1905	1904	1905	1905	1904	1904	1905	1904	1904	1904	1904	1904	1904	1905	1905	1905	1905	1905	1905	1904	1905	1904	1905	1905	1905	1905	1905	1905	1905	1906	1905	1905	1905	1905	1905	1904	1905	1905	1905	1905	1905	1905	1905	1905	1905	1905	1905	1906	1905	1905	1905	1905	1905	1904	1906	1905	1905	1905	1906	1905	1906	1906	1905	1905	1905	1906	1905	1905	1905	1906	1906	1906	1905	1905	1905	1906	1904	1905	1904	1904	1905	1904	1905	1904	1904	1905	1904	1905	1904	1905	1905	1904
3830	877538	1905	1905	1905	1906	1905	1905	1905	1905	1905	1906	1906	1905	1905	1905	1905	1905	1905	1905	1905	1905	1906	1905	1905	1905	1906	1905	1905	1905	1905	1905	1906	1905	1905	1905	1905	1906	1906	1905	1905	1905	1905	1905	1906	1905	1906	1905	1905	1905	1905	1906	1906	1905	1905	1905	1906	1906	1906	1905	1905	1905	1905	1906	1906	1906	1905	1905	1905	1905	1905	1905	1905	1905	1905	1905	1906	1904	1905	1905	1905	1905	1905	1905	1905	1905	1905	1905	1905	1906	1904	1905	1905	1905	1905	1905	1906	1905	1905	1905	1905	1906	1905	1905	1905	1906	1906	1905	1905	1906	1906	1906	1906	1906	1906	1905	1906	1906	1906	1906	1906	1906	1906	1907	1906	1906	1906	1906	1906	1905
3831	878030	1906	1906	1906	1906	1906	1906	1906	1906	1907	1906	1905	1906	1906	1906	1906	1906	1906	1906	1906	1906	1905	1905	1905	1906	1905	1905	1906	1905	1906	1905	1905	1905	1905	1905	1905	1905	1905	1906	1906	1906	1906	1906	1906	1906	1906	1906	1905	1906	1905	1906	1906	1906	1906	1905	1906	1906	1906	1906	1906	1906	1906	1906	1906	1906	1906	1906	1906	1906	1906	1906	1906	1906	1906	1906	1906	1906	1906	1906	1906	1906	1906	1905	1906	1906	1906	1906	1905	1906	1906	1906	1906	1905	1906	1905	1905	1905	1905	1905	1905	1906	1906	1905	1906	1905	1905	1906	1905	1906	1905	1905	1905	1905	1905	1906	1906	1906	1905	1906	1906	1906	1906	1906	1906	1906	1906	1905	1905	1906
3832	878523	1907	1907	1906	1906	1907	1906	1907	1906	1907	1907	1907	1908	1907	1907	1907	1907	1907	1907	1907	1907	1907	1907	1907	1907	1907	1907	1907	1907	1907	1907	1907	1906	1906	1906	1906	1907	1906	1907	1907	1907	1906	1907	1906	1907	1907	1907	1907	1906	1906	1907	1906	1906	1906	1906	1906	1906	1906	1906	1906	1906	1906	1906	1906	1907	1906	1907	1906	1906	1906	1906	1906	1906	1906	1907	1906	1907	1906	1906	1906	1906	1906	1906	1905	1906	1906	1906	1906	1906	1906	1906	1906	1907	1907	1906	1907	1906	1906	1906	1906	1906	1906	1906	1907	1906	1906	1907	1906	1906	1906	1907	1907	1907	1907	1906	1908	1907	1907	1907	1906	1907	1907	1907	1906	1906	1907	1907	1907	1907
3833	879015	1907	1907	1907	1907	1907	1906	1907	1907	1907	1907	1907	1907	1907	1907	1907	1907	1907	1907	1907	1907	1907	1907	1907	1907	1908	1907	1905	1907	1907	1907	1907	1907	1907	1907	1907	1907	1907	1907	1907	1907	1907	1907	1907	1908	1907	1907	1906	1907	1906	1907	1907	1907	1907	1907	1907	1907	1907	1907	1907	1907	1907	1907	1907	1907	1907	1907	1907	1908	1908	1907	1907	1907	1907	1908	1907	1907	1907	1907	1907	1907	1907	1907	1907	1907	1907	1907	1907	1908	1907	1906	1907	1907	1907	1907	1906	1907	1907	1907	1907	1907	1907	1906	1907	1907	1907	1906	1906	1907	1907	1907	1907	1907	1907	1907	1907	1906	1906	1907	1907	1907	1907	1907	1907	1906	1907	1907	1907	1907
3834	879507	1907	1907	1908	1908	1908	1908	1907	1907	1909	1908	1908	1908	1908	1908	1908	1908	1907	1908	1907	1907	1907	1907	1907	1906	1907	1907	1907	1906	1907	1907	1907	1907	1907	1907	1907	1907	1907	1907	1907	1907	1907	1907	1907	1907	1907	1907	1906	1906	1907	1907	1907	1907	1907	1907	1907	1907	1907	1907	1908	1907	1908	1908	1907	1908	1907	1910	1908	1907	1908	1907	1907	1908	1907	1908	1907	1908	1907	1908	1907	1908	1907	1908	1907	1907	1907	1908	1908	1907	1907	1907	1908	1908	1907	1907	1908	1907	1907	1907	1907	1907	1907	1907	1907	1907	1907	1907	1907	1907	1907	1907	1907	1907	1907	1907	1907	1907	1907	1908	1907	1907	1908	1907	1907	1907	1907	1908	1907	1907
3835	880000	1907	1908	1908	1908	1908	1908	1908	1908	1908	1908	1908	1908	1909	1908	1908	1908	1909	1908	1909	1908	1908	1908	1908	1908	1908	1909	1909	1909	1909	1909	1909	1909	1908	1908	1908	1909	1908	1908	1908	1908	1908	1908	1908	1908	1908	1908	1907	1908	1907	1907	1908	1907	1908	1907	1907	1908	1907	1907	1908	1907	1907	1907	1908	1908	1907	1907	1907	1907	1907	1907	1907	1907	1907	1908	1908	1907	1907	1908	1908	1908	1908	1908	1908	1908	1908	1908	1908	1908	1909	1908	1907	1909	1909	1908	1908	1908	1908	1908	1908	1909	1908	1908	1908	1908	1908	1909	1908	1909	1908	1908	1908	1908	1908	1908	1908	1908	1908	1908	1908	1908	1907	1907	1907	1907	1908	1907	1907	1907
3836	880492	1908	1908	1908	1908	1908	1908	1908	1908	1908	1908	1908	1908	1908	1908	1908	1907	1908	1908	1908	1908	1908	1908	1908	1908	1908	1909	1908	1908	1908	1908	1908	1908	1908	1909	1908	1909	1908	1909	1908	1908	1908	1909	1908	1909	1908	1909	1908	1909	1909	1908	1909	1908	1908	1909	1908	1909	1908	1908	1908	1909	1909	1908	1908	1909	1909	1909	1909	1908	1908	1909	1909	1909	1908	1908	1909	1909	1908	1908	1908	1908	1908	1908	1909	1908	1908	1908	1909	1909	1909	1908	1908	1908	1908	1908	1908	1909	1908	1909	1908	1909	1909	1909	1909	1908	1908	1909	1908	1909	1908	1908	1909	1908	1909	1909	1908	1909	1908	1909	1908	1909	1908	1908	1909	1909	1908	1909	1908	1908
3837	880984	1908	1909	1909	1910	1910	1909	1910	1909	1910	1910	1910	1910	1910	1910	1910	1910	1910	1910	1910	1909	1910	1910	1909	1910	1910	1909	1909	1909	1910	1909	1910	1909	1909	1909	1909	1909	1909	1909	1910	1908	1910	1908	1909	1909	1908	1909	1908	1909	1908	1908	1908	1908	1908	1908	1909	1908	1908	1908	1908	1908	1909	1908	1909	1909	1908	1908	1909	1909	1908	1908	1908	1908	1909	1909	1908	1908	1908	1909	1908	1908	1909	1909	1909	1909	1909	1909	1909	1910	1910	1909	1909	1909	1909	1909	1909	1909	1909	1909	1909	1909	1909	1909	1909	1909	1908	1908	1909	1909	1908	1908	1909	1909	1909	1909	1909	1908	1908	1909	1908	1909	1908	1908	1909	1908	1908	1908	1908	1908
3838	881476	1909	1909	1909	1910	1910	1909	1910	1909	1909	1910	1911	1910	1909	1909	1909	1909	1910	1910	1910	1910	1909	1910	1910	1910	1910	1909	1910	1909	1909	1910	1910	1909	1909	1909	1909	1910	1910	1910	1910	1909	1910	1910	1910	1909	1909	1910	1909	1909	1909	1909	1910	1909	1909	1909	1909	1909	1909	1909	1909	1909	1909	1909	1909	1909	1909	1910	1909	1909	1910	1909	1909	1909	1909	1909	1909	1909	1909	1908	1909	1909	1909	1908	1909	1909	1909	1909	1909	1908	1908	1909	1909	1909	1910	1910	1910	1909	1909	1910	1909	1910	1909	1910	1910	1910	1910	1909	1910	1909	1910	1909	1910	1910	1909	1909	1909	1909	1909	1909	1909	1910	1909	1909	1909	1910	1909	1909	1910	1909
3839	881969	1910	1910	1910	1910	1909	1910	1910	1910	1910	1910	1910	1910	1910	1910	1910	1910	1910	1911	1910	1910	1910	1911	1911	1911	1911	1910	1910	1911	1910	1910	1910	1910	1910	1910	1911	1910	1910	1911	1910	1910	1911	1910	1910	1910	1910	1910	1910	1910	1910	1910	1909	1910	1910	1910	1910	1910	1909	1910	1910	1910	1910	1910	1910	1909	1910	1910	1910	1910	1910	1910	1909	1910	1910	1910	1910	1909	1910	1910	1910	1910	1910	1910	1910	1910	1910	1910	1910	1909	1910	1909	1910	1909	1910	1910	1910	1909	1910	1910	1910	1910	1910	1909	1909	1909	1909	1910	1910	1909	1910	1909	1910	1909	1910	1910	1909	1910	1909	1910	1910	1909	1910	1910	1909	1909	1909	1910	1909	1909
3840	882461	1910	1910	1911	1910	1910	1910	1910	1910	1909	1910	1910	1911	1910	1910	1910	1910	1910	1909	1911	1911	1910	1910	1909	1910	1910	1910	1910	1910	1910	1910	1910	1910	1910	1910	1911	1910	1912	1910	1910	1910	1910	1910	1910	1910	1911	1910	1910	1911	1910	1911	1910	1910	1911	1910	1911	1909	1910	1911	1910	1910	1911	1910	1911	1911	1911	1910	1911	1911	1911	1911	1910	1910	1911	1911	1910	1911	1911	1911	1911	1911	1911	1911	1910	1911	1910	1911	1911	1911	1911	1911	1911	1911	1910	1912	1910	1910	1910	1910	1910	1909	1910	1910	1910	1910	1910	1910	1910	1910	1910	1910	1910	1910	1910	1910	1910	1910	1910	1910	1910	1910	1910	1910	1911	1910	1910	1911	1911	1911
3841	882953	1911	1910	1911	1911	1911	1911	1911	1911	1911	1910	1911	1911	1911	1911	1910	1911	1911	1911	1910	1910	1911	1911	1910	1910	1911	1910	1910	1911	1911	1911	1910	1911	1911	1910	1911	1911	1911	1911	1911	1911	1910	1911	1911	1911	1911	1911	1911	1911	1911	1910	1911	1910	1911	1911	1911	1911	1911	1911	1911	1911	1911	1912	1911	1911	1911	1911	1911	1911	1910	1910	1911	1911	1911	1911	1911	1911	1911	1912	1911	1911	1911	1911	1911	1911	1911	1911	1911	1911	1911	1911	1911	1911	1911	1910	1911	1911	1910	1911	1910	1911	1911	1911	1911	1911	1911	1912	1911	1910	1911	1910	1911	1910	1911	1911	1911	1911	1911	1911	1911	1911	1911	1911	1911	1911	1911	1912	1911	1911
3842	883446	1911	1911	1911	1910	1911	1911	1911	1912	1911	1912	1912	1912	1911	1911	1912	1911	1912	1911	1911	1911	1911	1911	1911	1911	1911	1911	1912	1911	1911	1912	1911	1912	1911	1911	1911	1911	1911	1911	1912	1911	1912	1912	1912	1912	1911	1912	1911	1911	1912	1911	1912	1912	1911	1912	1912	1912	1912	1912	1912	1912	1912	1912	1911	1912	1911	1912	1912	1911	1912	1912	1912	1911	1912	1911	1912	1912	1911	1911	1911	1911	1911	1911	1911	1911	1912	1911	1911	1911	1911	1910	1911	1911	1910	1911	1911	1911	1911	1911	1911	1911	1912	1911	1911	1911	1911	1912	1911	1911	1912	1911	1912	1911	1911	1911	1912	1912	1911	1912	1911	1911	1912	1911	1912	1911	1912	1912	1912	1912
3843	883938	1912	1912	1911	1912	1912	1912	1911	1912	1912	1912	1912	1912	1912	1912	1912	1912	1911	1911	1911	1911	1912	1911	1912	1912	1913	1912	1912	1912	1912	1912	1912	1912	1913	1912	1913	1912	1912	1912	1912	1912	1912	1912	1912	1912	1912	1912	1912	1912	1912	1912	1912	1913	1912	1912	1912	1912	1912	1912	1912	1912	1911	1912	1911	1911	1911	1911	1912	1911	1912	1912	1911	1911	1912	1912	1912	1911	1912	1912	1912	1912	1912	1912	1912	1912	1912	1912	1912	1912	1912	1912	1911	1912	1912	1912	1912	1913	1912	1912	1912	1912	1912	1912	1913	1912	1912	1912	1912	1912	1913	1913	1913	1912	1912	1913	1913	1912	1912	1912	1912	1912	1912	1912	1912	1912	1912	1912	1912	1912
3844	884430	1913	1912	1912	1912	1912	1913	1912	1913	1913	1913	1913	1913	1913	1913	1913	1912	1912	1913	1913	1913	1912	1913	1913	1912	1912	1912	1912	1912	1913	1912	1912	1912	1912	1912	1912	1912	1913	1912	1912	1912	1912	1912	1912	1912	1912	1912	1912	1913	1912	1912	1912	1912	1912	1911	1912	1911	1912	1912	1911	1911	1912	1912	1912	1912	1912	1912	1912	1912	1912	1912	1913	1913	1912	1912	1912	1912	1913	1912	1913	1913	1912	1912	1912	1912	1913	1912	1912	1912	1913	1912	1912	1912	1912	1913	1913	1912	1912	1912	1912	1913	1912	1912	1912	1912	1912	1912	1912	1912	1912	1912	1912	1912	1912	1912	1912	1912	1912	1913	1912	1912	1912	1912	1912	1912	1912	1913	1912	1912
3845	884923	1912	1912	1913	1913	1912	1912	1913	1912	1913	1913	1913	1913	1912	1913	1913	1913	1913	1913	1914	1912	1913	1913	1913	1913	1913	1913	1913	1913	1914	1913	1913	1914	1914	1913	1913	1914	1914	1913	1914	1913	1914	1914	1913	1913	1913	1914	1913	1913	1913	1914	1913	1913	1912	1913	1914	1913	1913	1913	1913	1914	1913	1913	1913	1913	1913	1912	1913	1912	1913	1913	1913	1913	1912	1913	1913	1913	1913	1913	1912	1912	1913	1913	1913	1913	1913	1914	1913	1913	1913	1913	1914	1913	1913	1913	1913	1913	1913	1913	1913	1913	1913	1913	1913	1913	1913	1913	1913	1914	1913	1912	1913	1913	1913	1913	1914	1913	1913	1913	1913	1913	1913	1912	1912	1913	1913	1913	1913	1912
3846	885415	1912	1913	1913	1914	1913	1913	1913	1914	1914	1913	1913	1913	1913	1913	1912	1912	1913	1913	1913	1913	1913	1913	1913	1913	1913	1913	1913	1914	1913	1913	1914	1913	1914	1913	1914	1913	1913	1914	1913	1913	1913	1913	1913	1913	1913	1913	1913	1913	1913	1914	1913	1913	1913	1913	1913	1913	1913	1913	1913	1913	1913	1913	1912	1913	1913	1913	1913	1913	1913	1913	1913	1913	1913	1913	1913	1913	1913	1912	1912	1912	1913	1913	1913	1913	1913	1913	1914	1913	1913	1913	1913	1914	1913	1913	1913	1913	1913	1913	1913	1914	1913	1914	1913	1913	1914	1913	1913	1913	1913	1913	1913	1913	1913	1913	1913	1914	1913	1913	1913	1913	1913	1913	1913	1913	1913	1913	1913	1913
3847	885907	1913	1914	1914	1914	1914	1914	1913	1914	1914	1914	1914	1914	1914	1914	1914	1914	1914	1914	1914	1914	1914	1914	1914	1915	1913	1913	1913	1914	1914	1914	1914	1913	1914	1915	1914	1915	1914	1914	1914	1914	1914	1914	1914	1914	1914	1913	1914	1914	1914	1914	1914	1914	1914	1914	1914	1914	1914	1914	1914	1914	1914	1914	1914	1914	1913	1914	1914	1914	1914	1914	1914	1914	1914	1914	1914	1913	1913	1914	1914	1914	1914	1914	1914	1914	1914	1914	1914	1914	1914	1914	1913	1914	1914	1914	1914	1914	1914	1914	1914	1914	1913	1914	1914	1914	1914	1914	1914	1913	1914	1914	1914	1914	1914	1914	1914	1914	1914	1914	1914	1914	1914	1914	1913	1914	1913	1914	1914	1914
3848	886400	1914	1915	1914	1915	1915	1915	1915	1915	1915	1915	1914	1915	1914	1915	1914	1915	1915	1914	1914	1915	1914	1915	1915	1915	1915	1915	1915	1915	1915	1915	1915	1915	1914	1914	1914	1914	1914	1914	1914	1914	1914	1914	1914	1914	1914	1914	1913	1914	1914	1914	1914	1915	1914	1914	1914	1915	1914	1915	1914	1914	1914	1914	1914	1915	1914	1914	1914	1914	1914	1914	1914	1914	1915	1914	1914	1914	1913	1914	1914	1914	1914	1914	1913	1914	1914	1913	1914	1915	1914	1913	1913	1914	1914	1913	1914	1914	1913	1914	1914	1915	1914	1914	1914	1915	1915	1914	1914	1914	1914	1914	1914	1914	1914	1914	1913	1914	1914	1914	1914	1914	1914	1913	1913	1914	1914	1914	1914	1914
3849	886892	1915	1915	1915	1915	1915	1915	1915	1915	1915	1915	1915	1914	1915	1915	1915	1915	1914	1915	1914	1914	1914	1915	1915	1915	1914	1915	1914	1915	1914	1914	1915	1914	1915	1915	1914	1915	1914	1914	1915	1915	1915	1914	1915	1915	1914	1915	1914	1914	1915	1914	1915	1914	1915	1915	1915	1914	1915	1915	1915	1915	1915	1915	1914	1915	1915	1915	1914	1915	1915	1915	1914	1914	1914	1914	1915	1914	1914	1914	1914	1914	1914	1915	1914	1915	1915	1915	1914	1915	1915	1915	1914	1915	1915	1915	1914	1914	1915	1915	1915	1915	1915	1914	1915	1914	1915	1914	1914	1915	1915	1915	1915	1915	1915	1916	1915	1915	1915	1915	1915	1915	1915	1914	1914	1914	1915	1915	1915	1915
3850	887384	1915	1915	1915	1915	1915	1914	1914	1914	1915	1915	1915	1915	1915	1915	1915	1915	1916	1915	1915	1916	1915	1915	1916	1915	1916	1916	1916	1916	1916	1916	1916	1916	1916	1916	1916	1915	1916	1916	1916	1916	1916	1916	1916	1916	1915	1916	1915	1915	1915	1916	1915	1916	1915	1915	1916	1915	1916	1916	1915	1915	1915	1915	1915	1915	1915	1915	1914	1915	1915	1915	1915	1914	1915	1915	1915	1915	1915	1915	1915	1915	1915	1915	1915	1914	1915	1915	1915	1915	1915	1915	1915	1915	1915	1915	1915	1915	1915	1916	1915	1915	1915	1915	1915	1915	1916	1916	1916	1916	1916	1915	1915	1916	1915	1916	1916	1915	1915	1915	1915	1915	1915	1915	1915	1915	1915	1915	1915	1914
3851	887876	1916	1915	1916	1915	1915	1916	1916	1916	1915	1915	1915	1916	1916	1916	1916	1916	1915	1916	1916	1917	1916	1916	1916	1916	1916	1916	1916	1916	1916	1916	1916	1916	1916	1916	1916	1916	1916	1916	1916	1916	1916	1916	1916	1915	1916	1915	1916	1916	1916	1916	1915	1916	1916	1915	1915	1915	1915	1915	1916	1915	1915	1916	1916	1916	1915	1916	1916	1915	1916	1916	1916	1916	1916	1916	1916	1916	1917	1916	1917	1915	1916	1915	1916	1916	1916	1916	1916	1916	1916	1915	1916	1916	1916	1916	1916	1916	1916	1916	1916	1916	1915	1915	1916	1915	1915	1916	1916	1916	1915	1916	1916	1915	1916	1916	1916	1916	1916	1916	1916	1916	1916	1916	1916	1916	1916	1916	1915	1916
3852	888369	1917	1917	1917	1917	1917	1917	1917	1917	1916	1917	1917	1917	1918	1916	1917	1916	1917	1916	1916	1917	1917	1916	1916	1917	1917	1916	1916	1916	1917	1917	1916	1916	1916	1916	1916	1916	1916	1917	1917	1916	1916	1916	1916	1917	1916	1916	1916	1916	1916	1916	1916	1917	1916	1916	1916	1916	1916	1916	1916	1916	1916	1916	1916	1917	1916	1917	1916	1916	1916	1916	1916	1916	1917	1916	1916	1916	1916	1916	1916	1916	1916	1916	1916	1916	1916	1916	1916	1916	1916	1916	1916	1916	1916	1916	1916	1916	1916	1916	1916	1916	1916	1917	1916	1917	1916	1916	1916	1916	1916	1916	1916	1916	1916	1916	1916	1916	1916	1916	1916	1916	1916	1916	1916	1916	1916	1916	1916	1916
3853	888861	1917	1917	1917	1917	1917	1917	1917	1917	1917	1917	1917	1917	1916	1917	1918	1917	1917	1917	1917	1916	1917	1917	1917	1917	1916	1917	1916	1916	1916	1917	1917	1917	1917	1917	1917	1917	1917	1917	1917	1917	1917	1917	1917	1917	1917	1916	1916	1917	1917	1917	1916	1916	1917	1916	1917	1916	1917	1916	1917	1917	1917	1917	1917	1917	1916	1916	1916	1916	1917	1917	1916	1917	1917	1916	1917	1917	1916	1916	1917	1916	1917	1917	1917	1917	1916	1916	1917	1917	1916	1916	1917	1917	1917	1917	1917	1917	1917	1917	1917	1917	1917	1916	1917	1917	1917	1917	1917	1917	1917	1917	1917	1917	1917	1917	1917	1917	1917	1917	1917	1916	1917	1916	1916	1916	1916	1916	1916	1917
3854	889353	1918	1918	1918	1917	1918	1918	1918	1917	1918	1918	1918	1918	1917	1917	1917	1918	1918	1917	1918	1917	1918	1917	1918	1917	1917	1917	1917	1917	1917	1917	1917	1917	1918	1917	1918	1918	1918	1918	1918	1917	1918	1918	1917	1917	1917	1918	1917	1918	1918	1918	1918	1918	1918	1918	1918	1918	1918	1918	1918	1918	1918	1917	1917	1917	1917	1917	1918	1917	1917	1917	1917	1918	1917	1917	1918	1918	1917	1918	1918	1917	1917	1918	1917	1918	1917	1917	1917	1917	1917	1918	1917	1917	1918	1917	1917	1917	1917	1917	1917	1917	1917	1917	1917	1917	1917	1917	1917	1918	1918	1917	1918	1917	1917	1917	1918	1917	1917	1917	1917	1917	1917	1918	1917	1918	1917	1917	1917	1916
3855	889846	1918	1918	1917	1918	1918	1918	1918	1918	1918	1918	1918	1918	1918	1918	1918	1918	1918	1918	1917	1918	1917	1917	1918	1918	1918	1917	1918	1918	1918	1918	1918	1918	1918	1918	1918	1918	1918	1918	1918	1918	1917	1918	1918	1918	1918	1917	1918	1917	1917	1918	1918	1917	1917	1918	1918	1918	1918	1918	1918	1918	1918	1918	1918	1918	1918	1917	1918	1918	1918	1918	1918	1918	1918	1917	1918	1918	1918	1918	1918	1918	1918	1918	1918	1918	1918	1918	1918	1918	1918	1918	1919	1917	1918	1918	1918	1918	1917	1918	1917	1918	1918	1918	1918	1918	1918	1918	1918	1918	1918	1918	1918	1918	1918	1917	1918	1918	1918	1918	1918	1918	1917	1918	1917	1918	1918	1918	1918	1918
3856	890338	1918	1918	1918	1918	1918	1918	1918	1918	1918	1918	1919	1918	1919	1918	1918	1918	1918	1919	1918	1918	1918	1918	1919	1919	1918	1919	1918	1918	1918	1918	1918	1918	1918	1918	1918	1919	1918	1918	1918	1918	1919	1918	1918	1918	1919	1918	1918	1918	1918	1918	1918	1918	1918	1918	1918	1918	1918	1918	1918	1918	1918	1918	1918	1918	1919	1918	1918	1918	1919	1918	1918	1918	1918	1918	1918	1918	1919	1918	1917	1918	1918	1918	1918	1918	1918	1918	1918	1919	1918	1919	1918	1918	1918	1918	1918	1918	1918	1918	1918	1917	1918	1918	1918	1918	1918	1918	1918	1918	1918	1919	1918	1918	1918	1918	1918	1919	1918	1917	1919	1918	1918	1918	1918	1918	1918	1919	1918	1918
3857	890830	1920	1919	1919	1920	1919	1919	1919	1918	1919	1918	1918	1920	1919	1918	1919	1919	1919	1918	1919	1919	1919	1919	1919	1919	1918	1919	1919	1919	1919	1919	1919	1919	1921	1918	1918	1919	1919	1918	1919	1919	1918	1918	1918	1919	1918	1919	1919	1918	1918	1918	1918	1918	1918	1919	1918	1918	1919	1919	1920	1918	1918	1918	1919	1918	1919	1919	1918	1918	1918	1918	1918	1918	1919	1918	1918	1918	1918	1918	1918	1918	1918	1919	1919	1919	1919	1919	1919	1920	1920	1919	1919	1919	1919	1919	1919	1919	1919	1919	1918	1918	1919	1919	1919	1919	1919	1919	1919	1918	1918	1919	1918	1919	1918	1918	1918	1918	1919	1918	1918	1919	1918	1919	1918	1919	1918	1919	1919	1919
3858	891323	1919	1919	1919	1919	1920	1919	1919	1920	1919	1919	1919	1918	1920	1920	1919	1919	1919	1919	1920	1919	1919	1919	1919	1919	1920	1919	1920	1919	1919	1920	1919	1919	1920	1920	1920	1919	1920	1919	1919	1920	1920	1919	1919	1919	1919	1919	1919	1920	1919	1919	1919	1920	1920	1919	1919	1920	1919	1919	1919	1919	1919	1919	1920	1919	1918	1919	1920	1919	1919	1918	1919	1919	1919	1919	1918	1919	1920	1920	1919	1919	1919	1919	1920	1919	1919	1920	1920	1919	1920	1919	1919	1920	1919	1920	1920	1918	1920	1919	1920	1919	1919	1920	1920	1920	1920	1920	1920	1919	1919	1919	1920	1919	1919	1920	1919	1920	1919	1920	1919	1920	1920	1919	1920	1919	1920	1920	1919	1920
3859	891815	1920	1920	1919	1920	1920	1920	1920	1920	1920	1920	1920	1920	1920	1920	1920	1920	1920	1920	1920	1919	1920	1920	1920	1919	1920	1920	1920	1920	1919	1919	1920	1919	1919	1919	1919	1919	1919	1919	1919	1920	1919	1919	1920	1919	1919	1919	1919	1919	1920	1919	1919	1919	1920	1920	1920	1920	1920	1919	1920	1920	1920	1920	1920	1920	1919	1920	1920	1920	1920	1920	1920	1920	1920	1920	1920	1920	1920	1920	1920	1920	1920	1920	1920	1921	1920	1920	1920	1920	1920	1920	1920	1920	1920	1920	1920	1920	1920	1920	1919	1920	1920	1920	1919	1920	1920	1920	1920	1920	1920	1920	1919	1920	1920	1920	1920	1919	1920	1920	1920	1920	1920	1920	1920	1920	1920	1920	1919	1920
3860	892307	1921	1921	1920	1921	1920	1921	1920	1920	1921	1920	1920	1920	1920	1920	1921	1921	1921	1920	1920	1921	1920	1920	1921	1920	1920	1921	1920	1921	1920	1921	1920	1920	1920	1920	1920	1920	1920	1920	1920	1920	1920	1920	1920	1920	1921	1920	1920	1920	1920	1920	1920	1920	1920	1920	1920	1920	1920	1920	1921	1920	1920	1920	1920	1920	1920	1920	1920	1920	1920	1920	1920	1920	1920	1921	1920	1920	1920	1920	1920	1920	1921	1920	1921	1921	1920	1921	1921	1921	1920	1920	1920	1920	1920	1920	1920	1920	1920	1920	1920	1920	1920	1920	1920	1920	1920	1920	1920	1920	1920	1920	1920	1919	1920	1920	1920	1920	1920	1920	1920	1920	1920	1920	1920	1920	1920	1920	1920	1920
3861	892800	1920	1921	1920	1921	1920	1921	1920	1921	1921	1920	1921	1921	1921	1920	1921	1921	1921	1921	1921	1921	1921	1921	1921	1921	1921	1921	1921	1921	1921	1921	1921	1921	1920	1921	1921	1921	1921	1921	1921	1921	1921	1921	1921	1920	1921	1921	1921	1921	1921	1921	1920	1921	1920	1920	1920	1920	1921	1920	1921	1920	1920	1920	1920	1921	1920	1920	1921	1921	1920	1921	1920	1921	1921	1921	1921	1920	1920	1921	1921	1921	1921	1921	1920	1920	1921	1921	1920	1921	1921	1921	1921	1921	1921	1921	1920	1921	1921	1921	1921	1922	1921	1921	1921	1921	1920	1920	1921	1920	1920	1920	1921	1921	1921	1921	1920	1921	1921	1921	1921	1920	1921	1921	1921	1921	1921	1920	1920	1921
3862	893292	1921	1921	1921	1921	1921	1922	1922	1922	1921	1921	1921	1922	1922	1921	1922	1922	1922	1921	1922	1921	1921	1922	1922	1921	1922	1921	1922	1922	1921	1922	1921	1922	1921	1922	1921	1921	1921	1922	1921	1921	1921	1921	1921	1921	1921	1921	1921	1921	1920	1921	1921	1921	1921	1920	1921	1922	1920	1921	1921	1920	1921	1921	1920	1921	1921	1921	1921	1921	1921	1921	1921	1920	1921	1921	1921	1921	1921	1921	1921	1921	1921	1921	1921	1921	1921	1921	1921	1920	1921	1921	1921	1921	1921	1921	1921	1921	1921	1923	1921	1921	1921	1921	1922	1922	1922	1921	1922	1921	1921	1922	1921	1921	1921	1921	1921	1921	1920	1921	1921	1921	1921	1921	1922	1921	1921	1922	1921	1921
3863	893784	1921	1921	1921	1922	1920	1921	1921	1921	1922	1921	1922	1921	1921	1921	1921	1921	1921	1921	1921	1920	1921	1921	1920	1921	1920	1921	1922	1921	1921	1921	1922	1921	1921	1923	1921	1921	1922	1921	1922	1921	1922	1922	1921	1921	1922	1921	1922	1922	1922	1921	1922	1922	1922	1922	1922	1922	1922	1922	1922	1922	1923	1922	1922	1922	1922	1922	1921	1922	1922	1921	1920	1922	1922	1921	1921	1922	1921	1922	1921	1922	1921	1921	1921	1921	1922	1921	1922	1922	1921	1922	1922	1922	1922	1922	1922	1922	1922	1922	1921	1921	1922	1922	1921	1922	1921	1921	1922	1922	1921	1921	1921	1922	1921	1922	1922	1922	1922	1922	1922	1922	1922	1922	1921	1922	1922	1922	1922	1921
3864	894276	1921	1921	1921	1922	1922	1922	1922	1922	1922	1922	1923	1922	1922	1923	1923	1923	1922	1922	1922	1923	1922	1923	1922	1922	1922	1922	1922	1922	1922	1922	1922	1922	1923	1922	1923	1923	1922	1923	1922	1923	1923	1921	1922	1922	1922	1922	1921	1922	1922	1922	1923	1922	1921	1922	1922	1922	1922	1922	1922	1921	1922	1921	1922	1922	1922	1922	1922	1922	1922	1922	1923	1923	1922	1922	1922	1922	1922	1923	1922	1922	1923	1923	1922	1923	1922	1923	1923	1923	1923	1923	1922	1923	1923	1923	1923	1923	1923	1923	1923	1922	1922	1923	1923	1922	1922	1922	1923	1922	1922	1922	1922	1923	1923	1922	1922	1922	1923	1922	1922	1922	1922	1922	1922	1922	1922	1922	1922	1922
3865	894769	1923	1922	1923	1923	1923	1922	1922	1923	1923	1923	1922	1923	1923	1923	1923	1923	1922	1923	1923	1922	1922	1922	1923	1923	1922	1922	1922	1922	1923	1922	1923	1923	1923	1923	1923	1923	1923	1923	1923	1922	1922	1923	1923	1922	1922	1923	1922	1922	1922	1922	1923	1923	1923	1923	1922	1922	1923	1922	1922	1923	1922	1922	1923	1923	1923	1923	1922	1923	1923	1923	1923	1923	1923	1923	1922	1923	1922	1922	1922	1923	1922	1922	1923	1922	1922	1923	1923	1923	1923	1923	1923	1923	1923	1923	1923	1923	1923	1923	1923	1923	1923	1923	1923	1923	1923	1922	1923	1923	1923	1924	1923	1923	1923	1923	1923	1923	1923	1923	1923	1922	1922	1923	1923	1923	1923	1923	1923	1923
3866	895261	1923	1924	1923	1923	1924	1923	1924	1923	1923	1924	1923	1923	1923	1924	1923	1924	1924	1924	1924	1924	1924	1924	1923	1923	1924	1924	1923	1924	1923	1923	1923	1923	1923	1923	1923	1924	1923	1923	1923	1923	1923	1923	1923	1923	1922	1923	1923	1923	1923	1923	1923	1923	1923	1923	1923	1923	1923	1922	1923	1922	1923	1923	1923	1923	1923	1923	1923	1923	1924	1923	1923	1923	1923	1923	1923	1923	1923	1923	1924	1923	1923	1923	1923	1923	1923	1924	1923	1923	1923	1924	1923	1924	1923	1924	1924	1924	1924	1924	1924	1924	1924	1923	1924	1923	1923	1923	1923	1923	1923	1923	1923	1923	1924	1923	1924	1924	1923	1923	1923	1923	1923	1923	1923	1923	1923	1923	1923	1923
3867	895753	1924	1924	1924	1923	1924	1923	1924	1923	1923	1923	1924	1923	1924	1924	1924	1924	1924	1924	1924	1924	1924	1924	1924	1924	1924	1924	1924	1924	1923	1923	1924	1924	1924	1923	1923	1924	1924	1923	1924	1924	1923	1924	1924	1924	1923	1924	1924	1924	1923	1924	1924	1924	1925	1924	1924	1924	1924	1924	1925	1924	1924	1923	1924	1924	1923	1923	1924	1923	1924	1924	1923	1924	1924	1924	1924	1924	1924	1923	1924	1924	1924	1924	1923	1923	1923	1924	1923	1923	1924	1923	1923	1924	1923	1924	1923	1924	1923	1923	1923	1923	1923	1923	1924	1923	1923	1923	1923	1924	1923	1923	1923	1923	1923	1923	1924	1924	1923	1924	1923	1923	1923	1923	1923	1922	1923	1923	1923	1923
3868	896246	1924	1924	1924	1924	1924	1924	1924	1924	1924	1924	1924	1924	1924	1923	1924	1923	1924	1924	1924	1924	1924	1924	1924	1924	1924	1924	1924	1924	1925	1924	1924	1925	1924	1924	1924	1924	1924	1924	1924	1925	1924	1924	1925	1925	1924	1925	1925	1924	1924	1924	1924	1924	1924	1924	1924	1924	1924	1924	1924	1924	1924	1924	1925	1924	1924	1925	1924	1925	1924	1924	1924	1924	1924	1924	1924	1923	1923	1923	1924	1923	1923	1924	1924	1924	1923	1923	1924	1924	1924	1924	1924	1923	1924	1923	1924	1923	1924	1924	1924	1924	1925	1924	1924	1925	1925	1924	1924	1925	1924	1925	1924	1924	1925	1924	1925	1924	1925	1924	1925	1924	1925	1925	1925	1924	1925	1925	1925	1925
3869	896738	1925	1925	1925	1925	1924	1925	1924	1924	1925	1925	1924	1925	1925	1925	1925	1926	1925	1925	1925	1925	1926	1926	1925	1925	1924	1924	1925	1925	1924	1925	1924	1924	1925	1924	1924	1925	1925	1924	1924	1924	1925	1924	1924	1925	1925	1925	1924	1925	1925	1924	1924	1924	1924	1925	1924	1924	1924	1924	1925	1924	1924	1925	1925	1925	1925	1925	1925	1925	1925	1925	1925	1925	1925	1925	1924	1925	1925	1925	1925	1925	1925	1925	1925	1925	1925	1924	1924	1925	1925	1926	1925	1925	1925	1925	1925	1925	1925	1925	1925	1925	1925	1925	1925	1924	1925	1924	1925	1925	1925	1925	1925	1925	1924	1925	1925	1925	1924	1924	1925	1924	1924	1925	1924	1925	1925	1924	1924	1924
3870	897230	1925	1925	1925	1925	1925	1925	1925	1925	1925	1925	1925	1925	1925	1925	1925	1925	1925	1926	1925	1925	1926	1925	1925	1925	1926	1925	1925	1925	1926	1925	1925	1925	1926	1925	1926	1926	1925	1926	1925	1926	1925	1926	1926	1925	1925	1925	1926	1925	1926	1925	1925	1925	1925	1925	1924	1925	1925	1924	1925	1925	1925	1925	1925	1925	1925	1925	1925	1925	1925	1925	1925	1925	1924	1925	1925	1925	1925	1924	1925	1925	1925	1925	1925	1925	1925	1925	1925	1925	1925	1926	1926	1926	1926	1926	1925	1925	1926	1925	1925	1926	1926	1925	1925	1925	1926	1925	1925	1925	1925	1925	1925	1925	1925	1926	1926	1926	1925	1926	1925	1925	1925	1925	1925	1925	1925	1925	1925	1925
3871	897723	1926	1926	1926	1926	1926	1926	1926	1926	1926	1926	1926	1926	1926	1926	1926	1927	1926	1926	1927	1926	1926	1926	1926	1925	1925	1925	1926	1925	1926	1925	1925	1926	1925	1926	1924	1925	1925	1926	1926	1925	1926	1925	1925	1926	1925	1925	1925	1926	1925	1925	1926	1926	1926	1925	1926	1926	1926	1926	1926	1926	1924	1926	1926	1926	1926	1926	1926	1926	1926	1926	1926	1926	1927	1926	1926	1926	1926	1927	1925	1926	1926	1926	1926	1925	1926	1926	1926	1926	1926	1926	1926	1925	1925	1926	1926	1926	1926	1926	1925	1926	1926	1926	1926	1925	1925	1925	1925	1925	1925	1925	1924	1925	1925	1926	1925	1926	1926	1925	1925	1926	1925	1925	1925	1925	1925	1925	1925	1925
3872	898215	1926	1926	1927	1926	1926	1926	1926	1926	1926	1927	1926	1926	1926	1926	1927	1926	1927	1926	1927	1926	1926	1926	1926	1926	1926	1926	1926	1926	1926	1925	1926	1925	1926	1926	1926	1926	1926	1926	1926	1925	1926	1926	1926	1926	1926	1926	1926	1927	1926	1927	1927	1926	1926	1926	1926	1926	1926	1926	1926	1926	1926	1926	1927	1926	1926	1926	1926	1927	1926	1926	1926	1927	1927	1926	1926	1926	1926	1925	1925	1926	1925	1926	1925	1925	1925	1925	1926	1926	1925	1926	1925	1927	1926	1926	1926	1927	1927	1926	1926	1925	1926	1926	1926	1927	1926	1926	1926	1926	1926	1926	1926	1926	1926	1926	1926	1926	1925	1926	1926	1926	1927	1926	1926	1926	1926	1926	1928	1926
3873	898707	1925	1926	1927	1926	1927	1926	1926	1926	1926	1927	1926	1926	1927	1926	1926	1926	1927	1926	1927	1926	1927	1927	1927	1926	1927	1927	1927	1927	1926	1926	1927	1926	1926	1927	1927	1927	1927	1926	1927	1927	1927	1927	1927	1928	1927	1928	1928	1928	1927	1928	1927	1927	1927	1927	1927	1927	1927	1927	1927	1927	1927	1927	1926	1926	1927	1926	1927	1926	1927	1927	1927	1927	1927	1926	1927	1927	1927	1926	1926	1927	1927	1927	1926	1927	1927	1926	1926	1926	1926	1927	1927	1926	1926	1926	1926	1927	1927	1927	1927	1927	1927	1926	1927	1927	1927	1927	1926	1926	1927	1927	1927	1927	1927	1927	1927	1927	1927	1927	1927	1927	1927	1927	1927	1927	1927	1927	1927	1927
3874	899200	1927	1927	1928	1928	1928	1928	1928	1927	1927	1927	1927	1928	1927	1927	1927	1927	1928	1927	1927	1928	1928	1928	1928	1927	1928	1927	1928	1928	1927	1927	1927	1927	1927	1927	1927	1927	1927	1927	1927	1927	1927	1927	1927	1927	1927	1928	1928	1928	1927	1927	1928	1927	1928	1928	1928	1927	1927	1928	1928	1927	1927	1927	1927	1927	1927	1928	1927	1928	1928	1927	1927	1928	1928	1928	1928	1927	1928	1928	1928	1928	1928	1927	1928	1928	1928	1927	1927	1927	1927	1927	1927	1927	1927	1927	1927	1927	1928	1927	1928	1927	1927	1927	1927	1926	1927	1926	1927	1927	1927	1927	1927	1927	1927	1926	1927	1927	1927	1927	1927	1927	1926	1926	1926	1927	1927	1927	1927	1927
3875	899692	1928	1927	1927	1928	1928	1927	1928	1928	1928	1928	1927	1927	1928	1928	1927	1927	1927	1928	1928	1927	1926	1927	1927	1928	1927	1927	1928	1927	1928	1928	1927	1928	1928	1928	1927	1928	1927	1928	1928	1928	1928	1928	1927	1927	1927	1927	1928	1928	1928	1927	1927	1927	1927	1928	1928	1928	1928	1927	1928	1927	1928	1928	1927	1928	1928	1928	1927	1928	1927	1927	1927	1927	1928	1927	1928	1928	1927	1927	1928	1928	1928	1928	1928	1928	1928	1928	1928	1927	1928	1928	1927	1927	1928	1928	1928	1928	1928	1928	1928	1928	1928	1928	1928	1928	1928	1928	1928	1928	1928	1928	1928	1927	1928	1927	1927	1927	1927	1928	1928	1927	1928	1928	1927	1928	1927	1928	1928	1928
3876	900184	1928	1929	1928	1928	1928	1928	1928	1928	1927	1927	1928	1927	1928	1928	1928	1928	1928	1928	1928	1928	1928	1928	1928	1928	1928	1928	1928	1928	1928	1928	1928	1928	1928	1928	1928	1928	1927	1928	1928	1928	1928	1928	1928	1927	1928	1928	1928	1928	1928	1928	1927	1928	1927	1928	1927	1928	1928	1927	1928	1927	1927	1928	1927	1928	1928	1928	1928	1928	1927	1927	1927	1928	1928	1928	1928	1928	1928	1928	1928	1928	1928	1927	1928	1927	1927	1928	1927	1928	1927	1927	1928	1928	1928	1928	1927	1928	1928	1928	1927	1927	1928	1927	1928	1927	1927	1928	1928	1927	1928	1927	1927	1927	1928	1927	1927	1927	1927	1928	1927	1927	1928	1928	1928	1928	1928	1928	1928	1928
3877	900676	1928	1929	1928	1928	1929	1928	1928	1928	1929	1928	1929	1930	1928	1929	1928	1929	1929	1929	1929	1929	1928	1929	1929	1929	1929	1929	1929	1928	1929	1928	1929	1928	1929	1928	1928	1928	1928	1929	1928	1928	1929	1928	1928	1928	1928	1928	1929	1929	1929	1928	1928	1928	1929	1928	1928	1929	1928	1929	1928	1929	1928	1928	1929	1928	1928	1928	1929	1928	1930	1929	1928	1929	1928	1928	1929	1928	1928	1929	1928	1928	1928	1927	1928	1928	1929	1928	1928	1928	1928	1929	1929	1928	1929	1928	1929	1929	1929	1929	1929	1929	1929	1928	1929	1928	1929	1929	1929	1928	1929	1929	1929	1928	1929	1928	1928	1928	1928	1928	1929	1928	1928	1929	1929	1929	1929	1928	1929	1929
3878	901169	1928	1929	1929	1929	1929	1929	1929	1930	1929	1929	1929	1929	1929	1929	1929	1929	1929	1929	1929	1929	1929	1929	1929	1929	1929	1929	1929	1929	1929	1928	1929	1929	1929	1929	1928	1929	1929	1929	1929	1929	1929	1929	1929	1929	1929	1929	1929	1929	1929	1929	1929	1929	1929	1929	1928	1929	1928	1928	1928	1928	1928	1928	1928	1928	1929	1929	1929	1928	1929	1929	1929	1929	1929	1929	1929	1928	1929	1929	1929	1929	1929	1930	1929	1929	1929	1930	1930	1929	1929	1929	1929	1930	1929	1929	1930	1930	1929	1929	1930	1929	1929	1929	1929	1929	1929	1929	1929	1929	1929	1930	1929	1929	1929	1929	1929	1929	1929	1929	1929	1929	1929	1929	1928	1929	1929	1929	1929	1929
3879	901661	1929	1930	1930	1929	1930	1930	1929	1929	1930	1930	1930	1930	1930	1930	1930	1930	1930	1930	1930	1929	1930	1930	1929	1929	1929	1930	1930	1928	1929	1929	1929	1929	1929	1930	1929	1929	1929	1929	1929	1929	1929	1929	1929	1930	1929	1929	1930	1929	1929	1930	1930	1930	1929	1930	1929	1929	1930	1929	1929	1929	1929	1929	1929	1930	1930	1929	1929	1930	1929	1929	1929	1930	1930	1930	1930	1930	1930	1930	1930	1930	1929	1930	1930	1929	1930	1930	1930	1930	1930	1930	1930	1930	1930	1930	1929	1929	1930	1929	1929	1930	1929	1930	1930	1930	1930	1929	1929	1929	1929	1930	1930	1930	1930	1929	1929	1929	1929	1929	1930	1929	1930	1930	1929	1930	1929	1930	1930	1929
3880	902153	1930	1930	1930	1930	1929	1930	1930	1930	1930	1929	1930	1930	1930	1930	1930	1930	1930	1930	1930	1929	1931	1929	1930	1929	1930	1930	1930	1930	1929	1930	1929	1929	1930	1929	1930	1929	1930	1930	1929	1930	1930	1930	1930	1930	1929	1930	1930	1929	1929	1930	1930	1929	1930	1929	1929	1930	1930	1930	1930	1929	1929	1930	1930	1930	1930	1930	1930	1930	1930	1930	1930	1930	1930	1930	1929	1929	1929	1930	1930	1929	1930	1930	1930	1930	1930	1930	1930	1930	1930	1931	1930	1931	1931	1930	1930	1931	1930	1930	1930	1930	1929	1930	1929	1930	1930	1929	1930	1930	1930	1930	1929	1930	1930	1930	1929	1929	1930	1929	1930	1930	1930	1930	1930	1930	1929	1930	1930	1930
3881	902646	1930	1930	1930	1931	1930	1931	1931	1931	1930	1930	1931	1931	1930	1931	1930	1931	1930	1931	1931	1930	1931	1931	1930	1931	1930	1931	1931	1930	1930	1931	1931	1930	1931	1931	1930	1931	1931	1931	1930	1930	1930	1930	1931	1930	1930	1930	1930	1931	1930	1930	1929	1930	1930	1930	1930	1930	1930	1931	1930	1930	1930	1930	1930	1930	1930	1930	1930	1930	1930	1931	1930	1930	1930	1930	1930	1931	1930	1930	1931	1931	1931	1931	1931	1931	1931	1931	1931	1931	1931	1931	1931	1931	1931	1931	1931	1931	1931	1931	1930	1931	1931	1931	1931	1931	1931	1931	1931	1931	1931	1932	1931	1931	1931	1931	1931	1931	1931	1930	1931	1931	1930	1930	1930	1931	1930	1931	1931	1930
3882	903138	1931	1931	1931	1931	1931	1931	1931	1931	1931	1931	1931	1931	1930	1930	1931	1931	1930	1931	1931	1931	1931	1931	1931	1931	1931	1931	1931	1931	1930	1931	1931	1931	1931	1931	1931	1931	1931	1931	1931	1932	1931	1932	1931	1931	1932	1931	1931	1931	1931	1931	1931	1931	1931	1931	1931	1931	1931	1931	1931	1931	1931	1931	1931	1931	1931	1931	1931	1930	1931	1931	1930	1930	1930	1930	1931	1930	1931	1931	1930	1930	1930	1930	1931	1930	1931	1930	1930	1930	1930	1931	1931	1930	1931	1931	1931	1931	1931	1931	1931	1931	1931	1931	1931	1931	1931	1930	1931	1932	1932	1931	1931	1932	1932	1931	1931	1932	1932	1932	1932	1931	1932	1932	1932	1931	1931	1931	1932	1932
3883	903630	1931	1931	1932	1931	1932	1932	1931	1931	1931	1931	1932	1933	1931	1932	1932	1931	1932	1932	1932	1932	1931	1932	1931	1932	1931	1932	1931	1931	1932	1931	1932	1932	1932	1932	1930	1931	1931	1931	1932	1931	1932	1931	1932	1931	1931	1932	1931	1932	1932	1931	1932	1932	1932	1931	1931	1932	1932	1932	1932	1932	1932	1932	1933	1932	1932	1932	1932	1932	1932	1932	1932	1932	1932	1932	1932	1932	1932	1932	1931	1932	1931	1932	1932	1931	1931	1932	1931	1930	1931	1931	1931	1931	1931	1931	1931	1931	1931	1931	1931	1932	1932	1931	1931	1932	1931	1931	1933	1932	1932	1932	1932	1931	1932	1931	1932	1932	1931	1932	1931	1932	1932	1932	1932	1932	1932	1932	1932	1932
3884	904123	1932	1932	1932	1932	1932	1932	1932	1932	1932	1932	1932	1933	1932	1933	1933	1933	1932	1932	1933	1932	1932	1932	1931	1932	1932	1932	1933	1932	1933	1931	1933	1933	1933	1932	1932	1932	1932	1932	1933	1932	1932	1932	1932	1932	1932	1932	1932	1932	1933	1931	1932	1932	1932	1932	1932	1932	1932	1932	1932	1932	1932	1932	1932	1932	1932	1932	1932	1931	1931	1931	1932	1932	1932	1932	1931	1932	1932	1932	1932	1932	1932	1932	1932	1932	1932	1933	1933	1932	1933	1933	1932	1932	1932	1932	1932	1932	1932	1932	1932	1932	1932	1932	1932	1932	1932	1932	1932	1932	1932	1933	1932	1932	1932	1932	1933	1932	1932	1932	1932	1932	1931	1932	1932	1932	1932	1932	1932	1931
3885	904615	1932	1933	1932	1932	1933	1932	1933	1932	1932	1933	1933	1932	1932	1933	1932	1932	1932	1933	1932	1933	1932	1932	1932	1932	1932	1932	1932	1933	1932	1933	1933	1933	1933	1933	1933	1933	1933	1933	1933	1933	1933	1932	1932	1932	1932	1932	1933	1932	1932	1932	1933	1933	1933	1933	1933	1933	1933	1933	1933	1933	1933	1933	1933	1933	1933	1932	1932	1933	1933	1932	1932	1933	1932	1933	1932	1933	1933	1932	1932	1932	1932	1932	1932	1933	1932	1932	1932	1932	1932	1932	1932	1932	1932	1932	1932	1932	1932	1932	1932	1932	1932	1932	1932	1932	1932	1932	1933	1932	1931	1932	1932	1933	1932	1932	1932	1932	1932	1932	1932	1932	1932	1933	1932	1932	1932	1932	1933	1932
3886	905107	1933	1933	1932	1932	1933	1933	1933	1933	1933	1933	1932	1933	1933	1933	1933	1933	1933	1933	1933	1934	1933	1933	1932	1932	1932	1932	1932	1932	1932	1933	1933	1932	1933	1933	1932	1933	1932	1932	1932	1932	1932	1932	1932	1932	1932	1932	1933	1932	1933	1932	1932	1932	1932	1932	1932	1933	1932	1932	1933	1933	1933	1933	1933	1933	1933	1932	1933	1933	1933	1932	1932	1934	1933	1933	1933	1933	1933	1933	1933	1933	1933	1933	1933	1933	1933	1933	1933	1933	1933	1933	1933	1933	1933	1933	1932	1932	1932	1932	1932	1932	1932	1933	1933	1933	1933	1933	1933	1933	1933	1933	1932	1932	1933	1932	1932	1933	1933	1932	1932	1933	1933	1933	1932	1932	1933	1933	1932	1933
3887	905600	1934	1934	1934	1933	1934	1933	1934	1934	1934	1934	1934	1934	1934	1934	1934	1934	1934	1934	1934	1934	1934	1933	1934	1934	1934	1934	1934	1934	1934	1934	1934	1933	1934	1934	1934	1933	1934	1933	1934	1934	1934	1934	1934	1934	1933	1933	1934	1933	1933	1934	1933	1933	1933	1933	1933	1933	1933	1933	1934	1933	1933	1933	1933	1933	1933	1934	1933	1933	1933	1934	1934	1934	1933	1934	1934	1934	1934	1933	1934	1933	1933	1933	1933	1933	1933	1934	1934	1934	1934	1935	1934	1934	1933	1934	1934	1933	1934	1934	1934	1933	1934	1933	1933	1933	1933	1933	1934	1934	1933	1933	1934	1933	1934	1933	1933	1933	1933	1934	1933	1933	1933	1933	1933	1933	1933	1933	1933	1933
3888	906092	1935	1935	1934	1934	1934	1935	1935	1934	1934	1934	1934	1934	1934	1934	1934	1934	1934	1934	1935	1934	1934	1934	1934	1934	1934	1933	1934	1934	1934	1934	1934	1934	1934	1933	1934	1934	1934	1933	1934	1934	1933	1933	1934	1933	1934	1934	1934	1934	1934	1932	1933	1933	1933	1933	1933	1934	1933	1934	1934	1933	1934	1934	1934	1934	1933	1934	1934	1933	1935	1934	1935	1934	1934	1934	1934	1936	1934	1934	1934	1934	1934	1934	1934	1934	1934	1934	1934	1934	1934	1934	1934	1934	1934	1934	1933	1934	1933	1934	1934	1934	1934	1934	1934	1934	1935	1934	1934	1934	1934	1934	1934	1934	1934	1933	1934	1934	1934	1934	1934	1933	1933	1934	1933	1934	1934	1934	1934	1934
3889	906584	1934	1934	1934	1934	1934	1934	1934	1935	1934	1935	1934	1934	1935	1934	1934	1934	1935	1935	1935	1935	1934	1935	1935	1935	1935	1935	1935	1935	1935	1935	1934	1935	1935	1935	1936	1935	1934	1934	1935	1934	1934	1935	1934	1935	1935	1935	1935	1935	1935	1934	1934	1934	1934	1934	1934	1935	1934	1934	1934	1934	1934	1935	1935	1934	1935	1935	1934	1934	1934	1935	1935	1934	1934	1934	1934	1935	1934	1934	1935	1935	1935	1934	1934	1934	1935	1935	1935	1935	1935	1935	1934	1935	1935	1935	1935	1934	1935	1935	1935	1934	1934	1935	1934	1935	1935	1934	1934	1934	1934	1934	1935	1935	1934	1934	1934	1934	1935	1934	1934	1934	1934	1934	1934	1934	1934	1934	1934	1934
3890	907076	1935	1934	1935	1935	1936	1935	1935	1935	1936	1935	1935	1935	1935	1936	1935	1935	1935	1935	1936	1935	1935	1935	1935	1935	1935	1936	1936	1936	1935	1936	1936	1935	1935	1936	1935	1935	1935	1935	1935	1935	1935	1935	1935	1935	1935	1935	1935	1935	1935	1936	1935	1935	1935	1936	1935	1935	1935	1935	1935	1935	1935	1936	1935	1935	1935	1934	1935	1935	1935	1935	1935	1935	1934	1935	1935	1935	1935	1935	1935	1935	1935	1935	1935	1936	1935	1935	1935	1935	1935	1935	1935	1935	1935	1935	1935	1935	1935	1936	1936	1935	1935	1935	1935	1936	1935	1935	1935	1936	1935	1935	1936	1935	1935	1935	1934	1935	1935	1935	1935	1935	1935	1935	1935	1935	1935	1934	1935	1935
3891	907569	1935	1936	1935	1935	1935	1936	1935	1936	1935	1935	1935	1935	1935	1936	1935	1935	1936	1935	1935	1935	1936	1935	1935	1935	1936	1936	1936	1935	1935	1935	1935	1935	1935	1935	1935	1935	1936	1935	1936	1935	1935	1936	1935	1935	1935	1935	1935	1935	1934	1935	1934	1935	1935	1935	1935	1935	1935	1935	1936	1935	1935	1935	1935	1935	1935	1935	1935	1935	1935	1935	1935	1935	1935	1935	1936	1936	1934	1936	1936	1935	1936	1936	1936	1935	1935	1936	1935	1936	1935	1936	1935	1935	1935	1935	1936	1936	1936	1935	1935	1935	1935	1935	1935	1935	1935	1935	1935	1935	1935	1935	1934	1935	1935	1935	1936	1934	1936	1935	1935	1935	1935	1935	1935	1935	1935	1935	1935	1935
3892	908061	1936	1935	1936	1936	1936	1936	1936	1936	1936	1936	1935	1936	1936	1935	1935	1936	1935	1936	1936	1936	1936	1936	1936	1936	1936	1935	1936	1936	1935	1936	1935	1936	1936	1936	1936	1935	1936	1935	1936	1935	1935	1935	1935	1935	1935	1935	1935	1935	1935	1935	1936	1936	1936	1936	1936	1936	1936	1936	1936	1936	1936	1936	1936	1936	1936	1936	1936	1936	1936	1936	1936	1936	1936	1936	1936	1936	1936	1936	1937	1936	1936	1937	1937	1937	1937	1936	1936	1936	1936	1935	1936	1936	1936	1936	1935	1936	1936	1936	1936	1936	1936	1936	1936	1936	1936	1936	1935	1936	1936	1937	1937	1936	1936	1937	1936	1936	1936	1936	1936	1936	1936	1935	1936	1936	1936	1936	1936	1936
3893	908553	1936	1937	1937	1937	1937	1937	1936	1937	1937	1937	1937	1936	1937	1937	1936	1937	1936	1937	1936	1936	1937	1936	1937	1936	1936	1936	1936	1937	1936	1936	1936	1936	1936	1936	1937	1937	1937	1936	1936	1937	1937	1936	1937	1937	1936	1937	1937	1936	1936	1937	1936	1936	1937	1936	1937	1937	1937	1937	1937	1937	1937	1937	1936	1936	1937	1936	1936	1937	1936	1937	1936	1937	1937	1936	1937	1937	1937	1936	1937	1937	1936	1936	1937	1936	1937	1937	1937	1937	1936	1936	1936	1936	1936	1936	1936	1936	1936	1936	1936	1936	1936	1935	1936	1936	1936	1935	1935	1935	1936	1935	1936	1936	1936	1936	1936	1936	1936	1936	1936	1936	1936	1935	1936	1936	1935	1936	1935	1936
3894	909046	1936	1936	1937	1937	1937	1937	1937	1937	1937	1937	1937	1937	1937	1937	1936	1937	1936	1937	1937	1937	1937	1937	1937	1937	1937	1937	1937	1937	1937	1937	1936	1936	1937	1936	1937	1936	1936	1936	1936	1936	1936	1936	1937	1936	1936	1936	1937	1936	1936	1937	1936	1936	1937	1936	1936	1936	1936	1936	1936	1936	1936	1936	1936	1936	1936	1936	1936	1937	1936	1936	1936	1937	1936	1937	1936	1936	1936	1936	1936	1936	1936	1936	1936	1937	1936	1937	1937	1937	1937	1936	1937	1937	1937	1937	1936	1937	1937	1937	1937	1937	1937	1937	1937	1937	1937	1937	1937	1936	1937	1937	1937	1936	1937	1937	1937	1937	1937	1938	1937	1937	1936	1937	1937	1937	1938	1937	1937	1937
3895	909538	1937	1937	1938	1938	1938	1938	1937	1938	1937	1938	1937	1937	1938	1937	1937	1937	1937	1937	1937	1937	1937	1936	1937	1938	1937	1937	1937	1937	1937	1938	1937	1937	1938	1938	1937	1938	1938	1938	1937	1938	1938	1938	1938	1937	1938	1937	1938	1938	1938	1938	1937	1937	1937	1937	1937	1937	1938	1937	1937	1938	1937	1938	1938	1937	1938	1937	1938	1938	1937	1937	1937	1938	1937	1937	1937	1937	1937	1937	1937	1937	1936	1937	1937	1937	1937	1937	1938	1936	1937	1937	1937	1937	1937	1937	1937	1937	1937	1937	1937	1937	1937	1937	1937	1937	1937	1936	1937	1937	1936	1936	1937	1937	1937	1937	1937	1937	1937	1937	1937	1937	1938	1937	1937	1937	1937	1937	1936	1937
3896	910030	1938	1939	1938	1938	1938	1938	1938	1938	1938	1938	1938	1938	1938	1938	1939	1938	1938	1938	1938	1939	1938	1938	1938	1938	1938	1938	1937	1938	1938	1938	1937	1938	1938	1938	1937	1938	1937	1937	1937	1937	1938	1938	1938	1938	1938	1939	1938	1939	1938	1938	1939	1938	1938	1938	1938	1938	1937	1938	1938	1938	1938	1938	1938	1938	1938	1938	1938	1938	1938	1939	1938	1938	1939	1938	1938	1938	1938	1939	1938	1938	1938	1938	1938	1938	1939	1938	1938	1938	1938	1938	1938	1939	1938	1938	1938	1938	1937	1938	1938	1937	1937	1937	1938	1938	1938	1938	1938	1937	1938	1937	1938	1938	1937	1938	1938	1937	1938	1938	1938	1937	1938	1938	1939	1938	1938	1938	1938	1938
3897	910523	1939	1939	1939	1938	1939	1939	1939	1939	1939	1940	1939	1939	1939	1939	1939	1938	1939	1939	1940	1939	1938	1939	1939	1939	1939	1938	1939	1938	1938	1938	1938	1938	1938	1939	1938	1938	1938	1938	1938	1938	1938	1938	1938	1939	1938	1938	1938	1938	1938	1938	1938	1938	1938	1938	1938	1938	1937	1938	1938	1938	1938	1938	1938	1938	1937	1938	1938	1938	1939	1938	1938	1939	1939	1938	1938	1940	1939	1938	1938	1938	1938	1939	1938	1939	1939	1938	1938	1939	1939	1939	1939	1939	1939	1939	1939	1939	1939	1939	1939	1939	1939	1939	1939	1939	1939	1939	1939	1939	1938	1939	1939	1938	1939	1938	1939	1939	1938	1939	1938	1939	1939	1939	1939	1939	1939	1938	1939	1938
3898	911015	1939	1939	1939	1939	1939	1939	1938	1939	1938	1938	1939	1938	1939	1939	1938	1939	1939	1939	1939	1938	1938	1939	1939	1939	1938	1939	1939	1938	1939	1939	1939	1939	1939	1939	1939	1940	1939	1939	1939	1939	1939	1939	1939	1939	1939	1939	1938	1939	1938	1939	1939	1939	1939	1939	1940	1939	1939	1940	1939	1939	1939	1939	1939	1939	1939	1939	1938	1938	1939	1938	1939	1938	1938	1938	1938	1938	1938	1938	1939	1939	1938	1939	1939	1939	1939	1939	1938	1939	1939	1939	1939	1940	1939	1939	1939	1939	1939	1939	1939	1939	1939	1939	1939	1939	1939	1939	1939	1939	1939	1939	1939	1939	1939	1939	1939	1939	1939	1939	1939	1939	1939	1939	1939	1939	1939	1939	1939	1938
3899	911507	1940	1939	1939	1939	1939	1939	1939	1939	1940	1939	1939	1940	1939	1940	1940	1940	1939	1939	1940	1939	1939	1939	1939	1939	1939	1939	1939	1939	1939	1939	1939	1939	1939	1939	1938	1939	1939	1939	1939	1939	1939	1938	1939	1939	1940	1939	1939	1940	1939	1939	1939	1939	1939	1939	1939	1939	1939	1939	1939	1939	1939	1940	1940	1939	1939	1939	1940	1940	1939	1939	1940	1940	1939	1939	1940	1939	1939	1940	1939	1939	1940	1939	1940	1940	1940	1940	1940	1941	1940	1940	1940	1940	1940	1940	1940	1939	1939	1939	1939	1939	1939	1939	1939	1939	1939	1939	1939	1939	1939	1939	1939	1939	1939	1939	1939	1939	1939	1939	1939	1939	1939	1939	1938	1939	1939	1939	1939	1939
3900	912000	1940	1940	1940	1940	1939	1939	1940	1939	1940	1939	1940	1940	1940	1940	1940	1940	1940	1940	1940	1940	1940	1940	1940	1941	1940	1940	1940	1940	1940	1940	1940	1939	1940	1940	1939	1939	1939	1939	1939	1939	1939	1939	1940	1940	1939	1940	1939	1940	1940	1939	1939	1940	1939	1939	1939	1939	1939	1939	1939	1940	1939	1940	1940	1939	1939	1940	1940	1940	1940	1940	1940	1940	1940	1940	1940	1940	1940	1940	1941	1940	1940	1940	1940	1940	1940	1940	1940	1940	1940	1940	1940	1940	1940	1940	1940	1940	1940	1939	1940	1940	1940	1940	1940	1940	1939	1940	1940	1940	1940	1940	1939	1939	1939	1939	1939	1940	1940	1939	1939	1940	1939	1940	1940	1939	1939	1939	1939	1940
3901	912492	1940	1940	1941	1940	1940	1940	1940	1941	1941	1940	1941	1940	1940	1940	1940	1940	1941	1941	1940	1940	1940	1940	1941	1940	1941	1940	1940	1941	1940	1940	1940	1940	1940	1940	1941	1940	1941	1940	1940	1941	1941	1940	1940	1940	1941	1941	1940	1941	1941	1941	1941	1941	1940	1941	1941	1940	1941	1940	1940	1940	1940	1940	1940	1940	1940	1940	1940	1940	1940	1940	1940	1940	1940	1940	1941	1940	1940	1940	1940	1941	1940	1940	1940	1939	1940	1940	1940	1940	1940	1940	1940	1940	1940	1940	1940	1940	1941	1941	1940	1940	1940	1940	1941	1940	1940	1940	1940	1939	1940	1940	1940	1941	1940	1940	1940	1940	1940	1940	1941	1940	1940	1940	1940	1940	1940	1940	1940	1940
3902	912984	1940	1941	1941	1941	1941	1940	1940	1941	1941	1941	1941	1940	1941	1941	1941	1941	1941	1942	1942	1941	1941	1941	1941	1942	1941	1941	1941	1941	1941	1941	1941	1941	1942	1941	1941	1941	1941	1941	1941	1941	1941	1941	1941	1942	1941	1941	1941	1941	1941	1941	1941	1940	1940	1941	1940	1940	1941	1940	1941	1941	1941	1940	1940	1940	1940	1941	1941	1941	1941	1940	1941	1940	1941	1941	1941	1941	1941	1941	1941	1941	1941	1940	1941	1941	1941	1940	1940	1941	1941	1941	1941	1942	1942	1941	1942	1941	1941	1942	1941	1941	1941	1941	1941	1940	1941	1941	1941	1941	1941	1941	1942	1941	1942	1941	1941	1941	1942	1941	1941	1941	1942	1941	1942	1941	1942	1941	1941	1941
3903	913476	1941	1941	1941	1942	1941	1941	1941	1941	1941	1940	1941	1941	1941	1941	1940	1941	1941	1941	1941	1941	1941	1941	1941	1941	1941	1941	1941	1941	1941	1941	1941	1942	1941	1941	1942	1941	1941	1941	1941	1941	1941	1941	1942	1941	1942	1942	1942	1942	1942	1942	1942	1941	1942	1941	1941	1942	1941	1941	1941	1942	1942	1941	1942	1942	1942	1942	1942	1941	1942	1942	1942	1941	1942	1942	1942	1942	1941	1942	1942	1941	1942	1941	1941	1941	1941	1941	1942	1942	1941	1941	1941	1941	1941	1941	1941	1941	1941	1941	1941	1941	1941	1941	1940	1941	1942	1941	1941	1942	1941	1942	1941	1941	1941	1941	1942	1941	1941	1941	1941	1941	1941	1942	1942	1941	1942	1941	1941	1942
3904	913969	1942	1942	1942	1942	1943	1942	1942	1942	1943	1942	1942	1942	1942	1942	1942	1943	1942	1942	1943	1942	1942	1943	1942	1943	1943	1943	1942	1942	1942	1943	1943	1942	1943	1943	1943	1943	1942	1943	1943	1942	1942	1942	1942	1942	1942	1942	1942	1942	1941	1943	1942	1942	1942	1942	1942	1942	1942	1942	1942	1943	1942	1942	1942	1942	1942	1942	1942	1941	1941	1941	1941	1941	1941	1941	1941	1941	1941	1941	1941	1941	1941	1942	1941	1942	1941	1942	1942	1941	1942	1942	1942	1942	1942	1942	1942	1941	1942	1941	1942	1942	1942	1942	1942	1941	1942	1942	1942	1942	1942	1942	1942	1941	1942	1942	1942	1942	1942	1942	1942	1942	1942	1942	1942	1942	1942	1942	1942	1942
3905	914461	1943	1942	1943	1943	1943	1944	1943	1944	1943	1943	1943	1943	1943	1943	1943	1943	1942	1942	1942	1943	1942	1942	1942	1942	1942	1942	1942	1942	1942	1943	1942	1942	1943	1942	1943	1942	1944	1942	1942	1942	1942	1942	1942	1942	1942	1942	1942	1942	1942	1942	1942	1942	1942	1942	1942	1942	1943	1943	1942	1942	1943	1943	1943	1943	1943	1942	1942	1942	1942	1943	1942	1942	1942	1942	1942	1942	1942	1943	1942	1942	1942	1942	1943	1943	1943	1942	1943	1943	1943	1943	1942	1943	1942	1943	1942	1942	1943	1943	1942	1943	1942	1943	1943	1943	1943	1943	1943	1943	1943	1943	1942	1942	1942	1942	1943	1943	1942	1943	1942	1942	1942	1942	1943	1942	1942	1942	1942	1942
3906	914953	1943	1943	1943	1943	1943	1943	1943	1943	1943	1943	1943	1943	1943	1943	1942	1943	1943	1942	1943	1942	1942	1943	1942	1942	1943	1943	1943	1943	1942	1943	1943	1943	1942	1943	1942	1943	1943	1943	1942	1942	1942	1943	1942	1942	1942	1942	1943	1943	1942	1943	1943	1942	1943	1942	1942	1943	1942	1943	1942	1943	1942	1942	1943	1942	1943	1942	1943	1943	1943	1943	1943	1943	1943	1943	1943	1942	1943	1943	1943	1943	1942	1943	1943	1943	1943	1943	1942	1943	1943	1943	1943	1943	1943	1943	1943	1943	1943	1943	1943	1942	1942	1943	1943	1943	1943	1943	1943	1942	1943	1942	1943	1943	1943	1943	1943	1943	1943	1942	1943	1943	1942	1943	1943	1943	1943	1943	1944	1943
3907	915446	1943	1943	1943	1944	1944	1943	1943	1943	1943	1943	1943	1943	1944	1943	1943	1943	1943	1943	1943	1944	1943	1943	1943	1944	1944	1943	1944	1944	1943	1943	1943	1942	1943	1944	1944	1944	1944	1944	1944	1943	1943	1944	1943	1944	1944	1943	1944	1944	1943	1943	1943	1944	1943	1944	1943	1943	1944	1943	1944	1943	1943	1944	1943	1944	1943	1943	1944	1943	1943	1943	1943	1943	1943	1943	1943	1943	1943	1944	1943	1943	1944	1944	1943	1944	1944	1944	1943	1944	1943	1944	1944	1943	1944	1943	1944	1943	1943	1944	1943	1943	1944	1943	1944	1943	1944	1943	1944	1943	1943	1945	1944	1944	1944	1944	1944	1944	1944	1944	1943	1944	1943	1944	1944	1943	1944	1944	1945	1944
3908	915938	1943	1944	1943	1943	1943	1944	1944	1943	1943	1944	1943	1943	1943	1943	1944	1943	1943	1944	1944	1944	1944	1944	1944	1944	1944	1944	1944	1944	1944	1944	1944	1943	1945	1944	1945	1945	1944	1944	1944	1944	1944	1944	1944	1944	1944	1944	1944	1945	1944	1944	1944	1944	1944	1944	1944	1943	1943	1944	1944	1944	1944	1944	1943	1944	1944	1944	1944	1945	1944	1943	1943	1944	1943	1943	1944	1944	1944	1944	1944	1943	1943	1943	1944	1943	1943	1943	1943	1944	1944	1944	1944	1944	1944	1944	1944	1944	1944	1944	1944	1943	1944	1943	1944	1944	1944	1943	1943	1944	1944	1944	1944	1944	1943	1943	1944	1944	1944	1944	1944	1944	1944	1944	1944	1944	1944	1944	1944	1944
3909	916430	1944	1944	1944	1944	1944	1944	1944	1944	1944	1944	1944	1944	1944	1944	1944	1944	1944	1944	1944	1945	1944	1944	1944	1945	1945	1945	1945	1944	1945	1945	1945	1945	1944	1944	1944	1944	1945	1944	1944	1944	1944	1944	1945	1944	1944	1944	1945	1944	1944	1944	1945	1946	1944	1945	1944	1945	1944	1944	1944	1944	1944	1944	1943	1944	1944	1944	1944	1944	1944	1944	1944	1944	1944	1944	1944	1944	1944	1944	1944	1944	1944	1944	1944	1944	1944	1944	1944	1943	1944	1943	1944	1944	1944	1944	1944	1944	1944	1944	1944	1944	1945	1944	1945	1945	1944	1944	1944	1944	1945	1944	1944	1944	1945	1945	1944	1945	1944	1945	1944	1945	1944	1945	1945	1945	1944	1944	1944	1945
3910	916923	1945	1945	1945	1945	1945	1945	1945	1945	1945	1945	1945	1944	1945	1944	1945	1944	1945	1945	1944	1945	1945	1946	1945	1944	1945	1945	1945	1945	1944	1945	1944	1945	1945	1944	1945	1945	1945	1945	1945	1945	1945	1945	1945	1945	1945	1945	1945	1944	1944	1946	1944	1945	1945	1945	1945	1945	1945	1945	1945	1947	1945	1946	1945	1945	1945	1946	1945	1946	1946	1945	1945	1945	1945	1945	1945	1945	1946	1945	1946	1945	1945	1945	1945	1945	1945	1945	1945	1945	1945	1944	1944	1944	1945	1945	1945	1945	1944	1944	1945	1945	1944	1945	1944	1945	1944	1944	1944	1944	1944	1944	1944	1944	1945	1945	1945	1944	1944	1944	1944	1944	1944	1944	1944	1944	1944	1944	1945	1944
3911	917415	1945	1945	1945	1945	1945	1945	1946	1945	1945	1945	1945	1945	1945	1946	1945	1945	1946	1945	1945	1945	1945	1945	1945	1946	1945	1945	1945	1945	1945	1946	1946	1945	1945	1946	1945	1946	1945	1945	1946	1945	1945	1945	1945	1945	1945	1947	1945	1946	1946	1946	1945	1946	1946	1946	1946	1945	1946	1945	1946	1946	1945	1946	1945	1946	1946	1945	1945	1946	1945	1946	1946	1946	1945	1945	1946	1945	1945	1945	1946	1946	1946	1945	1945	1946	1945	1945	1945	1945	1946	1946	1945	1945	1946	1946	1945	1945	1945	1945	1945	1945	1945	1945	1944	1945	1945	1945	1945	1945	1945	1945	1945	1945	1945	1945	1944	1945	1945	1945	1945	1945	1944	1945	1945	1945	1945	1945	1945	1945
3912	917907	1946	1946	1946	1946	1946	1946	1946	1946	1945	1946	1946	1946	1946	1946	1945	1945	1946	1947	1946	1945	1945	1945	1945	1946	1946	1945	1946	1945	1945	1945	1945	1945	1945	1945	1945	1945	1945	1946	1946	1946	1946	1946	1945	1946	1946	1946	1946	1946	1946	1945	1945	1946	1945	1946	1946	1946	1946	1946	1946	1946	1946	1945	1946	1945	1946	1946	1946	1946	1946	1945	1946	1946	1947	1947	1946	1947	1947	1946	1946	1946	1946	1946	1946	1945	1945	1945	1946	1946	1946	1946	1946	1946	1947	1946	1945	1946	1946	1946	1946	1946	1946	1945	1946	1945	1946	1945	1945	1945	1945	1946	1945	1945	1945	1945	1945	1946	1946	1945	1946	1946	1946	1946	1946	1946	1945	1946	1945	1946
3913	918400	1945	1945	1946	1946	1946	1946	1946	1946	1947	1946	1946	1947	1947	1947	1947	1947	1946	1946	1947	1946	1946	1945	1946	1946	1946	1946	1946	1946	1946	1946	1946	1946	1946	1946	1946	1947	1946	1946	1946	1946	1946	1946	1946	1946	1946	1945	1946	1946	1946	1946	1946	1946	1946	1946	1946	1946	1946	1946	1945	1946	1946	1946	1946	1946	1947	1946	1947	1947	1947	1947	1946	1947	1947	1947	1947	1947	1947	1946	1947	1947	1947	1947	1947	1946	1946	1946	1946	1947	1946	1947	1947	1947	1946	1947	1947	1947	1947	1946	1946	1946	1946	1946	1946	1947	1946	1947	1947	1946	1946	1946	1947	1946	1946	1946	1946	1946	1946	1945	1946	1946	1946	1947	1945	1946	1946	1946	1946	1946
3914	918892	1947	1946	1946	1947	1946	1947	1946	1947	1947	1946	1947	1947	1947	1947	1947	1947	1946	1947	1946	1946	1947	1946	1946	1946	1946	1947	1946	1946	1946	1946	1947	1946	1946	1946	1946	1947	1946	1946	1947	1946	1947	1946	1946	1947	1947	1947	1947	1946	1947	1947	1947	1946	1948	1947	1947	1947	1947	1947	1946	1947	1947	1947	1947	1947	1947	1947	1946	1947	1947	1947	1946	1947	1947	1947	1947	1947	1947	1947	1946	1947	1947	1946	1946	1947	1947	1946	1947	1947	1946	1947	1947	1946	1947	1947	1946	1946	1946	1946	1947	1946	1947	1947	1947	1947	1947	1946	1947	1947	1947	1947	1947	1947	1946	1947	1947	1948	1947	1947	1947	1947	1947	1947	1947	1947	1947	1947	1947	1946
3915	919384	1948	1948	1947	1948	1947	1947	1948	1947	1947	1947	1947	1948	1947	1948	1947	1947	1947	1947	1947	1947	1948	1947	1947	1948	1947	1947	1948	1947	1947	1947	1947	1948	1948	1947	1947	1948	1948	1948	1948	1947	1947	1947	1947	1947	1947	1948	1947	1947	1947	1947	1947	1947	1948	1947	1947	1947	1947	1947	1947	1947	1947	1947	1948	1947	1947	1947	1947	1947	1947	1947	1947	1947	1946	1947	1947	1947	1947	1947	1948	1947	1948	1947	1946	1947	1947	1947	1947	1947	1947	1947	1947	1947	1946	1947	1946	1947	1946	1947	1947	1947	1947	1948	1947	1948	1947	1947	1946	1946	1947	1947	1947	1947	1947	1947	1947	1948	1948	1948	1947	1948	1947	1948	1948	1948	1948	1948	1947	1948
3916	919876	1947	1949	1947	1948	1948	1947	1948	1948	1948	1948	1948	1948	1948	1948	1948	1948	1948	1947	1948	1948	1948	1948	1947	1948	1948	1948	1949	1948	1948	1948	1948	1948	1948	1949	1948	1948	1948	1948	1948	1948	1948	1947	1948	1947	1947	1947	1947	1948	1947	1947	1948	1947	1948	1947	1947	1948	1947	1947	1947	1947	1947	1947	1947	1948	1947	1948	1949	1948	1948	1948	1948	1948	1948	1948	1948	1948	1948	1948	1948	1948	1948	1948	1948	1948	1949	1948	1948	1948	1949	1948	1948	1948	1948	1948	1948	1948	1948	1948	1948	1948	1948	1948	1948	1948	1948	1948	1948	1948	1948	1948	1948	1948	1948	1948	1948	1948	1948	1948	1947	1948	1947	1947	1947	1947	1947	1948	1947	1947
3917	920369	1948	1949	1948	1949	1948	1949	1949	1948	1949	1948	1948	1949	1948	1949	1948	1948	1948	1948	1948	1949	1949	1949	1948	1948	1949	1949	1949	1948	1949	1948	1948	1948	1948	1948	1949	1948	1948	1948	1948	1948	1948	1948	1948	1948	1948	1948	1948	1948	1948	1948	1948	1947	1948	1948	1948	1948	1948	1949	1949	1948	1948	1948	1948	1948	1948	1948	1948	1948	1948	1949	1948	1948	1948	1948	1948	1948	1948	1948	1948	1948	1949	1948	1949	1948	1948	1948	1948	1948	1949	1948	1949	1948	1948	1948	1948	1948	1948	1948	1948	1948	1948	1948	1948	1948	1949	1948	1948	1948	1948	1948	1947	1948	1948	1948	1948	1948	1948	1948	1948	1948	1948	1948	1947	1948	1948	1948	1948	1948
3918	920861	1948	1948	1948	1948	1948	1948	1949	1948	1949	1949	1949	1948	1950	1949	1949	1948	1948	1948	1949	1948	1948	1949	1948	1949	1948	1948	1949	1948	1949	1949	1949	1949	1949	1949	1950	1950	1950	1950	1950	1948	1949	1949	1949	1949	1949	1949	1949	1949	1950	1949	1949	1949	1949	1949	1949	1949	1949	1950	1948	1949	1949	1949	1949	1949	1949	1949	1949	1949	1949	1949	1949	1949	1948	1949	1949	1948	1948	1948	1948	1948	1947	1948	1948	1948	1948	1948	1948	1948	1948	1948	1948	1948	1948	1948	1948	1948	1949	1948	1949	1948	1948	1948	1948	1948	1948	1947	1948	1948	1948	1948	1949	1948	1948	1949	1949	1948	1949	1949	1949	1949	1949	1949	1949	1949	1949	1949	1949	1949
3919	921353	1949	1949	1950	1949	1949	1949	1949	1949	1948	1949	1949	1950	1949	1949	1949	1949	1949	1949	1950	1949	1949	1950	1949	1949	1949	1949	1950	1949	1950	1949	1949	1950	1949	1950	1949	1950	1949	1949	1950	1949	1950	1950	1949	1950	1950	1950	1951	1949	1950	1949	1950	1950	1950	1949	1949	1949	1950	1949	1949	1949	1949	1949	1949	1949	1950	1949	1949	1949	1949	1949	1949	1949	1949	1949	1949	1949	1949	1949	1949	1949	1949	1949	1948	1948	1949	1948	1948	1948	1949	1948	1949	1949	1948	1949	1949	1950	1949	1949	1950	1949	1949	1949	1949	1949	1949	1949	1949	1949	1949	1949	1949	1949	1949	1948	1949	1949	1949	1949	1949	1950	1949	1949	1949	1949	1950	1949	1949	1949
3920	921846	1950	1950	1950	1950	1950	1950	1950	1950	1950	1950	1950	1950	1951	1950	1950	1950	1950	1950	1950	1950	1950	1950	1950	1950	1950	1950	1950	1950	1950	1950	1950	1950	1950	1950	1950	1950	1950	1950	1950	1950	1950	1949	1950	1949	1950	1949	1949	1950	1949	1949	1949	1950	1949	1949	1950	1949	1950	1950	1950	1949	1949	1950	1949	1950	1949	1949	1950	1949	1950	1949	1950	1950	1950	1950	1950	1950	1950	1949	1950	1950	1950	1950	1949	1949	1950	1950	1950	1950	1950	1950	1950	1950	1950	1950	1949	1950	1950	1950	1950	1949	1950	1949	1950	1950	1949	1950	1950	1950	1949	1950	1949	1949	1949	1950	1950	1949	1950	1950	1949	1949	1949	1949	1949	1949	1949	1949	1949	1949
3921	922338	1949	1950	1950	1950	1950	1950	1950	1950	1950	1950	1950	1950	1950	1950	1950	1951	1951	1951	1951	1951	1951	1951	1951	1950	1951	1950	1950	1951	1950	1950	1951	1950	1951	1950	1950	1950	1951	1950	1950	1950	1951	1950	1950	1950	1950	1950	1951	1949	1950	1950	1950	1950	1950	1950	1950	1949	1950	1950	1950	1949	1950	1950	1950	1950	1950	1949	1950	1949	1949	1949	1949	1949	1950	1950	1950	1950	1950	1949	1950	1950	1950	1950	1950	1950	1950	1950	1950	1950	1950	1951	1951	1950	1951	1951	1951	1950	1951	1951	1950	1951	1950	1950	1950	1950	1950	1950	1951	1951	1950	1950	1950	1951	1951	1951	1950	1951	1951	1950	1951	1951	1951	1951	1950	1951	1950	1950	1950	1950
3922	922830	1951	1951	1951	1950	1951	1951	1951	1951	1951	1951	1951	1950	1951	1951	1950	1951	1950	1951	1950	1951	1951	1950	1951	1951	1951	1951	1951	1950	1950	1951	1950	1950	1950	1951	1951	1950	1951	1951	1951	1951	1950	1951	1950	1951	1951	1950	1951	1950	1951	1951	1951	1952	1951	1951	1951	1950	1951	1951	1951	1952	1951	1951	1951	1951	1950	1951	1951	1951	1951	1950	1950	1951	1950	1951	1951	1951	1950	1950	1950	1951	1951	1951	1951	1951	1950	1951	1950	1951	1951	1950	1950	1950	1950	1951	1950	1950	1950	1949	1951	1950	1950	1951	1950	1950	1951	1951	1950	1950	1950	1951	1951	1950	1951	1951	1951	1951	1951	1951	1951	1951	1951	1951	1951	1951	1951	1950	1951	1952
3923	923323	1951	1951	1952	1951	1952	1951	1951	1951	1951	1952	1952	1951	1952	1951	1951	1952	1952	1952	1952	1952	1952	1952	1951	1952	1951	1951	1951	1951	1951	1951	1951	1951	1951	1951	1951	1951	1951	1951	1951	1951	1951	1951	1951	1951	1951	1951	1950	1951	1951	1951	1950	1950	1951	1951	1950	1950	1951	1951	1950	1950	1951	1951	1951	1952	1951	1951	1952	1952	1952	1951	1951	1952	1951	1952	1951	1952	1951	1951	1951	1951	1951	1951	1951	1951	1952	1952	1952	1952	1952	1952	1952	1952	1952	1952	1951	1951	1952	1951	1951	1951	1951	1951	1951	1951	1951	1950	1951	1952	1951	1951	1951	1952	1952	1951	1952	1951	1951	1951	1951	1951	1951	1951	1951	1951	1951	1951	1951	1951
3924	923815	1951	1952	1952	1952	1952	1952	1952	1952	1952	1952	1951	1952	1952	1952	1951	1952	1952	1952	1952	1952	1952	1952	1952	1952	1951	1952	1952	1952	1952	1952	1952	1952	1952	1952	1952	1952	1952	1952	1952	1952	1952	1952	1952	1952	1952	1952	1951	1952	1952	1952	1952	1952	1952	1952	1952	1951	1951	1952	1952	1951	1951	1951	1951	1952	1951	1952	1951	1952	1951	1951	1952	1951	1951	1951	1951	1951	1951	1951	1952	1951	1951	1951	1952	1952	1952	1952	1952	1952	1952	1952	1952	1951	1951	1952	1951	1953	1952	1952	1951	1952	1952	1952	1952	1951	1952	1952	1952	1951	1951	1952	1952	1952	1951	1952	1951	1951	1951	1951	1951	1952	1951	1952	1952	1952	1952	1951	1952	1952
3925	924307	1952	1952	1953	1952	1953	1952	1952	1953	1952	1953	1952	1953	1952	1952	1952	1953	1953	1952	1953	1952	1952	1952	1952	1952	1952	1952	1952	1952	1952	1952	1952	1953	1952	1952	1952	1952	1953	1952	1952	1952	1952	1952	1952	1952	1952	1952	1952	1953	1952	1952	1953	1952	1952	1953	1952	1952	1952	1952	1952	1952	1952	1953	1953	1953	1952	1953	1953	1953	1953	1953	1953	1952	1953	1954	1952	1953	1953	1953	1953	1952	1953	1952	1953	1953	1953	1952	1953	1952	1952	1953	1952	1952	1950	1952	1952	1952	1951	1952	1952	1952	1952	1952	1952	1952	1953	1952	1952	1952	1952	1953	1952	1952	1952	1953	1952	1952	1952	1952	1952	1953	1952	1953	1953	1952	1952	1952	1953	1952
3926	924800	1952	1953	1953	1953	1952	1953	1953	1953	1953	1952	1952	1953	1952	1953	1953	1952	1953	1953	1952	1953	1953	1953	1953	1953	1953	1952	1952	1952	1952	1952	1952	1952	1953	1953	1953	1953	1952	1953	1953	1953	1952	1953	1953	1953	1953	1953	1952	1953	1952	1953	1952	1952	1953	1952	1953	1952	1952	1952	1952	1952	1952	1952	1953	1952	1952	1953	1952	1953	1953	1953	1953	1953	1953	1953	1952	1952	1953	1952	1953	1953	1953	1953	1953	1953	1953	1953	1953	1953	1953	1952	1953	1952	1952	1953	1953	1952	1953	1953	1952	1953	1953	1953	1952	1953	1952	1952	1953	1952	1953	1953	1953	1952	1953	1952	1952	1952	1952	1952	1953	1953	1952	1952	1952	1953	1953	1952	1952	1953
3927	925292	1954	1953	1954	1954	1953	1953	1954	1953	1953	1954	1953	1953	1954	1954	1954	1955	1953	1954	1953	1954	1953	1953	1954	1953	1953	1953	1953	1954	1953	1953	1954	1953	1953	1953	1953	1953	1954	1953	1953	1953	1953	1953	1953	1952	1953	1953	1952	1953	1953	1952	1952	1953	1952	1952	1952	1952	1953	1953	1952	1952	1953	1953	1953	1953	1953	1953	1953	1952	1953	1953	1952	1953	1953	1953	1953	1953	1953	1954	1953	1953	1953	1953	1954	1953	1953	1953	1953	1953	1953	1953	1953	1953	1953	1953	1953	1953	1953	1953	1953	1953	1953	1952	1953	1953	1953	1953	1954	1953	1953	1952	1953	1953	1953	1953	1953	1953	1953	1953	1953	1952	1952	1953	1953	1953	1953	1953	1953	1953
3928	925784	1954	1954	1954	1954	1954	1954	1954	1954	1954	1954	1954	1955	1953	1954	1954	1954	1954	1955	1954	1955	1954	1954	1954	1954	1955	1954	1954	1954	1954	1954	1953	1953	1953	1953	1954	1954	1954	1954	1954	1954	1955	1954	1953	1953	1954	1954	1954	1953	1953	1954	1954	1954	1953	1954	1953	1953	1954	1953	1953	1953	1954	1954	1953	1954	1953	1954	1954	1954	1953	1954	1954	1954	1954	1954	1954	1955	1954	1954	1954	1954	1954	1953	1954	1954	1954	1954	1953	1954	1954	1954	1954	1954	1955	1954	1954	1954	1954	1954	1954	1954	1954	1954	1954	1953	1954	1954	1954	1954	1953	1954	1954	1954	1954	1954	1954	1954	1954	1954	1954	1954	1954	1954	1954	1953	1954	1954	1954	1954
3929	926276	1954	1954	1954	1954	1953	1953	1954	1954	1954	1953	1954	1953	1953	1954	1954	1954	1953	1954	1954	1954	1954	1954	1954	1954	1954	1955	1954	1954	1954	1954	1954	1954	1954	1954	1954	1954	1954	1954	1954	1954	1954	1954	1954	1954	1955	1955	1954	1954	1954	1955	1955	1954	1954	1954	1954	1955	1954	1954	1955	1955	1954	1954	1954	1954	1953	1954	1954	1954	1953	1955	1955	1954	1955	1954	1954	1954	1954	1953	1953	1954	1954	1954	1954	1953	1954	1954	1954	1954	1953	1954	1954	1954	1954	1953	1954	1954	1954	1954	1954	1954	1954	1954	1954	1955	1954	1954	1954	1954	1954	1954	1953	1953	1954	1954	1954	1954	1954	1954	1954	1954	1954	1954	1954	1954	1954	1954	1955	1954
3930	926769	1954	1954	1954	1955	1954	1955	1955	1955	1954	1953	1954	1955	1954	1955	1955	1955	1954	1955	1955	1955	1955	1955	1955	1954	1954	1955	1955	1955	1955	1955	1955	1955	1955	1955	1955	1955	1954	1955	1955	1955	1955	1955	1955	1955	1955	1955	1955	1955	1955	1955	1955	1955	1954	1955	1955	1955	1955	1954	1955	1954	1955	1954	1954	1955	1954	1955	1954	1954	1954	1954	1955	1955	1955	1955	1955	1954	1954	1954	1955	1954	1955	1955	1955	1954	1955	1954	1954	1955	1954	1955	1955	1955	1955	1954	1955	1955	1956	1955	1955	1955	1955	1955	1955	1955	1956	1955	1956	1955	1956	1956	1955	1955	1955	1956	1955	1955	1955	1955	1955	1955	1955	1955	1955	1955	1954	1955	1955	1955
3931	927261	1955	1955	1955	1955	1956	1955	1955	1955	1956	1955	1955	1955	1955	1956	1955	1955	1956	1955	1955	1955	1955	1955	1956	1955	1955	1956	1955	1955	1955	1956	1955	1955	1955	1956	1955	1955	1955	1955	1955	1955	1956	1956	1955	1955	1955	1956	1955	1955	1956	1955	1956	1955	1955	1955	1955	1955	1954	1955	1955	1955	1955	1955	1955	1955	1955	1955	1955	1955	1956	1955	1955	1955	1955	1956	1955	1955	1955	1955	1955	1955	1955	1955	1955	1954	1955	1955	1954	1955	1954	1955	1955	1955	1955	1955	1955	1955	1955	1956	1955	1955	1955	1955	1955	1955	1955	1955	1955	1955	1955	1954	1955	1955	1955	1955	1955	1955	1955	1955	1955	1955	1955	1955	1955	1955	1955	1955	1956	1956
3932	927753	1955	1956	1956	1956	1956	1955	1956	1955	1955	1955	1955	1955	1955	1955	1955	1956	1955	1955	1956	1956	1956	1955	1955	1956	1956	1956	1955	1955	1956	1955	1955	1954	1955	1956	1956	1956	1956	1955	1955	1955	1956	1955	1955	1955	1955	1956	1955	1955	1955	1956	1956	1955	1955	1955	1956	1955	1955	1955	1955	1956	1957	1956	1955	1955	1955	1956	1955	1955	1955	1956	1955	1955	1955	1955	1956	1956	1956	1955	1955	1956	1955	1955	1955	1955	1956	1955	1955	1955	1955	1955	1955	1956	1955	1955	1956	1956	1955	1955	1956	1956	1956	1956	1955	1955	1956	1956	1956	1956	1956	1956	1956	1956	1956	1955	1956	1956	1956	1956	1956	1956	1956	1956	1956	1956	1955	1956	1956	1956
3933	928246	1956	1956	1956	1957	1956	1957	1956	1956	1956	1956	1956	1956	1957	1956	1957	1956	1956	1956	1956	1956	1956	1956	1956	1956	1956	1956	1956	1956	1956	1957	1956	1956	1956	1956	1956	1957	1956	1956	1956	1956	1955	1956	1956	1955	1956	1956	1956	1956	1956	1956	1957	1956	1956	1956	1957	1956	1956	1956	1956	1957	1957	1956	1957	1957	1956	1957	1956	1956	1957	1956	1956	1956	1956	1957	1956	1957	1956	1956	1956	1956	1956	1956	1956	1956	1955	1956	1956	1956	1956	1956	1956	1956	1955	1955	1955	1956	1955	1955	1956	1956	1956	1955	1955	1956	1956	1956	1956	1956	1956	1956	1956	1956	1956	1956	1956	1955	1956	1956	1956	1956	1956	1956	1956	1956	1956	1956	1956	1956
3934	928738	1956	1956	1956	1956	1956	1957	1956	1957	1956	1956	1957	1956	1956	1957	1957	1956	1956	1956	1956	1957	1956	1956	1956	1956	1956	1956	1956	1956	1956	1956	1956	1956	1957	1957	1956	1957	1957	1957	1957	1957	1957	1957	1957	1957	1957	1956	1956	1956	1956	1956	1956	1956	1957	1956	1956	1957	1956	1956	1956	1957	1956	1957	1957	1957	1956	1956	1957	1957	1957	1957	1957	1957	1957	1957	1956	1957	1957	1957	1957	1957	1957	1957	1957	1957	1957	1957	1957	1957	1957	1957	1957	1957	1957	1957	1957	1957	1957	1956	1957	1956	1956	1956	1957	1956	1956	1956	1956	1957	1957	1956	1956	1957	1957	1956	1957	1957	1956	1957	1957	1956	1956	1956	1956	1956	1956	1956	1956	1957
3935	929230	1958	1958	1957	1957	1958	1957	1958	1958	1958	1957	1957	1957	1957	1957	1957	1957	1957	1957	1957	1956	1957	1957	1956	1956	1957	1957	1957	1956	1957	1958	1956	1957	1956	1957	1957	1956	1956	1957	1956	1957	1956	1957	1957	1956	1957	1957	1957	1956	1956	1957	1956	1957	1956	1957	1957	1957	1957	1956	1957	1957	1957	1958	1957	1957	1957	1957	1957	1957	1957	1956	1957	1957	1957	1957	1957	1957	1957	1957	1958	1957	1958	1957	1957	1957	1957	1958	1957	1957	1957	1957	1957	1957	1957	1957	1957	1957	1957	1957	1957	1956	1957	1956	1956	1957	1956	1957	1957	1957	1956	1956	1957	1956	1956	1956	1956	1956	1956	1957	1957	1957	1957	1957	1957	1957	1957	1957	1957	1957
3936	929723	1958	1958	1958	1958	1958	1957	1958	1957	1958	1958	1958	1957	1957	1958	1958	1957	1958	1958	1958	1958	1958	1958	1958	1958	1959	1958	1958	1958	1957	1958	1958	1957	1957	1958	1957	1957	1957	1958	1957	1957	1958	1957	1957	1958	1958	1958	1958	1958	1958	1958	1958	1957	1958	1958	1958	1958	1958	1958	1958	1957	1957	1956	1957	1957	1957	1957	1957	1957	1958	1957	1957	1957	1957	1957	1957	1957	1958	1957	1957	1957	1957	1958	1958	1957	1958	1957	1958	1957	1957	1958	1957	1957	1958	1958	1958	1958	1958	1958	1958	1958	1957	1958	1958	1958	1958	1958	1959	1958	1957	1958	1957	1958	1957	1958	1957	1958	1958	1957	1957	1958	1958	1958	1958	1958	1957	1958	1958	1957
3937	930215	1959	1958	1958	1959	1958	1958	1958	1958	1959	1958	1958	1958	1959	1958	1958	1958	1958	1958	1958	1958	1958	1958	1959	1958	1958	1959	1959	1958	1959	1958	1958	1958	1959	1959	1958	1959	1959	1958	1959	1958	1959	1959	1958	1959	1958	1959	1959	1959	1959	1959	1959	1958	1959	1959	1959	1959	1958	1958	1959	1958	1958	1958	1958	1958	1958	1958	1958	1958	1957	1958	1957	1958	1958	1957	1958	1959	1957	1958	1957	1958	1957	1957	1958	1958	1958	1958	1957	1958	1957	1959	1958	1959	1958	1958	1958	1958	1958	1959	1959	1958	1957	1958	1958	1958	1958	1958	1959	1958	1958	1959	1958	1958	1957	1958	1958	1958	1958	1958	1958	1958	1958	1958	1958	1959	1958	1959	1958	1958
3938	930707	1958	1958	1959	1959	1958	1958	1958	1959	1959	1958	1958	1958	1958	1958	1958	1958	1958	1959	1959	1959	1959	1959	1959	1959	1959	1958	1959	1959	1959	1959	1959	1958	1959	1958	1959	1959	1959	1959	1959	1959	1959	1959	1959	1959	1960	1959	1959	1959	1959	1959	1959	1959	1959	1959	1959	1959	1959	1959	1959	1959	1959	1959	1959	1959	1959	1959	1959	1959	1959	1958	1958	1959	1959	1959	1959	1958	1959	1958	1959	1959	1958	1959	1959	1959	1959	1958	1959	1959	1959	1960	1959	1959	1959	1958	1959	1959	1960	1959	1959	1959	1959	1959	1958	1958	1959	1959	1959	1959	1959	1959	1958	1959	1959	1959	1958	1959	1959	1959	1959	1959	1959	1959	1959	1959	1959	1959	1958	1958
3939	931200	1959	1959	1960	1960	1959	1959	1960	1959	1959	1959	1959	1959	1960	1960	1959	1960	1960	1960	1960	1960	1960	1960	1960	1959	1960	1959	1959	1960	1959	1959	1960	1960	1959	1959	1959	1959	1959	1959	1959	1959	1959	1959	1959	1959	1959	1959	1959	1959	1959	1960	1959	1959	1959	1959	1959	1959	1959	1959	1959	1959	1959	1959	1959	1959	1959	1959	1959	1959	1959	1959	1959	1959	1959	1958	1958	1959	1959	1959	1959	1959	1960	1959	1959	1959	1960	1959	1959	1959	1959	1959	1959	1959	1960	1959	1960	1959	1959	1960	1959	1959	1959	1959	1959	1959	1960	1959	1959	1959	1959	1959	1959	1960	1959	1959	1959	1958	1959	1959	1959	1959	1959	1959	1959	1959	1959	1959	1959	1959
3940	931692	1960	1959	1960	1960	1960	1960	1960	1959	1959	1960	1960	1960	1959	1960	1959	1959	1959	1959	1960	1959	1959	1959	1959	1960	1959	1959	1959	1959	1959	1959	1960	1959	1959	1960	1959	1960	1960	1960	1960	1959	1959	1959	1960	1959	1959	1959	1959	1959	1960	1959	1960	1959	1959	1960	1959	1960	1960	1960	1959	1959	1959	1960	1959	1960	1959	1959	1959	1959	1958	1959	1960	1959	1959	1959	1958	1959	1959	1959	1959	1959	1959	1959	1960	1959	1959	1959	1959	1960	1959	1959	1959	1959	1960	1960	1960	1960	1959	1959	1960	1959	1960	1960	1959	1960	1960	1960	1961	1960	1960	1960	1960	1960	1959	1960	1959	1960	1960	1959	1960	1959	1960	1960	1959	1960	1960	1960	1959	1959
3941	932184	1960	1960	1960	1960	1960	1960	1960	1960	1960	1960	1961	1960	1961	1961	1961	1961	1961	1960	1960	1960	1960	1961	1960	1961	1961	1960	1960	1960	1960	1959	1960	1960	1960	1960	1959	1960	1960	1959	1960	1960	1959	1959	1960	1960	1960	1960	1960	1959	1960	1959	1960	1960	1959	1960	1959	1960	1960	1960	1960	1960	1960	1959	1961	1960	1960	1960	1960	1960	1960	1960	1960	1960	1960	1960	1960	1961	1960	1960	1961	1960	1961	1961	1960	1960	1961	1960	1960	1960	1961	1960	1960	1960	1960	1961	1960	1960	1960	1960	1960	1961	1960	1959	1960	1960	1960	1961	1960	1960	1960	1960	1960	1960	1960	1960	1960	1960	1960	1960	1959	1960	1961	1960	1961	1960	1960	1960	1960	1960
3942	932676	1960	1960	1961	1960	1960	1960	1960	1960	1960	1960	1960	1959	1960	1960	1960	1961	1960	1961	1960	1960	1960	1960	1960	1960	1960	1960	1961	1961	1960	1959	1960	1960	1960	1960	1960	1960	1960	1960	1960	1960	1961	1961	1961	1961	1961	1961	1961	1961	1961	1961	1961	1960	1961	1961	1961	1960	1961	1961	1961	1961	1960	1961	1961	1961	1960	1961	1961	1960	1961	1961	1960	1960	1961	1961	1961	1960	1960	1961	1960	1960	1960	1960	1960	1960	1961	1961	1960	1961	1960	1961	1960	1961	1961	1960	1961	1960	1960	1960	1960	1960	1960	1960	1960	1961	1960	1960	1960	1960	1960	1960	1960	1960	1959	1960	1961	1960	1961	1961	1960	1960	1961	1961	1961	1961	1961	1960	1961	1961
3943	933169	1961	1961	1961	1961	1961	1961	1961	1961	1961	1961	1961	1961	1960	1960	1961	1960	1961	1960	1961	1961	1960	1961	1960	1960	1960	1961	1961	1960	1961	1961	1961	1961	1961	1961	1961	1962	1961	1961	1961	1961	1961	1961	1961	1961	1961	1961	1961	1961	1961	1961	1961	1961	1961	1962	1961	1961	1962	1961	1961	1961	1961	1961	1961	1962	1961	1961	1960	1961	1960	1960	1961	1961	1961	1961	1961	1962	1961	1961	1961	1961	1961	1961	1960	1961	1961	1961	1961	1961	1961	1961	1961	1961	1961	1961	1961	1961	1961	1961	1961	1961	1960	1961	1962	1961	1961	1961	1960	1961	1961	1961	1961	1961	1961	1961	1961	1961	1961	1960	1960	1961	1961	1961	1961	1961	1961	1961	1961	1961
3944	933661	1961	1962	1963	1961	1961	1962	1962	1962	1961	1962	1961	1962	1961	1961	1962	1961	1962	1961	1961	1962	1962	1961	1962	1962	1962	1962	1962	1962	1961	1961	1962	1962	1961	1961	1961	1961	1962	1961	1962	1962	1962	1962	1961	1961	1962	1962	1962	1962	1962	1961	1962	1962	1961	1962	1962	1961	1961	1961	1962	1962	1961	1962	1961	1961	1961	1962	1962	1961	1961	1961	1961	1961	1961	1961	1962	1962	1962	1962	1961	1962	1962	1962	1962	1962	1962	1961	1961	1962	1961	1961	1961	1962	1962	1962	1961	1962	1961	1962	1962	1962	1962	1962	1961	1961	1961	1962	1961	1962	1962	1962	1962	1961	1962	1962	1961	1962	1961	1962	1962	1962	1962	1961	1962	1962	1961	1961	1961	1961
3945	934153	1962	1962	1962	1962	1962	1962	1962	1962	1962	1962	1963	1963	1963	1963	1962	1963	1963	1963	1963	1963	1963	1962	1963	1962	1962	1962	1962	1963	1962	1962	1962	1962	1962	1963	1963	1963	1962	1963	1962	1963	1963	1962	1963	1963	1962	1964	1962	1962	1962	1962	1962	1963	1962	1962	1961	1961	1961	1962	1962	1961	1962	1962	1962	1962	1960	1962	1962	1962	1962	1962	1962	1962	1962	1962	1963	1962	1962	1962	1962	1962	1962	1962	1961	1962	1962	1962	1962	1962	1962	1962	1962	1962	1962	1962	1962	1962	1963	1962	1962	1963	1962	1963	1963	1962	1962	1962	1962	1962	1963	1962	1963	1962	1962	1962	1963	1962	1962	1963	1963	1962	1963	1962	1962	1963	1962	1962	1962	1963
3946	934646	1962	1962	1963	1963	1963	1962	1963	1963	1962	1963	1963	1962	1963	1962	1963	1963	1962	1962	1963	1962	1962	1962	1962	1962	1962	1962	1964	1962	1963	1963	1962	1963	1962	1963	1963	1962	1962	1962	1962	1963	1963	1963	1963	1963	1963	1963	1963	1963	1963	1962	1962	1963	1962	1963	1963	1963	1963	1963	1963	1963	1963	1964	1964	1963	1963	1963	1963	1963	1963	1963	1963	1963	1963	1963	1963	1963	1962	1962	1963	1963	1963	1962	1963	1962	1963	1963	1962	1963	1963	1963	1962	1962	1962	1962	1962	1962	1962	1962	1962	1962	1963	1962	1962	1963	1962	1962	1962	1963	1963	1962	1962	1962	1962	1962	1962	1962	1963	1963	1963	1963	1963	1963	1963	1963	1962	1963	1963	1963
3947	935138	1963	1963	1963	1963	1963	1963	1963	1963	1963	1963	1963	1962	1963	1962	1962	1963	1962	1963	1963	1963	1963	1963	1963	1963	1963	1963	1963	1962	1963	1963	1963	1963	1963	1962	1963	1963	1963	1963	1963	1963	1963	1963	1963	1963	1963	1963	1962	1963	1963	1963	1963	1963	1963	1963	1963	1963	1963	1963	1963	1963	1963	1963	1963	1963	1963	1963	1963	1964	1964	1963	1963	1963	1963	1963	1963	1963	1963	1963	1963	1962	1963	1963	1962	1962	1963	1963	1963	1963	1962	1963	1962	1963	1963	1962	1962	1963	1963	1963	1962	1963	1963	1963	1962	1962	1962	1963	1963	1962	1963	1962	1963	1963	1963	1963	1963	1963	1963	1964	1963	1963	1963	1962	1964	1963	1963	1964	1963	1963
3948	935630	1964	1964	1963	1963	1964	1963	1963	1963	1964	1963	1963	1964	1963	1964	1963	1964	1964	1964	1964	1964	1964	1964	1963	1963	1963	1964	1964	1964	1963	1963	1963	1963	1964	1964	1963	1964	1964	1964	1964	1964	1964	1963	1964	1964	1964	1964	1964	1964	1963	1964	1964	1963	1963	1963	1963	1963	1963	1964	1964	1964	1964	1964	1964	1964	1963	1964	1963	1964	1964	1964	1964	1964	1963	1964	1964	1964	1964	1964	1964	1964	1964	1963	1963	1964	1964	1964	1963	1964	1964	1964	1964	1963	1963	1964	1963	1964	1963	1963	1963	1963	1964	1963	1964	1964	1964	1964	1963	1964	1964	1964	1964	1963	1963	1963	1963	1963	1963	1964	1963	1964	1964	1964	1964	1964	1964	1964	1964	1964
3949	936123	1964	1964	1965	1965	1965	1964	1964	1964	1964	1964	1965	1964	1964	1964	1964	1964	1964	1964	1964	1963	1965	1964	1964	1964	1964	1964	1964	1964	1964	1964	1964	1964	1964	1964	1964	1964	1963	1964	1964	1964	1964	1964	1964	1964	1964	1964	1964	1964	1964	1964	1964	1964	1964	1964	1964	1964	1964	1964	1963	1964	1964	1964	1964	1964	1964	1964	1964	1964	1963	1963	1962	1964	1964	1964	1964	1964	1964	1964	1964	1964	1964	1964	1964	1964	1964	1964	1964	1964	1964	1963	1964	1964	1964	1964	1964	1964	1964	1964	1964	1964	1964	1965	1964	1964	1964	1964	1964	1964	1964	1964	1964	1965	1964	1964	1964	1964	1964	1964	1964	1964	1964	1964	1964	1964	1964	1964	1964	1964
3950	936615	1965	1965	1965	1965	1965	1964	1965	1965	1965	1965	1965	1965	1965	1965	1965	1965	1965	1965	1965	1965	1965	1965	1965	1965	1965	1964	1965	1965	1965	1965	1965	1965	1965	1965	1964	1964	1965	1964	1965	1965	1965	1965	1964	1965	1965	1964	1965	1964	1964	1964	1964	1964	1964	1964	1964	1964	1964	1964	1964	1964	1964	1964	1965	1964	1964	1964	1964	1964	1965	1965	1965	1965	1964	1964	1965	1965	1964	1964	1964	1965	1964	1964	1964	1965	1964	1964	1965	1964	1964	1965	1965	1965	1965	1964	1965	1965	1965	1964	1965	1965	1965	1964	1965	1964	1965	1964	1965	1965	1965	1965	1964	1965	1964	1965	1965	1965	1965	1965	1964	1965	1965	1964	1964	1965	1964	1965	1964	1964
3951	937107	1965	1964	1965	1965	1965	1964	1965	1965	1965	1965	1965	1965	1965	1965	1965	1965	1965	1965	1964	1965	1965	1964	1965	1965	1965	1965	1964	1965	1965	1965	1965	1964	1965	1966	1965	1965	1965	1965	1965	1965	1965	1965	1965	1965	1965	1965	1965	1965	1965	1965	1964	1965	1966	1965	1965	1965	1965	1965	1965	1965	1964	1965	1965	1965	1965	1965	1966	1965	1965	1965	1965	1965	1965	1965	1965	1965	1965	1964	1965	1965	1965	1965	1965	1965	1965	1965	1965	1966	1965	1965	1965	1966	1965	1965	1965	1965	1965	1965	1965	1965	1965	1965	1965	1965	1965	1965	1965	1965	1965	1965	1965	1965	1965	1965	1965	1965	1964	1965	1965	1965	1965	1965	1965	1966	1965	1965	1965	1965
3952	937600	1966	1965	1966	1966	1966	1967	1965	1966	1967	1966	1967	1967	1966	1967	1966	1966	1966	1966	1966	1966	1966	1966	1966	1966	1965	1966	1966	1966	1966	1966	1966	1966	1966	1966	1967	1967	1966	1966	1967	1966	1966	1966	1966	1965	1966	1965	1965	1966	1965	1965	1965	1965	1965	1965	1966	1965	1965	1965	1965	1965	1965	1964	1966	1965	1965	1965	1965	1965	1966	1965	1966	1965	1965	1965	1965	1965	1965	1965	1965	1965	1966	1966	1966	1966	1966	1966	1965	1966	1967	1966	1966	1966	1966	1966	1965	1966	1966	1966	1966	1965	1967	1966	1966	1966	1966	1965	1967	1965	1966	1966	1966	1966	1966	1966	1967	1966	1966	1966	1965	1965	1965	1964	1965	1965	1965	1965	1965	1965
3953	938092	1966	1966	1966	1966	1965	1966	1966	1966	1965	1965	1966	1966	1965	1966	1965	1966	1965	1966	1965	1966	1966	1966	1966	1966	1966	1966	1965	1965	1966	1965	1965	1965	1964	1966	1965	1965	1965	1965	1965	1965	1966	1966	1966	1965	1965	1965	1966	1965	1965	1965	1966	1965	1965	1966	1965	1966	1965	1965	1966	1965	1966	1965	1965	1965	1965	1965	1965	1966	1966	1965	1967	1965	1966	1966	1965	1966	1966	1966	1966	1966	1966	1966	1967	1967	1966	1967	1966	1967	1966	1967	1966	1967	1966	1966	1967	1966	1967	1966	1966	1967	1967	1966	1966	1966	1967	1966	1966	1966	1966	1966	1966	1967	1967	1967	1967	1967	1967	1966	1966	1967	1966	1967	1967	1967	1967	1966	1966	1965
3954	938584	1966	1967	1967	1967	1967	1967	1967	1967	1967	1967	1967	1967	1966	1967	1966	1967	1966	1966	1967	1967	1966	1966	1967	1967	1966	1967	1967	1967	1967	1967	1966	1966	1967	1967	1966	1966	1966	1966	1967	1967	1967	1967	1967	1967	1966	1967	1966	1965	1967	1966	1967	1966	1966	1966	1966	1967	1966	1967	1967	1966	1967	1967	1967	1968	1967	1967	1967	1967	1968	1966	1967	1966	1967	1967	1967	1967	1967	1967	1966	1967	1967	1967	1967	1966	1967	1967	1966	1967	1967	1966	1966	1966	1966	1966	1966	1967	1967	1967	1966	1966	1966	1966	1966	1966	1967	1967	1966	1967	1966	1967	1966	1967	1967	1967	1966	1966	1967	1966	1967	1967	1967	1967	1966	1966	1966	1966	1967	1966
3955	939076	1967	1967	1967	1967	1968	1968	1968	1967	1967	1967	1967	1967	1967	1967	1967	1967	1967	1968	1967	1967	1967	1967	1967	1967	1967	1967	1967	1967	1967	1967	1967	1967	1968	1967	1967	1967	1967	1967	1967	1967	1967	1967	1967	1967	1967	1967	1967	1967	1967	1968	1967	1967	1967	1967	1967	1967	1967	1967	1967	1967	1967	1967	1967	1967	1967	1966	1967	1966	1967	1967	1967	1967	1967	1967	1967	1967	1967	1967	1967	1967	1967	1967	1967	1967	1967	1967	1967	1968	1968	1967	1967	1967	1967	1967	1967	1967	1967	1967	1967	1967	1967	1967	1967	1968	1967	1967	1967	1968	1967	1967	1968	1968	1967	1967	1968	1968	1967	1968	1967	1967	1967	1967	1967	1967	1967	1967	1967	1967
3956	939569	1967	1968	1968	1967	1968	1968	1968	1967	1967	1968	1968	1968	1968	1967	1967	1967	1967	1967	1968	1967	1968	1967	1967	1967	1967	1968	1967	1968	1967	1967	1968	1968	1967	1968	1968	1968	1968	1968	1968	1968	1968	1968	1967	1968	1968	1967	1968	1968	1967	1968	1968	1968	1968	1968	1968	1968	1968	1968	1968	1968	1968	1968	1968	1968	1968	1968	1968	1968	1968	1968	1968	1968	1967	1968	1967	1968	1968	1967	1968	1968	1968	1967	1968	1967	1967	1967	1967	1967	1967	1967	1967	1967	1967	1967	1967	1967	1967	1967	1967	1968	1968	1967	1968	1967	1967	1967	1967	1968	1968	1967	1967	1968	1968	1968	1968	1967	1968	1967	1967	1968	1967	1967	1967	1967	1968	1968	1968	1968
3957	940061	1968	1968	1968	1968	1968	1968	1967	1968	1968	1968	1968	1968	1967	1968	1968	1968	1968	1968	1968	1968	1968	1968	1968	1968	1968	1968	1968	1968	1968	1967	1967	1968	1968	1968	1968	1968	1968	1968	1968	1968	1968	1968	1968	1968	1969	1968	1967	1968	1968	1968	1968	1968	1969	1968	1968	1968	1968	1968	1968	1969	1968	1968	1968	1967	1968	1968	1968	1968	1968	1969	1968	1968	1968	1968	1968	1968	1969	1968	1969	1968	1969	1968	1968	1969	1968	1969	1969	1968	1969	1968	1969	1968	1968	1968	1968	1969	1968	1968	1968	1967	1968	1969	1968	1967	1968	1968	1968	1968	1968	1969	1968	1968	1969	1968	1969	1969	1969	1969	1968	1968	1968	1968	1968	1968	1968	1968	1969	1969
3958	940553	1968	1969	1968	1969	1969	1968	1968	1968	1969	1968	1969	1969	1969	1969	1969	1968	1969	1968	1969	1968	1968	1969	1968	1968	1969	1968	1969	1969	1969	1969	1969	1968	1969	1969	1968	1969	1969	1968	1969	1969	1969	1969	1968	1969	1969	1969	1969	1969	1968	1969	1969	1968	1969	1969	1968	1968	1968	1968	1968	1968	1968	1967	1968	1968	1968	1968	1968	1968	1968	1968	1968	1968	1968	1968	1968	1968	1968	1967	1968	1968	1968	1968	1968	1968	1968	1968	1968	1968	1968	1968	1968	1968	1968	1968	1968	1968	1968	1968	1968	1968	1968	1968	1968	1968	1968	1968	1968	1968	1968	1969	1968	1968	1968	1968	1968	1968	1968	1968	1968	1969	1968	1968	1967	1968	1968	1968	1968	1968
3959	941046	1969	1969	1969	1969	1969	1969	1969	1969	1969	1969	1969	1969	1969	1969	1969	1970	1970	1969	1969	1969	1969	1969	1969	1969	1969	1969	1969	1969	1968	1969	1969	1969	1969	1969	1969	1969	1969	1969	1969	1969	1968	1969	1969	1968	1969	1969	1968	1969	1968	1968	1969	1969	1969	1969	1968	1969	1969	1969	1969	1969	1969	1969	1969	1968	1969	1969	1969	1969	1969	1969	1969	1969	1969	1969	1969	1969	1968	1969	1969	1969	1969	1969	1969	1968	1969	1968	1969	1969	1969	1969	1968	1969	1969	1968	1968	1969	1969	1969	1968	1969	1969	1968	1969	1968	1969	1968	1969	1968	1968	1969	1968	1969	1968	1969	1969	1969	1969	1969	1969	1969	1969	1969	1968	1969	1969	1969	1969	1968
3960	941538	1971	1970	1970	1970	1970	1970	1970	1970	1969	1969	1969	1969	1969	1969	1970	1969	1969	1969	1970	1969	1969	1969	1969	1969	1969	1969	1970	1969	1969	1969	1969	1969	1970	1969	1970	1969	1969	1970	1969	1970	1969	1969	1969	1969	1970	1970	1970	1970	1970	1970	1970	1970	1970	1970	1970	1970	1970	1970	1969	1970	1969	1969	1970	1969	1970	1969	1969	1970	1970	1970	1970	1970	1970	1970	1970	1970	1970	1969	1970	1969	1970	1970	1969	1969	1969	1969	1969	1970	1970	1969	1969	1970	1969	1970	1969	1970	1970	1969	1970	1969	1969	1969	1969	1969	1969	1969	1969	1970	1969	1969	1969	1969	1970	1970	1969	1969	1969	1969	1969	1969	1969	1969	1969	1969	1970	1969	1970	1970
3961	942030	1970	1970	1970	1969	1970	1970	1970	1970	1970	1970	1970	1970	1970	1970	1970	1970	1970	1971	1969	1970	1970	1970	1970	1970	1970	1970	1970	1970	1970	1970	1969	1970	1970	1970	1971	1970	1970	1971	1971	1970	1971	1971	1970	1970	1970	1970	1970	1970	1971	1970	1969	1970	1970	1970	1970	1969	1970	1970	1971	1970	1970	1970	1970	1970	1970	1971	1970	1971	1970	1970	1970	1970	1971	1970	1971	1970	1970	1970	1970	1970	1970	1970	1971	1970	1970	1970	1970	1971	1971	1970	1970	1971	1970	1969	1970	1970	1970	1970	1970	1970	1970	1970	1970	1970	1970	1970	1970	1970	1970	1970	1970	1970	1970	1970	1970	1969	1969	1970	1969	1970	1970	1970	1970	1969	1970	1970	1970	1970
3962	942523	1971	1970	1971	1971	1971	1970	1970	1971	1971	1971	1970	1971	1970	1970	1971	1971	1971	1970	1971	1971	1971	1971	1970	1970	1971	1971	1971	1970	1970	1971	1971	1971	1970	1970	1971	1970	1971	1971	1970	1971	1970	1971	1970	1970	1971	1970	1970	1971	1971	1970	1970	1970	1970	1970	1970	1970	1970	1970	1970	1970	1970	1970	1970	1970	1971	1970	1970	1970	1970	1970	1970	1971	1970	1971	1970	1971	1971	1971	1971	1970	1970	1971	1970	1971	1971	1970	1970	1970	1970	1970	1971	1970	1970	1970	1970	1970	1971	1970	1970	1970	1970	1970	1969	1970	1969	1970	1970	1971	1970	1971	1971	1971	1971	1970	1970	1970	1970	1970	1970	1970	1970	1970	1971	1971	1971	1971	1970	1971
3963	943015	1971	1970	1971	1970	1970	1971	1971	1971	1971	1971	1971	1971	1972	1971	1971	1971	1971	1971	1970	1971	1972	1970	1971	1971	1971	1971	1972	1971	1971	1971	1971	1971	1971	1971	1971	1971	1971	1971	1971	1971	1971	1971	1972	1971	1972	1971	1971	1970	1971	1971	1971	1971	1970	1970	1971	1970	1971	1970	1971	1971	1971	1970	1970	1971	1971	1971	1970	1971	1971	1970	1971	1971	1971	1971	1971	1971	1970	1971	1971	1971	1971	1970	1971	1971	1971	1972	1971	1971	1971	1972	1972	1971	1971	1971	1972	1971	1971	1972	1971	1972	1971	1971	1971	1971	1971	1971	1971	1971	1971	1971	1971	1971	1971	1971	1971	1971	1971	1971	1971	1971	1971	1971	1971	1971	1971	1972	1971	1971
3964	943507	1971	1972	1972	1972	1972	1972	1972	1972	1971	1972	1972	1972	1972	1972	1972	1972	1972	1972	1972	1972	1972	1972	1972	1972	1971	1972	1972	1972	1972	1972	1971	1972	1972	1972	1972	1972	1971	1971	1971	1972	1971	1972	1971	1971	1972	1971	1972	1971	1971	1971	1972	1971	1971	1972	1971	1972	1971	1971	1972	1972	1972	1971	1970	1971	1971	1972	1971	1971	1972	1971	1971	1972	1972	1972	1971	1972	1972	1972	1972	1972	1971	1971	1971	1972	1971	1971	1971	1971	1972	1971	1972	1972	1972	1972	1971	1971	1972	1971	1971	1971	1973	1971	1971	1971	1971	1971	1971	1972	1971	1971	1972	1971	1971	1971	1971	1971	1971	1971	1971	1971	1971	1971	1972	1971	1972	1972	1972	1972
3965	944000	1971	1971	1972	1972	1971	1972	1972	1972	1971	1972	1972	1972	1972	1972	1972	1972	1973	1973	1972	1973	1972	1973	1973	1972	1972	1973	1972	1972	1972	1972	1972	1972	1971	1972	1971	1972	1972	1972	1972	1972	1972	1972	1972	1972	1972	1972	1972	1972	1972	1972	1972	1972	1972	1972	1972	1972	1972	1972	1971	1971	1972	1972	1972	1972	1972	1972	1972	1972	1972	1972	1972	1972	1972	1972	1972	1973	1972	1973	1972	1972	1971	1972	1972	1972	1971	1972	1972	1972	1972	1972	1972	1972	1971	1972	1972	1972	1972	1972	1972	1972	1972	1972	1972	1972	1972	1971	1972	1971	1972	1971	1972	1972	1972	1971	1973	1972	1973	1971	1972	1972	1971	1972	1972	1972	1971	1971	1971	1971
3966	944492	1972	1973	1972	1973	1973	1972	1973	1972	1973	1972	1972	1973	1972	1973	1973	1972	1972	1973	1972	1972	1972	1972	1972	1972	1972	1973	1972	1972	1973	1973	1972	1973	1973	1972	1973	1973	1972	1972	1973	1973	1973	1973	1973	1973	1973	1973	1972	1973	1973	1973	1974	1973	1973	1973	1973	1974	1973	1973	1973	1974	1974	1972	1973	1973	1973	1973	1973	1973	1973	1973	1972	1972	1973	1973	1972	1973	1972	1972	1972	1972	1972	1972	1973	1972	1972	1972	1972	1972	1972	1972	1972	1973	1973	1972	1973	1972	1972	1972	1972	1973	1972	1973	1972	1973	1973	1972	1973	1973	1973	1972	1973	1972	1973	1973	1973	1972	1973	1972	1973	1972	1973	1973	1973	1973	1973	1973	1973	1973
3967	944984	1973	1973	1973	1973	1973	1973	1973	1973	1973	1973	1972	1973	1973	1973	1973	1973	1973	1973	1973	1973	1973	1973	1973	1973	1973	1973	1973	1973	1972	1973	1973	1973	1973	1973	1973	1973	1973	1973	1973	1973	1973	1972	1972	1973	1973	1972	1973	1973	1973	1973	1973	1972	1973	1973	1973	1972	1972	1973	1973	1973	1973	1973	1973	1973	1973	1973	1973	1972	1972	1973	1972	1973	1973	1973	1973	1973	1973	1973	1973	1973	1973	1973	1973	1973	1973	1973	1973	1972	1972	1973	1973	1972	1972	1972	1972	1972	1973	1972	1972	1972	1973	1972	1972	1973	1973	1973	1973	1973	1973	1972	1973	1972	1972	1972	1973	1972	1972	1973	1973	1973	1973	1972	1973	1973	1973	1973	1973	1973
3968	945476	1974	1974	1974	1974	1974	1974	1974	1973	1973	1973	1973	1974	1973	1974	1973	1974	1974	1973	1973	1973	1973	1974	1973	1972	1973	1973	1973	1973	1973	1974	1973	1973	1973	1973	1973	1972	1973	1973	1972	1973	1973	1973	1974	1973	1973	1973	1973	1973	1974	1974	1974	1973	1974	1973	1974	1973	1973	1973	1973	1973	1974	1975	1973	1974	1974	1973	1973	1974	1974	1974	1974	1974	1973	1974	1974	1973	1974	1973	1974	1973	1974	1973	1973	1973	1973	1973	1973	1973	1973	1973	1973	1974	1973	1974	1973	1974	1973	1973	1973	1974	1973	1973	1974	1973	1974	1973	1973	1974	1974	1973	1973	1973	1974	1973	1974	1973	1973	1974	1973	1974	1974	1973	1974	1974	1974	1974	1974	1974
3969	945969	1974	1974	1973	1973	1974	1974	1974	1974	1974	1974	1974	1973	1974	1974	1974	1974	1973	1974	1973	1974	1974	1974	1974	1974	1974	1974	1974	1974	1975	1974	1974	1975	1975	1975	1974	1974	1974	1974	1975	1974	1974	1974	1974	1974	1974	1973	1974	1974	1974	1975	1974	1975	1974	1974	1974	1974	1974	1974	1974	1974	1973	1973	1973	1973	1973	1973	1973	1973	1973	1973	1973	1973	1974	1974	1974	1973	1974	1974	1974	1974	1974	1974	1974	1974	1974	1974	1974	1974	1974	1973	1974	1973	1974	1973	1973	1973	1974	1974	1974	1974	1974	1974	1974	1974	1974	1974	1975	1974	1974	1974	1974	1974	1974	1974	1974	1974	1975	1974	1974	1974	1974	1974	1974	1974	1974	1975	1974	1975
3970	946461	1975	1976	1975	1975	1975	1975	1975	1975	1976	1975	1974	1974	1974	1975	1975	1975	1974	1975	1975	1975	1975	1974	1975	1975	1975	1974	1974	1974	1974	1975	1974	1974	1975	1974	1974	1975	1974	1974	1974	1974	1975	1974	1975	1974	1974	1974	1973	1974	1975	1974	1974	1975	1974	1974	1974	1975	1975	1974	1974	1974	1975	1975	1975	1974	1974	1974	1974	1974	1975	1974	1974	1974	1974	1974	1975	1975	1975	1974	1974	1975	1974	1974	1974	1974	1973	1974	1974	1974	1973	1973	1974	1974	1974	1974	1974	1975	1974	1974	1973	1974	1974	1974	1974	1974	1974	1974	1974	1974	1974	1974	1975	1974	1974	1974	1974	1975	1974	1975	1974	1974	1975	1974	1975	1974	1975	1975	1975	1975
3971	946953	1975	1975	1974	1975	1975	1975	1975	1975	1975	1975	1974	1976	1975	1975	1975	1975	1975	1975	1976	1975	1976	1975	1975	1975	1975	1975	1976	1975	1975	1976	1975	1975	1975	1975	1975	1975	1975	1975	1975	1975	1975	1975	1975	1975	1975	1975	1975	1975	1974	1975	1975	1975	1974	1974	1974	1975	1975	1975	1975	1975	1975	1975	1975	1976	1974	1974	1974	1973	1975	1974	1975	1974	1974	1975	1974	1975	1975	1975	1975	1975	1975	1975	1975	1975	1975	1975	1975	1975	1976	1975	1975	1975	1975	1975	1975	1975	1975	1975	1975	1975	1975	1975	1975	1974	1975	1975	1975	1975	1975	1975	1974	1975	1975	1975	1975	1974	1975	1975	1975	1975	1975	1975	1974	1974	1975	1974	1975	1975
3972	947446	1976	1976	1975	1976	1975	1976	1975	1975	1976	1975	1976	1976	1975	1976	1976	1976	1976	1976	1976	1976	1976	1976	1977	1976	1976	1976	1977	1976	1976	1976	1976	1976	1976	1976	1976	1976	1976	1976	1976	1976	1976	1975	1976	1976	1976	1976	1976	1976	1976	1976	1976	1976	1976	1976	1975	1977	1975	1975	1975	1975	1975	1975	1975	1975	1975	1975	1975	1976	1975	1975	1975	1975	1976	1975	1975	1975	1974	1975	1975	1975	1975	1975	1975	1975	1975	1975	1974	1975	1975	1975	1975	1975	1975	1975	1975	1975	1974	1975	1975	1975	1975	1975	1975	1974	1976	1975	1975	1975	1975	1975	1975	1975	1975	1975	1975	1976	1975	1975	1976	1975	1976	1976	1975	1976	1975	1976	1976	1975
3973	947938	1975	1976	1975	1975	1975	1975	1976	1976	1976	1975	1975	1976	1976	1976	1976	1975	1975	1976	1976	1975	1976	1975	1976	1976	1976	1976	1976	1976	1976	1976	1976	1976	1976	1976	1976	1976	1976	1976	1976	1976	1976	1976	1976	1976	1976	1976	1976	1976	1976	1976	1976	1975	1976	1976	1976	1975	1976	1975	1975	1976	1975	1976	1975	1975	1976	1975	1976	1975	1975	1976	1975	1976	1976	1976	1976	1976	1976	1975	1976	1976	1976	1976	1976	1976	1976	1976	1976	1975	1976	1975	1976	1976	1976	1976	1976	1975	1976	1976	1976	1976	1976	1976	1976	1976	1976	1976	1976	1976	1976	1976	1976	1976	1976	1976	1975	1976	1976	1976	1976	1976	1976	1976	1976	1977	1976	1976	1976	1976
3974	948430	1976	1976	1976	1976	1976	1976	1976	1977	1977	1976	1977	1976	1977	1976	1977	1976	1976	1976	1976	1977	1977	1976	1976	1976	1976	1976	1976	1977	1976	1976	1977	1976	1977	1976	1977	1976	1976	1977	1976	1977	1976	1976	1976	1976	1976	1977	1976	1976	1976	1976	1977	1977	1977	1976	1976	1977	1976	1976	1977	1977	1977	1977	1976	1977	1976	1977	1976	1976	1977	1977	1977	1976	1977	1976	1976	1976	1977	1976	1976	1977	1976	1976	1977	1976	1977	1976	1976	1976	1976	1976	1976	1976	1976	1976	1976	1976	1976	1976	1976	1976	1976	1976	1976	1976	1976	1976	1976	1977	1976	1976	1976	1976	1976	1976	1976	1977	1976	1976	1976	1976	1976	1976	1976	1976	1976	1976	1976	1976
3975	948923	1977	1977	1977	1976	1977	1977	1976	1977	1977	1976	1976	1976	1977	1976	1976	1977	1977	1977	1977	1976	1976	1976	1977	1977	1976	1977	1977	1977	1976	1977	1977	1977	1977	1977	1976	1977	1977	1976	1977	1977	1976	1977	1977	1977	1977	1976	1977	1977	1977	1977	1977	1977	1977	1977	1977	1977	1977	1977	1976	1977	1976	1977	1977	1977	1977	1976	1977	1977	1977	1976	1976	1976	1977	1977	1977	1977	1977	1977	1977	1977	1977	1976	1976	1977	1977	1977	1976	1977	1976	1977	1977	1977	1977	1977	1977	1977	1977	1977	1977	1977	1977	1977	1977	1977	1977	1977	1977	1977	1977	1977	1977	1977	1976	1976	1977	1977	1977	1976	1976	1976	1977	1977	1976	1976	1976	1976	1977	1976
3976	949415	1977	1978	1978	1978	1978	1978	1978	1978	1977	1978	1977	1977	1977	1977	1977	1977	1977	1977	1978	1978	1977	1977	1978	1977	1977	1977	1977	1977	1977	1978	1978	1978	1978	1977	1977	1978	1977	1977	1977	1977	1977	1976	1977	1977	1977	1977	1977	1977	1977	1977	1977	1977	1976	1977	1977	1977	1977	1977	1977	1977	1977	1977	1977	1978	1977	1977	1977	1977	1977	1977	1976	1977	1977	1977	1977	1977	1976	1977	1977	1977	1977	1978	1977	1977	1977	1977	1977	1977	1977	1977	1977	1977	1977	1977	1977	1977	1977	1977	1977	1976	1977	1977	1977	1977	1977	1977	1977	1977	1977	1977	1978	1977	1977	1977	1977	1977	1977	1977	1977	1977	1977	1977	1977	1977	1977	1978	1977	1977
3977	949907	1978	1978	1978	1978	1978	1978	1978	1978	1978	1978	1978	1978	1978	1977	1978	1978	1978	1978	1978	1978	1977	1978	1977	1978	1978	1978	1978	1978	1977	1978	1977	1978	1977	1977	1978	1977	1977	1977	1977	1978	1978	1977	1977	1977	1977	1978	1977	1977	1977	1977	1978	1977	1977	1978	1977	1977	1977	1977	1978	1977	1977	1977	1978	1978	1978	1978	1978	1978	1978	1978	1978	1978	1978	1978	1977	1978	1978	1978	1979	1977	1978	1978	1978	1978	1978	1978	1978	1979	1979	1979	1979	1978	1979	1979	1979	1978	1977	1978	1978	1979	1978	1978	1978	1978	1978	1978	1978	1979	1978	1978	1979	1978	1978	1978	1978	1978	1977	1978	1978	1978	1977	1978	1977	1976	1977	1977	1977	1977
3978	950400	1979	1979	1979	1979	1979	1979	1979	1979	1979	1978	1978	1978	1978	1978	1978	1978	1978	1977	1978	1978	1979	1978	1978	1977	1978	1979	1978	1978	1978	1978	1978	1978	1978	1977	1977	1978	1978	1978	1978	1978	1979	1978	1978	1978	1978	1978	1978	1978	1978	1978	1979	1978	1979	1978	1979	1979	1978	1979	1979	1978	1978	1978	1979	1978	1978	1978	1977	1978	1979	1979	1978	1978	1979	1978	1978	1978	1978	1978	1978	1979	1978	1979	1978	1978	1979	1979	1978	1978	1978	1978	1978	1978	1978	1978	1978	1978	1979	1978	1977	1979	1978	1978	1978	1978	1978	1977	1978	1978	1978	1978	1978	1978	1978	1978	1979	1979	1978	1978	1978	1979	1978	1977	1978	1978	1979	1978	1978	1978
3979	950892	1979	1978	1979	1978	1978	1979	1978	1978	1978	1978	1978	1978	1978	1979	1979	1978	1979	1979	1979	1979	1979	1979	1978	1979	1979	1979	1979	1979	1979	1979	1979	1979	1979	1979	1979	1978	1979	1979	1978	1979	1979	1978	1979	1979	1979	1979	1979	1979	1979	1979	1978	1979	1979	1978	1978	1978	1979	1978	1978	1978	1978	1979	1978	1978	1978	1978	1979	1978	1979	1978	1978	1979	1978	1979	1979	1979	1979	1978	1979	1978	1979	1979	1978	1978	1978	1979	1978	1978	1979	1979	1979	1979	1979	1979	1978	1979	1979	1979	1979	1978	1979	1979	1978	1979	1979	1978	1979	1979	1978	1979	1979	1979	1978	1979	1979	1979	1979	1979	1979	1979	1979	1979	1979	1979	1979	1979	1979	1978
3980	951384	1980	1980	1980	1980	1980	1980	1980	1979	1979	1979	1979	1979	1979	1979	1979	1979	1979	1979	1980	1979	1979	1979	1979	1979	1979	1979	1979	1979	1979	1979	1979	1979	1979	1978	1979	1979	1979	1979	1978	1979	1979	1979	1979	1979	1979	1979	1979	1979	1979	1979	1979	1980	1979	1979	1979	1979	1980	1979	1979	1979	1980	1979	1980	1979	1979	1979	1979	1979	1979	1979	1979	1979	1979	1979	1979	1979	1980	1980	1979	1979	1979	1979	1979	1979	1979	1979	1979	1978	1979	1980	1979	1980	1978	1979	1979	1980	1980	1979	1978	1979	1979	1979	1979	1979	1979	1979	1980	1979	1979	1979	1980	1980	1979	1979	1979	1979	1979	1979	1979	1979	1980	1980	1980	1980	1979	1980	1979	1980
3981	951876	1980	1980	1981	1980	1980	1980	1980	1980	1980	1980	1980	1980	1981	1980	1979	1980	1980	1979	1980	1980	1980	1980	1980	1980	1980	1980	1980	1980	1980	1981	1980	1980	1980	1980	1980	1980	1981	1980	1980	1980	1980	1980	1980	1980	1980	1980	1980	1980	1980	1980	1980	1980	1980	1980	1980	1979	1980	1980	1980	1979	1979	1980	1980	1979	1980	1980	1980	1980	1980	1980	1980	1980	1979	1980	1980	1979	1979	1979	1980	1979	1979	1980	1979	1979	1980	1980	1980	1979	1980	1980	1980	1980	1980	1980	1980	1980	1980	1980	1980	1980	1980	1980	1980	1980	1980	1980	1980	1979	1980	1979	1979	1980	1980	1980	1980	1979	1979	1979	1978	1980	1979	1979	1979	1979	1980	1980	1980	1980
3982	952369	1980	1980	1980	1980	1980	1980	1980	1980	1980	1980	1980	1980	1980	1980	1980	1980	1980	1980	1980	1980	1980	1981	1981	1980	1980	1980	1981	1981	1980	1980	1980	1981	1981	1981	1981	1980	1981	1981	1980	1980	1980	1981	1981	1981	1980	1981	1981	1981	1980	1981	1980	1980	1981	1980	1981	1979	1980	1980	1980	1980	1980	1980	1980	1980	1979	1979	1980	1980	1980	1980	1980	1980	1980	1980	1980	1980	1980	1980	1980	1980	1980	1980	1980	1980	1980	1980	1980	1979	1980	1980	1979	1980	1979	1980	1980	1980	1980	1980	1980	1980	1980	1980	1980	1981	1980	1980	1980	1980	1980	1980	1980	1980	1980	1980	1980	1980	1980	1980	1980	1981	1981	1981	1981	1980	1980	1981	1981	1981
3983	952861	1981	1982	1981	1981	1981	1981	1981	1982	1981	1981	1981	1981	1981	1982	1982	1981	1981	1980	1981	1981	1981	1981	1980	1981	1981	1981	1982	1981	1981	1981	1981	1981	1980	1981	1981	1981	1982	1980	1980	1981	1981	1980	1981	1981	1981	1981	1980	1980	1981	1980	1981	1980	1981	1981	1980	1980	1980	1980	1981	1981	1980	1981	1980	1981	1980	1981	1981	1980	1980	1980	1981	1981	1980	1981	1981	1981	1981	1981	1981	1981	1981	1981	1982	1981	1981	1981	1981	1981	1982	1981	1982	1982	1981	1981	1981	1981	1981	1981	1981	1981	1981	1981	1981	1981	1980	1980	1980	1981	1981	1980	1981	1980	1980	1980	1981	1980	1981	1981	1980	1981	1980	1981	1980	1980	1981	1980	1981	1981
3984	953353	1980	1980	1981	1980	1980	1981	1980	1981	1981	1981	1981	1982	1981	1981	1980	1981	1981	1981	1980	1981	1981	1981	1981	1981	1981	1981	1982	1981	1981	1982	1981	1981	1981	1981	1982	1981	1981	1980	1981	1981	1981	1981	1981	1981	1981	1981	1981	1981	1982	1981	1981	1981	1981	1981	1981	1981	1981	1981	1981	1981	1981	1981	1980	1981	1980	1981	1981	1980	1981	1981	1981	1981	1981	1982	1980	1981	1981	1980	1981	1980	1981	1981	1980	1981	1981	1980	1981	1980	1981	1981	1981	1981	1981	1980	1981	1980	1981	1981	1981	1980	1981	1981	1981	1981	1980	1981	1981	1981	1981	1981	1981	1981	1981	1981	1981	1981	1981	1982	1982	1981	1982	1981	1982	1982	1982	1981	1982	1982
3985	953846	1982	1981	1982	1982	1982	1981	1982	1982	1982	1982	1982	1981	1982	1982	1982	1982	1982	1981	1981	1982	1981	1982	1982	1981	1982	1982	1981	1982	1981	1981	1981	1981	1981	1981	1982	1981	1982	1981	1982	1982	1981	1982	1982	1982	1982	1981	1982	1982	1982	1982	1981	1981	1982	1982	1982	1982	1982	1982	1982	1981	1982	1982	1981	1982	1982	1982	1982	1982	1982	1982	1982	1981	1982	1982	1982	1982	1982	1982	1982	1981	1982	1982	1982	1982	1982	1982	1981	1982	1982	1981	1982	1981	1981	1982	1981	1982	1982	1981	1981	1982	1981	1982	1981	1981	1981	1981	1982	1981	1982	1981	1982	1982	1982	1982	1981	1982	1982	1982	1982	1982	1982	1982	1982	1982	1982	1982	1982	1982
3986	954338	1982	1982	1983	1983	1982	1982	1982	1983	1983	1983	1982	1982	1983	1983	1982	1983	1982	1982	1983	1983	1983	1983	1982	1982	1982	1982	1983	1982	1982	1982	1982	1982	1983	1982	1982	1982	1983	1983	1982	1982	1982	1982	1981	1982	1982	1982	1982	1982	1982	1982	1982	1982	1982	1982	1983	1982	1982	1981	1982	1982	1982	1982	1983	1982	1982	1983	1983	1982	1982	1982	1982	1983	1983	1982	1983	1983	1983	1982	1983	1982	1982	1982	1982	1982	1983	1982	1982	1983	1983	1983	1983	1983	1982	1983	1982	1983	1982	1982	1982	1983	1982	1983	1982	1982	1982	1983	1982	1982	1982	1983	1982	1982	1983	1982	1983	1982	1982	1982	1982	1981	1982	1982	1982	1982	1982	1982	1982	1982
3987	954830	1983	1983	1983	1984	1983	1983	1984	1983	1984	1983	1983	1983	1983	1983	1983	1983	1983	1983	1983	1983	1983	1983	1983	1984	1983	1983	1983	1983	1983	1983	1983	1983	1983	1983	1983	1982	1983	1983	1983	1983	1983	1982	1983	1982	1983	1982	1982	1983	1983	1983	1983	1982	1982	1983	1983	1983	1983	1983	1982	1982	1983	1983	1982	1982	1983	1983	1983	1982	1983	1982	1983	1982	1982	1983	1982	1983	1982	1983	1983	1983	1983	1983	1983	1982	1983	1983	1983	1983	1982	1983	1983	1983	1983	1982	1983	1983	1983	1982	1982	1983	1983	1983	1982	1983	1983	1983	1982	1983	1983	1983	1983	1982	1982	1983	1982	1983	1982	1983	1983	1983	1983	1983	1983	1983	1983	1983	1983	1983
3988	955323	1984	1983	1984	1983	1984	1984	1983	1984	1983	1983	1984	1984	1984	1984	1984	1983	1984	1984	1983	1984	1984	1984	1984	1983	1984	1984	1984	1984	1984	1983	1983	1984	1984	1983	1983	1984	1984	1983	1983	1984	1983	1984	1984	1983	1983	1983	1984	1983	1983	1984	1984	1983	1983	1983	1984	1983	1983	1983	1983	1984	1983	1984	1983	1983	1983	1984	1983	1983	1983	1983	1983	1984	1983	1983	1984	1983	1984	1983	1983	1984	1983	1983	1983	1983	1983	1983	1983	1983	1983	1983	1983	1983	1984	1983	1983	1984	1984	1983	1984	1983	1984	1984	1983	1983	1983	1983	1983	1983	1983	1983	1983	1983	1983	1983	1983	1983	1983	1984	1984	1983	1983	1983	1984	1983	1984	1983	1983	1983
3989	955815	1984	1985	1982	1984	1984	1984	1984	1984	1984	1984	1983	1984	1983	1984	1983	1984	1984	1984	1984	1984	1984	1985	1984	1983	1983	1984	1984	1984	1984	1983	1984	1984	1984	1984	1984	1984	1984	1984	1983	1984	1983	1983	1984	1984	1984	1984	1984	1984	1984	1984	1984	1984	1984	1984	1984	1984	1984	1983	1984	1984	1984	1984	1983	1984	1983	1984	1983	1984	1984	1984	1984	1984	1984	1984	1984	1984	1984	1984	1984	1983	1984	1983	1983	1984	1984	1984	1984	1984	1983	1984	1983	1984	1983	1983	1984	1983	1983	1984	1984	1983	1983	1983	1983	1984	1984	1983	1984	1983	1983	1984	1983	1984	1983	1983	1983	1983	1983	1983	1984	1984	1984	1984	1984	1984	1984	1984	1984	1984
3990	956307	1984	1984	1985	1984	1984	1985	1984	1984	1984	1984	1985	1985	1985	1984	1985	1985	1984	1984	1984	1984	1984	1984	1984	1984	1984	1985	1984	1984	1984	1984	1985	1984	1984	1984	1984	1984	1985	1985	1985	1984	1984	1984	1984	1984	1984	1984	1984	1984	1984	1985	1984	1984	1984	1984	1984	1984	1984	1984	1984	1984	1984	1984	1984	1984	1984	1984	1984	1984	1984	1984	1984	1985	1984	1984	1984	1984	1984	1984	1985	1985	1985	1984	1984	1985	1985	1985	1984	1985	1984	1984	1985	1985	1984	1985	1985	1985	1984	1984	1985	1985	1985	1984	1984	1984	1985	1985	1984	1985	1984	1985	1985	1984	1984	1984	1984	1984	1984	1984	1984	1984	1984	1984	1984	1984	1984	1984	1984	1984
3991	956800	1984	1985	1985	1985	1985	1984	1984	1984	1984	1985	1984	1985	1984	1984	1985	1985	1984	1984	1985	1984	1985	1984	1984	1984	1984	1984	1984	1984	1984	1984	1985	1984	1984	1984	1984	1984	1984	1984	1984	1984	1984	1984	1984	1984	1984	1985	1985	1984	1984	1984	1985	1985	1984	1984	1984	1984	1985	1985	1984	1984	1985	1985	1984	1984	1985	1984	1985	1984	1985	1985	1984	1985	1984	1985	1984	1984	1984	1985	1985	1984	1984	1984	1984	1984	1984	1984	1984	1985	1984	1984	1984	1984	1984	1984	1984	1984	1984	1984	1984	1984	1985	1984	1984	1984	1984	1984	1984	1985	1985	1985	1984	1984	1984	1984	1985	1984	1984	1984	1985	1984	1985	1985	1984	1983	1984	1984	1985	1985
3992	957292	1985	1985	1985	1985	1984	1985	1985	1985	1985	1984	1985	1985	1985	1985	1984	1985	1985	1986	1985	1985	1985	1986	1986	1986	1986	1986	1986	1986	1986	1986	1986	1985	1986	1986	1985	1986	1986	1986	1986	1986	1986	1986	1986	1986	1986	1985	1986	1986	1986	1985	1985	1985	1986	1986	1986	1986	1985	1985	1985	1985	1984	1985	1985	1986	1985	1985	1985	1985	1986	1985	1985	1985	1985	1985	1984	1984	1985	1985	1984	1985	1985	1984	1985	1984	1984	1984	1985	1985	1984	1985	1985	1985	1985	1985	1985	1985	1985	1985	1985	1985	1985	1985	1985	1985	1985	1985	1985	1985	1985	1986	1985	1985	1986	1985	1986	1986	1986	1985	1985	1985	1986	1986	1986	1985	1985	1986	1985	1985
3993	957784	1985	1986	1984	1985	1985	1985	1985	1985	1986	1985	1986	1985	1986	1986	1985	1985	1986	1986	1986	1985	1986	1985	1985	1985	1985	1986	1986	1986	1986	1986	1986	1985	1986	1985	1985	1986	1986	1985	1986	1985	1987	1985	1986	1985	1985	1986	1984	1985	1985	1985	1985	1985	1986	1985	1985	1985	1985	1985	1985	1984	1986	1985	1985	1985	1984	1985	1985	1985	1986	1986	1985	1985	1985	1986	1985	1986	1986	1985	1985	1985	1985	1986	1986	1986	1986	1986	1986	1986	1986	1986	1986	1986	1986	1985	1986	1987	1986	1986	1986	1986	1986	1986	1986	1985	1986	1985	1986	1986	1985	1986	1986	1986	1986	1985	1986	1985	1986	1986	1986	1985	1985	1985	1985	1985	1985	1985	1985	1985
3994	958276	1986	1986	1986	1986	1986	1986	1986	1986	1986	1986	1986	1985	1986	1986	1986	1987	1986	1987	1986	1986	1986	1986	1987	1986	1986	1986	1986	1986	1987	1987	1986	1986	1986	1986	1986	1986	1986	1987	1987	1987	1987	1986	1987	1987	1987	1986	1986	1986	1986	1987	1986	1986	1985	1986	1987	1986	1986	1986	1986	1987	1986	1986	1985	1986	1986	1985	1986	1987	1986	1986	1986	1986	1986	1985	1987	1986	1986	1987	1986	1986	1986	1987	1986	1986	1987	1986	1987	1986	1987	1986	1986	1987	1987	1986	1986	1986	1986	1986	1986	1986	1986	1987	1986	1987	1987	1986	1987	1986	1987	1986	1986	1986	1986	1987	1986	1986	1986	1986	1986	1986	1985	1986	1985	1986	1985	1985	1985	1986
3995	958769	1987	1987	1987	1986	1987	1986	1987	1987	1987	1987	1987	1987	1987	1987	1987	1987	1986	1987	1986	1986	1987	1987	1987	1987	1987	1987	1987	1987	1987	1987	1987	1988	1987	1987	1987	1986	1988	1988	1987	1988	1987	1987	1987	1987	1987	1987	1986	1987	1987	1987	1987	1987	1987	1987	1987	1987	1987	1987	1987	1986	1987	1987	1987	1987	1986	1986	1987	1986	1986	1986	1986	1986	1987	1986	1986	1986	1987	1986	1987	1987	1986	1987	1986	1987	1986	1986	1987	1986	1987	1986	1986	1987	1986	1987	1986	1987	1987	1986	1987	1987	1987	1987	1987	1987	1987	1988	1987	1987	1988	1987	1988	1987	1987	1987	1987	1987	1988	1987	1987	1987	1987	1987	1987	1986	1987	1987	1987	1987
3996	959261	1987	1987	1987	1987	1987	1987	1987	1986	1987	1987	1987	1987	1987	1988	1987	1987	1988	1987	1987	1987	1987	1987	1987	1987	1987	1987	1988	1988	1987	1987	1987	1988	1988	1987	1988	1987	1987	1988	1987	1987	1987	1986	1987	1987	1987	1987	1987	1987	1988	1987	1987	1987	1987	1988	1988	1987	1987	1987	1988	1987	1987	1987	1986	1987	1987	1987	1987	1986	1987	1986	1986	1987	1987	1987	1986	1986	1987	1987	1987	1986	1987	1987	1987	1987	1988	1987	1987	1987	1987	1988	1986	1987	1987	1987	1987	1987	1987	1987	1988	1987	1988	1987	1987	1987	1987	1987	1987	1987	1987	1987	1988	1987	1987	1988	1987	1987	1987	1987	1987	1987	1987	1987	1987	1987	1987	1987	1987	1987
3997	959753	1987	1987	1987	1987	1987	1987	1987	1987	1987	1988	1988	1988	1987	1987	1987	1987	1988	1988	1988	1988	1988	1987	1988	1987	1988	1988	1987	1988	1987	1988	1988	1988	1988	1988	1988	1988	1988	1988	1988	1988	1988	1988	1988	1988	1988	1987	1988	1988	1988	1988	1988	1988	1988	1988	1988	1988	1988	1987	1988	1987	1988	1988	1988	1988	1988	1988	1988	1988	1988	1988	1988	1988	1988	1988	1988	1988	1988	1987	1988	1988	1988	1987	1987	1988	1988	1988	1988	1988	1988	1989	1987	1988	1988	1988	1988	1988	1988	1988	1988	1988	1988	1988	1988	1988	1988	1988	1988	1988	1988	1988	1988	1989	1988	1988	1988	1988	1988	1988	1989	1988	1988	1988	1988	1988	1988	1988	1987	1988
3998	960246	1988	1988	1988	1988	1988	1988	1988	1989	1988	1988	1989	1988	1988	1988	1988	1989	1989	1989	1989	1989	1988	1989	1989	1989	1988	1988	1988	1988	1989	1988	1988	1988	1988	1988	1988	1988	1988	1988	1988	1988	1988	1988	1988	1987	1988	1988	1988	1987	1988	1987	1988	1988	1988	1988	1987	1987	1988	1987	1988	1988	1988	1988	1988	1988	1988	1988	1987	1988	1988	1988	1988	1988	1988	1988	1989	1988	1988	1988	1988	1988	1988	1988	1988	1988	1989	1990	1988	1989	1988	1988	1988	1989	1988	1988	1988	1989	1988	1989	1987	1988	1988	1988	1988	1988	1987	1987	1988	1988	1988	1987	1988	1988	1988	1987	1988	1988	1988	1987	1988	1988	1988	1988	1988	1987	1987	1988	1988	1988
3999	960738	1989	1989	1989	1989	1989	1989	1989	1988	1989	1989	1988	1989	1989	1989	1989	1989	1989	1989	1989	1989	1988	1989	1988	1989	1989	1988	1989	1988	1988	1989	1988	1989	1989	1988	1989	1989	1989	1989	1989	1989	1988	1988	1989	1989	1989	1989	1989	1989	1989	1989	1989	1989	1989	1989	1989	1989	1988	1989	1988	1989	1989	1989	1989	1989	1989	1989	1989	1989	1990	1989	1989	1989	1989	1989	1989	1988	1988	1989	1989	1988	1988	1988	1988	1989	1988	1989	1989	1989	1989	1989	1988	1989	1988	1988	1988	1989	1988	1988	1988	1988	1988	1988	1988	1988	1988	1989	1988	1989	1988	1989	1989	1988	1989	1989	1989	1989	1989	1989	1988	1988	1988	1989	1989	1988	1989	1988	1988	1989
4000	961230	1990	1989	1989	1989	1989	1989	1989	1989	1989	1989	1989	1989	1989	1989	1989	1989	1989	1989	1989	1989	1989	1990	1989	1988	1989	1989	1989	1989	1989	1989	1989	1989	1989	1989	1989	1989	1989	1989	1989	1989	1990	1990	1989	1990	1989	1990	1989	1990	1990	1990	1990	1990	1990	1989	1989	1989	1989	1989	1989	1989	1990	1989	1989	1989	1989	1989	1989	1989	1989	1989	1989	1988	1989	1988	1989	1988	1989	1989	1989	1989	1988	1989	1989	1989	1989	1989	1989	1989	1989	1988	1989	1989	1989	1989	1990	1990	1990	1990	1990	1990	1990	1990	1990	1989	1990	1990	1990	1990	1989	1990	1989	1990	1990	1989	1990	1989	1989	1989	1990	1990	1989	1990	1989	1990	1990	1989	1990	1989
4001	961723	1990	1990	1990	1990	1990	1990	1989	1989	1989	1989	1990	1989	1990	1989	1989	1989	1989	1989	1989	1989	1989	1989	1990	1989	1990	1990	1989	1990	1989	1990	1990	1990	1990	1990	1990	1989	1991	1990	1990	1990	1990	1990	1990	1990	1990	1990	1990	1990	1990	1990	1990	1991	1990	1990	1990	1990	1990	1990	1990	1989	1990	1990	1989	1989	1990	1990	1990	1989	1989	1990	1990	1990	1990	1990	1990	1989	1990	1989	1989	1989	1989	1989	1988	1989	1989	1989	1990	1990	1989	1989	1990	1990	1990	1990	1989	1989	1989	1989	1989	1989	1990	1989	1990	1990	1989	1990	1990	1989	1989	1990	1990	1990	1989	1990	1989	1990	1990	1990	1989	1990	1989	1989	1990	1990	1989	1989	1990	1989
4002	962215	1990	1990	1990	1990	1990	1990	1989	1990	1990	1990	1990	1990	1990	1991	1991	1990	1990	1991	1990	1991	1991	1991	1991	1990	1991	1990	1991	1990	1991	1990	1990	1990	1990	1991	1990	1990	1990	1991	1991	1991	1990	1990	1990	1991	1991	1990	1990	1990	1990	1990	1990	1990	1990	1990	1990	1990	1990	1990	1990	1990	1990	1989	1990	1989	1989	1990	1990	1990	1990	1990	1991	1990	1990	1990	1990	1990	1990	1990	1990	1990	1991	1990	1990	1990	1990	1990	1990	1990	1990	1990	1990	1991	1990	1990	1991	1990	1990	1990	1991	1990	1990	1991	1990	1990	1990	1990	1990	1990	1990	1990	1990	1990	1990	1990	1990	1991	1990	1990	1989	1990	1990	1990	1990	1990	1990	1990	1990	1990
4003	962707	1990	1990	1991	1990	1991	1991	1991	1991	1991	1991	1991	1991	1990	1991	1991	1991	1990	1991	1991	1991	1991	1991	1991	1991	1991	1991	1991	1991	1991	1990	1991	1990	1991	1991	1991	1991	1991	1991	1992	1991	1991	1991	1991	1991	1991	1991	1991	1991	1991	1990	1991	1991	1991	1990	1991	1991	1990	1991	1991	1991	1990	1991	1990	1991	1991	1990	1990	1991	1990	1990	1990	1990	1990	1989	1990	1989	1990	1990	1990	1990	1990	1990	1990	1990	1990	1990	1990	1990	1990	1991	1990	1990	1991	1991	1991	1991	1990	1990	1991	1991	1991	1991	1991	1990	1990	1990	1991	1991	1991	1990	1990	1990	1990	1991	1991	1991	1990	1991	1991	1991	1991	1991	1990	1992	1990	1990	1991	1990
4004	963200	1991	1991	1991	1992	1991	1991	1991	1991	1991	1991	1991	1990	1991	1991	1991	1991	1991	1991	1991	1992	1991	1991	1991	1991	1991	1991	1991	1991	1991	1992	1991	1991	1991	1991	1991	1991	1991	1991	1992	1991	1992	1991	1991	1991	1991	1991	1991	1991	1991	1991	1991	1991	1991	1991	1991	1991	1991	1991	1991	1991	1991	1991	1991	1990	1991	1991	1991	1991	1991	1991	1990	1991	1991	1991	1991	1991	1991	1991	1991	1991	1992	1992	1991	1991	1991	1992	1991	1992	1991	1991	1991	1991	1991	1990	1991	1991	1991	1991	1991	1992	1991	1991	1991	1991	1991	1991	1991	1991	1991	1991	1991	1991	1991	1991	1991	1991	1991	1991	1991	1991	1991	1991	1991	1991	1991	1991	1991	1991
4005	963692	1991	1992	1992	1992	1992	1992	1992	1992	1992	1993	1992	1992	1992	1992	1992	1992	1992	1992	1992	1992	1991	1992	1991	1992	1992	1992	1992	1992	1992	1992	1992	1991	1991	1992	1991	1992	1991	1991	1991	1991	1991	1991	1991	1991	1991	1991	1991	1991	1992	1991	1991	1991	1991	1991	1991	1991	1991	1991	1992	1991	1992	1991	1992	1991	1991	1991	1991	1992	1992	1992	1992	1992	1992	1992	1993	1992	1992	1992	1992	1992	1992	1992	1992	1992	1992	1992	1992	1992	1992	1992	1992	1992	1992	1992	1992	1991	1992	1992	1992	1992	1992	1992	1992	1992	1992	1991	1992	1991	1992	1992	1991	1992	1991	1991	1991	1991	1991	1992	1991	1992	1991	1991	1991	1991	1991	1991	1990	1991
4006	964184	1992	1992	1991	1992	1992	1992	1993	1992	1992	1992	1992	1992	1992	1992	1992	1992	1992	1992	1991	1992	1992	1992	1992	1992	1992	1992	1992	1993	1992	1992	1992	1992	1992	1992	1992	1992	1992	1992	1992	1992	1992	1992	1992	1992	1992	1993	1992	1993	1992	1992	1992	1993	1993	1992	1992	1992	1992	1992	1992	1991	1992	1991	1992	1992	1992	1992	1992	1992	1992	1992	1992	1992	1993	1992	1992	1993	1992	1992	1992	1992	1992	1992	1991	1992	1992	1992	1992	1991	1991	1992	1992	1993	1992	1992	1992	1992	1992	1992	1992	1993	1992	1992	1992	1992	1992	1992	1992	1992	1991	1992	1992	1992	1992	1992	1992	1991	1992	1992	1992	1992	1992	1992	1992	1992	1992	1992	1992	1991
4007	964676	1993	1992	1994	1992	1992	1993	1993	1993	1992	1992	1992	1992	1993	1992	1992	1992	1992	1992	1992	1992	1992	1992	1992	1992	1992	1993	1992	1993	1992	1992	1992	1993	1993	1993	1993	1993	1993	1993	1993	1993	1993	1993	1993	1992	1993	1993	1993	1992	1994	1993	1993	1993	1993	1994	1993	1993	1993	1993	1993	1993	1993	1993	1993	1993	1993	1993	1993	1993	1993	1993	1992	1993	1993	1993	1993	1993	1992	1992	1993	1992	1992	1992	1992	1993	1992	1992	1992	1992	1992	1992	1993	1993	1993	1993	1993	1993	1993	1993	1992	1992	1993	1992	1993	1992	1992	1992	1992	1992	1992	1992	1992	1993	1993	1993	1993	1993	1993	1993	1993	1992	1993	1993	1993	1993	1993	1992	1993	1993
4008	965169	1993	1993	1993	1993	1993	1993	1993	1993	1993	1992	1994	1993	1993	1993	1993	1992	1992	1993	1993	1993	1993	1993	1993	1992	1993	1992	1993	1993	1992	1993	1992	1993	1993	1993	1993	1993	1993	1993	1993	1993	1993	1994	1993	1993	1993	1992	1993	1993	1993	1993	1993	1993	1993	1993	1993	1993	1993	1993	1994	1993	1993	1994	1993	1993	1993	1993	1994	1994	1993	1994	1993	1993	1993	1993	1993	1993	1993	1992	1993	1993	1993	1993	1993	1993	1993	1992	1993	1993	1993	1992	1992	1993	1992	1993	1992	1992	1993	1992	1993	1992	1992	1992	1992	1992	1992	1992	1993	1993	1993	1993	1992	1992	1993	1993	1993	1993	1993	1993	1993	1993	1993	1993	1993	1993	1992	1992	1992	1993
4009	965661	1993	1993	1994	1993	1994	1993	1994	1994	1993	1993	1993	1994	1994	1994	1994	1993	1994	1994	1994	1994	1994	1994	1994	1994	1993	1994	1993	1993	1993	1994	1993	1994	1994	1993	1993	1994	1994	1994	1994	1994	1993	1994	1993	1994	1994	1993	1994	1994	1994	1994	1993	1994	1993	1993	1994	1993	1993	1994	1993	1994	1994	1994	1994	1994	1994	1994	1993	1994	1994	1994	1994	1994	1994	1993	1994	1994	1994	1993	1994	1993	1993	1993	1993	1994	1993	1994	1993	1994	1994	1993	1994	1994	1994	1994	1994	1993	1993	1993	1994	1993	1993	1993	1993	1993	1993	1993	1993	1993	1993	1993	1993	1993	1993	1993	1993	1993	1993	1993	1993	1993	1993	1992	1993	1993	1993	1993	1993	1993
4010	966153	1994	1994	1994	1994	1994	1994	1995	1994	1994	1994	1994	1994	1993	1994	1994	1994	1994	1994	1994	1994	1994	1994	1995	1993	1994	1994	1994	1994	1994	1994	1994	1994	1994	1994	1994	1995	1994	1994	1994	1994	1994	1994	1994	1994	1994	1993	1993	1994	1994	1994	1994	1993	1993	1994	1993	1994	1994	1994	1995	1994	1994	1994	1994	1994	1994	1994	1993	1994	1994	1994	1993	1994	1993	1993	1994	1994	1993	1993	1993	1994	1994	1994	1994	1994	1993	1993	1993	1993	1993	1993	1993	1993	1993	1993	1994	1993	1994	1993	1994	1994	1994	1994	1994	1993	1994	1993	1994	1995	1995	1995	1995	1995	1994	1994	1994	1994	1995	1994	1994	1995	1994	1995	1995	1994	1994	1995	1994	1995
4011	966646	1995	1995	1995	1995	1995	1994	1995	1993	1995	1995	1995	1994	1995	1995	1995	1995	1995	1995	1995	1995	1995	1995	1995	1995	1995	1995	1996	1994	1996	1994	1995	1995	1995	1994	1994	1995	1994	1994	1995	1995	1995	1995	1995	1996	1995	1994	1994	1995	1994	1994	1995	1994	1994	1994	1994	1994	1994	1994	1994	1994	1994	1994	1994	1993	1994	1994	1994	1994	1994	1994	1995	1995	1995	1995	1994	1994	1994	1994	1995	1994	1994	1994	1994	1995	1995	1995	1995	1995	1995	1995	1995	1995	1994	1995	1995	1994	1995	1995	1995	1995	1995	1995	1995	1994	1994	1994	1995	1994	1994	1995	1994	1994	1995	1994	1995	1995	1995	1995	1995	1995	1994	1995	1994	1994	1994	1994	1995	1994
4012	967138	1995	1995	1994	1995	1995	1995	1995	1994	1995	1994	1994	1994	1995	1995	1995	1994	1994	1995	1995	1995	1995	1995	1994	1994	1995	1995	1994	1994	1994	1995	1995	1995	1995	1995	1996	1996	1995	1995	1995	1995	1995	1996	1995	1995	1995	1995	1995	1995	1996	1995	1995	1995	1995	1995	1995	1995	1996	1996	1996	1995	1995	1996	1996	1995	1995	1995	1995	1995	1995	1995	1995	1995	1995	1995	1994	1995	1996	1996	1996	1994	1995	1996	1995	1995	1995	1994	1995	1995	1996	1996	1995	1995	1995	1995	1995	1994	1995	1995	1996	1995	1995	1995	1995	1995	1995	1995	1996	1996	1995	1996	1996	1995	1995	1996	1995	1995	1995	1995	1995	1995	1996	1995	1996	1996	1996	1996	1995	1996
4013	967630	1995	1996	1996	1996	1997	1996	1996	1996	1996	1996	1996	1996	1995	1996	1995	1996	1996	1996	1995	1996	1995	1995	1996	1995	1995	1996	1995	1995	1995	1995	1995	1995	1995	1995	1995	1995	1995	1995	1995	1995	1995	1995	1995	1996	1995	1995	1995	1995	1995	1995	1996	1995	1996	1995	1995	1995	1995	1995	1995	1995	1996	1995	1996	1995	1995	1995	1995	1996	1996	1996	1995	1995	1995	1995	1996	1996	1996	1995	1996	1996	1995	1995	1996	1996	1996	1995	1995	1996	1996	1995	1996	1995	1996	1996	1996	1996	1996	1996	1996	1996	1996	1995	1995	1995	1996	1995	1995	1995	1995	1996	1995	1996	1996	1996	1995	1996	1996	1995	1995	1996	1995	1995	1996	1996	1995	1996	1996	1995
4014	968123	1996	1997	1996	1996	1996	1996	1996	1995	1996	1997	1996	1997	1996	1997	1996	1996	1997	1996	1997	1996	1997	1997	1996	1996	1996	1996	1996	1997	1996	1996	1996	1996	1996	1996	1996	1997	1997	1996	1997	1997	1997	1997	1996	1996	1996	1996	1996	1996	1996	1995	1996	1996	1996	1996	1996	1997	1996	1996	1995	1996	1996	1996	1996	1996	1996	1995	1996	1996	1996	1996	1996	1996	1996	1996	1995	1996	1996	1996	1996	1995	1996	1996	1996	1996	1997	1996	1997	1997	1997	1997	1997	1996	1997	1996	1996	1996	1996	1997	1997	1997	1996	1996	1996	1995	1996	1996	1996	1997	1996	1996	1996	1996	1997	1996	1996	1994	1996	1996	1996	1996	1996	1996	1996	1996	1996	1996	1996	1995
4015	968615	1996	1996	1997	1996	1997	1996	1997	1996	1996	1997	1996	1996	1996	1997	1997	1997	1996	1997	1997	1997	1997	1997	1997	1997	1997	1997	1997	1997	1997	1997	1997	1998	1997	1998	1997	1998	1997	1998	1997	1997	1997	1998	1997	1997	1997	1997	1997	1997	1997	1997	1997	1997	1996	1996	1996	1996	1997	1996	1996	1996	1996	1996	1996	1996	1996	1996	1996	1996	1996	1996	1996	1996	1996	1995	1996	1996	1996	1996	1996	1997	1996	1996	1996	1996	1996	1996	1996	1996	1996	1996	1996	1997	1998	1997	1996	1997	1996	1996	1997	1997	1997	1997	1997	1996	1997	1997	1997	1997	1997	1997	1997	1997	1997	1997	1997	1998	1997	1997	1997	1997	1997	1996	1996	1997	1997	1997	1997	1996
4016	969107	1997	1997	1997	1997	1997	1997	1998	1997	1997	1998	1997	1997	1997	1996	1997	1996	1997	1997	1997	1997	1997	1997	1997	1997	1997	1997	1997	1997	1997	1997	1996	1996	1996	1997	1997	1997	1997	1997	1998	1997	1998	1998	1997	1998	1998	1998	1997	1998	1998	1999	1998	1998	1997	1998	1998	1997	1998	1997	1997	1998	1997	1998	1997	1998	1998	1997	1998	1997	1997	1997	1997	1997	1996	1996	1996	1996	1997	1996	1996	1996	1997	1996	1996	1997	1996	1997	1996	1997	1997	1997	1997	1997	1997	1997	1997	1998	1997	1997	1997	1997	1998	1997	1997	1997	1997	1997	1997	1997	1996	1997	1997	1997	1997	1997	1997	1997	1997	1997	1997	1998	1997	1997	1997	1997	1998	1997	1997	1997
4017	969600	1997	1998	1997	1997	1997	1998	1997	1997	1997	1997	1997	1998	1998	1998	1998	1998	1998	1998	1998	1998	1998	1998	1998	1998	1998	1998	1998	1998	1998	1998	1998	1998	1997	1998	1997	1998	1997	1998	1998	1997	1998	1998	1998	1998	1998	1998	1998	1998	1998	1998	1998	1998	1998	1998	1998	1998	1998	1997	1998	1998	1998	1997	1998	1998	1997	1998	1998	1998	1998	1998	1998	1997	1998	1997	1998	1997	1997	1998	1997	1997	1997	1997	1997	1996	1997	1997	1997	1998	1996	1997	1997	1997	1998	1997	1997	1996	1997	1997	1997	1998	1997	1997	1997	1997	1997	1997	1997	1997	1997	1997	1997	1997	1997	1997	1997	1997	1998	1997	1997	1997	1997	1998	1997	1998	1998	1997	1997	1997
4018	970092	1998	1998	1998	1998	1998	1998	1998	1998	1998	1999	1999	1998	1998	1999	1998	1998	1998	1998	1998	1998	1998	1998	1998	1998	1998	1998	1999	1997	1998	1998	1998	1998	1997	1998	1998	1997	1998	1998	1997	1998	1998	1998	1998	1998	1998	1999	1998	1998	1998	1998	1998	1998	1998	1998	1998	1998	1998	1998	1998	1998	1998	1998	1999	1998	1998	1998	1999	1998	1998	1998	1998	1998	1998	1998	1998	1998	1998	1998	1998	1998	1998	1999	1998	1998	1998	1998	1998	1998	1998	1998	1998	1998	1998	1998	1998	1997	1998	1998	1997	1998	1998	1998	1998	1998	1997	1997	1998	1998	1998	1997	1998	1998	1997	1998	1998	1998	1998	1998	1998	1998	1998	1998	1998	1998	1998	1998	1999	1997
4019	970584	1999	1998	1999	1999	2000	1999	1999	1999	1999	1999	1999	1999	1999	1999	1999	1999	1998	1999	1998	1999	1999	1999	1999	1998	1999	1998	1998	1999	1998	1999	1999	1999	1999	1998	1999	1999	1999	1998	1998	1998	1998	1998	1996	1998	1998	1998	1998	1999	1998	1998	1998	1998	1999	1998	1998	1998	1999	1998	1999	1999	1998	1999	1998	1998	1999	1998	1998	1998	1998	1998	1998	1998	1998	1998	1997	1997	1998	1998	1998	1998	1998	1998	1998	1999	1999	1998	1999	1999	1999	1998	1998	1998	1999	1999	1998	1998	1998	1998	1999	1998	1999	1998	1998	1998	1998	1999	1999	1999	1999	1999	1999	1998	1998	1999	1998	1999	1999	1998	1999	1998	1999	1999	1998	1999	1998	1999	1998	1999
4020	971076	1998	1998	1999	2000	1999	1999	1999	1998	1999	1999	1998	1999	1998	1998	1998	1999	1999	1999	1998	1999	1999	1998	1999	1999	1999	1999	1999	1999	1999	1999	1999	1999	1999	1999	1999	1999	1999	1999	1999	1999	1999	1998	1999	1999	2000	1999	1999	1999	1999	1999	1999	1999	1999	1999	1999	1999	1999	1999	1999	1999	2000	1999	1998	1999	1999	1999	1999	1999	1999	1999	1999	1999	1999	1999	1998	1999	1999	1998	1999	1998	1999	1999	1999	1999	1999	1999	1999	1999	1999	1999	1999	1999	1998	1999	1998	1998	1999	1999	1999	1999	1999	1999	1999	1999	1999	1999	1999	1999	1999	1999	1999	1999	1999	1998	1999	1999	1998	1999	1999	1999	1999	1999	1999	1999	1999	1999	1998	1999
4021	971569	1999	1999	1999	1999	2000	2000	1999	2000	2000	2000	2000	2001	2000	1999	2000	2000	2000	2000	2000	2000	2000	1999	2000	2000	2000	1999	2000	2000	2000	2000	2000	2000	2000	2000	2000	2000	2000	1999	2000	1999	1999	2000	2000	2000	2000	1999	1999	1999	1999	1998	1999	1999	1999	1999	2000	1999	1999	1999	1999	2000	1999	2000	2000	2000	1999	2000	2000	2000	2001	2000	2000	1999	2000	2000	1999	2000	2000	2000	2000	1999	2000	2000	2000	2000	2000	2000	1999	2000	2000	2000	2000	1999	2000	2000	2000	2000	2000	1999	1999	1999	1999	2000	2000	2000	2000	2000	2000	2000	2000	2000	1999	2000	2000	2000	1999	2000	1999	1999	2000	1999	1999	1999	2000	1999	1999	2000	1999	2000
4022	972061	2000	2000	2000	2000	2000	2000	2000	2000	2000	2000	2000	2000	2000	2000	2000	2000	2000	2000	2000	2000	2000	2001	2000	2000	2000	2000	2000	2000	2000	2000	2000	2000	2001	2000	2000	1999	2000	2000	2000	2000	2000	2000	1999	1999	2000	2000	2000	1999	2000	1999	1999	1999	2000	2000	2000	2000	1999	2000	2000	2000	2000	2000	2000	2001	2000	2000	2000	2000	2001	2000	2000	2000	2000	2000	2001	2000	2000	2000	2000	2001	2000	2000	2000	2000	2001	2000	2001	2000	2000	2001	2000	2000	2000	2000	2001	2001	2000	2000	2000	2001	2000	2000	2000	2000	2000	2001	2000	2000	2000	2000	2000	2000	2000	2000	2000	2000	2000	2000	2000	2000	2000	2000	2000	1999	1999	2000	1999	2000
4023	972553	2001	2001	2000	2001	2000	2000	2001	2000	2001	2000	2001	2000	2001	2001	2000	2000	2000	2001	2001	2000	2001	2000	2000	2001	2000	2000	2001	2000	2000	2000	2000	2001	2000	2000	2000	2000	2000	2001	2001	2001	2000	2000	2001	2001	2000	2001	2001	2001	2001	2001	2001	2001	2001	2000	2001	2001	2000	2000	2000	2001	2001	2000	2000	2001	2001	2000	2000	2000	2000	2001	2000	2000	2000	2000	2000	2000	2000	2000	2000	2000	2000	2000	2000	2000	2000	2000	2000	2000	2001	2000	2000	2000	2000	2000	2001	2001	2001	2001	2001	2000	2001	2000	2000	2000	2001	2000	2001	2000	2000	2001	2000	2001	2001	2001	2001	2001	2001	2001	2001	2000	2000	2001	2000	2000	2001	2001	2001	2000
4024	973046	2000	2000	2000	2000	2000	2001	2000	2000	2000	2000	2001	2000	2000	2000	2000	2000	2001	2000	2000	2000	2001	2001	2000	2001	2000	2001	2001	2001	2001	2000	2001	2001	2001	2001	2001	2001	2002	2002	2001	2001	2001	2001	2002	2002	2002	2001	2002	2002	2001	2002	2001	2002	2002	2001	2001	2001	2001	2002	2001	2001	2001	2002	2001	2001	2001	2002	2001	2001	2002	2001	2001	2001	2001	2001	2001	2001	2001	2001	2001	2001	2001	2001	2001	2001	2001	2000	2001	2001	2000	2001	2001	2001	2001	2001	2001	2001	2002	2001	2001	2001	2001	2002	2001	2001	2001	2000	2001	2001	2001	2002	2001	2001	2001	2002	2000	2001	2001	2001	2000	2001	2001	2001	2000	2001	2000	2000	2001	2000
4025	973538	2001	2002	2001	2001	2002	2001	2002	2002	2002	2002	2001	2002	2002	2001	2001	2002	2002	2002	2002	2002	2002	2002	2002	2002	2002	2002	2002	2002	2002	2002	2002	2002	2002	2002	2002	2002	2002	2001	2002	2002	2002	2002	2002	2001	2001	2002	2002	2002	2002	2001	2002	2002	2002	2002	2001	2001	2001	2001	2001	2001	2001	2001	2001	2002	2002	2001	2002	2001	2001	2001	2001	2001	2001	2001	2001	2001	2001	2001	2001	2002	2001	2001	2002	2001	2001	2002	2002	2001	2001	2001	2001	2002	2002	2001	2002	2001	2002	2002	2001	2001	2002	2002	2002	2002	2002	2002	2002	2002	2002	2002	2002	2002	2002	2001	2002	2001	2001	2002	2001	2001	2002	2001	2002	2002	2001	2001	2001	2001
4026	974030	2002	2002	2002	2002	2002	2001	2002	2002	2002	2002	2002	2002	2001	2002	2002	2002	2002	2002	2002	2002	2002	2002	2002	2002	2002	2002	2002	2002	2001	2002	2002	2002	2002	2002	2002	2002	2002	2001	2002	2002	2002	2000	2002	2001	2002	2002	2001	2002	2002	2003	2002	2002	2003	2002	2002	2001	2002	2003	2002	2002	2002	2002	2002	2002	2002	2002	2002	2002	2002	2002	2002	2002	2002	2002	2002	2003	2002	2002	2002	2002	2002	2002	2002	2002	2002	2002	2002	2002	2002	2003	2002	2002	2002	2002	2003	2002	2002	2002	2002	2002	2002	2002	2001	2001	2002	2002	2001	2001	2002	2002	2002	2002	2002	2002	2002	2002	2002	2001	2001	2002	2002	2001	2001	2002	2001	2002	2002	2001
4027	974523	2002	2002	2002	2003	2002	2003	2002	2001	2002	2002	2003	2003	2002	2002	2001	2003	2002	2002	2002	2002	2002	2002	2002	2002	2002	2002	2003	2002	2002	2002	2002	2003	2002	2003	2002	2002	2003	2002	2002	2002	2002	2002	2003	2003	2003	2002	2003	2002	2002	2003	2003	2003	2002	2003	2003	2003	2003	2003	2003	2002	2003	2002	2003	2003	2002	2002	2002	2002	2002	2002	2003	2002	2002	2002	2002	2002	2002	2003	2002	2002	2003	2002	2002	2002	2002	2002	2002	2002	2002	2002	2002	2001	2002	2002	2002	2001	2002	2002	2002	2003	2002	2002	2002	2003	2003	2002	2003	2002	2002	2003	2002	2003	2002	2002	2003	2003	2003	2002	2003	2002	2003	2003	2002	2003	2003	2003	2003	2003
4028	975015	2003	2004	2003	2003	2003	2003	2003	2003	2003	2003	2002	2003	2003	2003	2003	2003	2003	2004	2004	2004	2004	2004	2004	2004	2003	2003	2004	2003	2003	2003	2004	2003	2003	2003	2003	2003	2003	2003	2002	2003	2003	2003	2003	2003	2003	2003	2003	2003	2003	2002	2002	2002	2003	2003	2003	2003	2003	2003	2003	2002	2003	2002	2003	2003	2003	2003	2002	2002	2002	2002	2003	2003	2002	2003	2003	2003	2003	2003	2003	2003	2002	2003	2002	2003	2003	2003	2003	2003	2004	2003	2003	2003	2003	2003	2003	2004	2003	2003	2003	2003	2003	2003	2003	2004	2003	2003	2002	2003	2003	2003	2003	2003	2004	2004	2003	2003	2003	2003	2003	2003	2003	2003	2003	2002	2003	2002	2003	2003
4029	975507	2003	2003	2004	2003	2004	2004	2004	2004	2004	2004	2004	2004	2004	2004	2004	2004	2004	2003	2004	2004	2003	2003	2004	2004	2004	2004	2004	2004	2004	2004	2003	2003	2003	2004	2003	2004	2004	2003	2003	2003	2003	2003	2003	2003	2003	2003	2003	2003	2002	2003	2004	2004	2004	2004	2004	2004	2004	2004	2004	2004	2004	2004	2004	2004	2004	2004	2003	2004	2004	2003	2004	2003	2004	2004	2004	2004	2004	2004	2004	2004	2004	2004	2005	2004	2004	2004	2004	2004	2004	2003	2003	2003	2003	2004	2004	2003	2003	2003	2003	2003	2004	2004	2003	2003	2004	2003	2004	2003	2003	2003	2003	2003	2003	2003	2003	2003	2003	2003	2003	2003	2003	2003	2003	2003	2003	2003	2002	2003
4030	976000	2004	2005	2005	2004	2005	2004	2004	2004	2004	2004	2004	2005	2004	2004	2004	2004	2004	2004	2004	2004	2004	2004	2005	2004	2004	2004	2004	2004	2004	2004	2004	2004	2004	2004	2004	2004	2004	2004	2004	2004	2004	2004	2004	2004	2004	2004	2004	2004	2004	2004	2004	2004	2003	2004	2004	2004	2004	2003	2005	2004	2003	2004	2004	2004	2004	2004	2004	2003	2004	2004	2004	2004	2004	2004	2004	2004	2005	2004	2004	2004	2004	2005	2004	2004	2003	2004	2005	2004	2004	2004	2005	2004	2004	2004	2004	2004	2005	2004	2005	2004	2004	2005	2004	2004	2004	2004	2004	2004	2004	2004	2004	2004	2004	2004	2004	2004	2004	2004	2004	2004	2004	2004	2004	2004	2004	2004	2004	2003
4031	976492	2005	2005	2005	2005	2004	2005	2004	2005	2005	2005	2005	2005	2005	2005	2005	2005	2005	2005	2005	2005	2005	2005	2005	2004	2004	2004	2004	2004	2004	2003	2004	2003	2004	2004	2004	2004	2004	2004	2004	2004	2005	2004	2005	2004	2004	2004	2004	2004	2004	2004	2004	2004	2005	2004	2004	2005	2004	2005	2005	2004	2005	2005	2005	2004	2004	2005	2004	2004	2004	2004	2004	2004	2005	2004	2004	2004	2004	2004	2004	2004	2004	2004	2005	2004	2005	2004	2004	2005	2004	2005	2004	2004	2005	2004	2004	2004	2005	2004	2005	2005	2004	2005	2005	2004	2004	2004	2004	2004	2004	2004	2004	2004	2004	2004	2004	2004	2004	2004	2005	2004	2004	2004	2004	2004	2005	2004	2004	2004
4032	976984	2005	2005	2005	2005	2005	2005	2005	2005	2005	2005	2005	2005	2005	2005	2005	2005	2005	2005	2005	2005	2004	2005	2006	2005	2005	2006	2005	2005	2005	2005	2005	2005	2005	2005	2005	2005	2005	2005	2005	2005	2005	2005	2005	2004	2004	2005	2005	2005	2005	2005	2004	2005	2004	2004	2005	2004	2005	2005	2005	2005	2005	2005	2005	2005	2004	2004	2005	2005	2005	2005	2005	2006	2004	2005	2004	2005	2005	2005	2005	2005	2005	2005	2005	2006	2006	2006	2005	2005	2004	2005	2005	2005	2006	2005	2005	2005	2005	2005	2005	2006	2005	2005	2006	2006	2005	2005	2004	2005	2005	2005	2005	2006	2005	2005	2005	2005	2006	2005	2004	2005	2005	2005	2005	2005	2005	2006	2005	2005
4033	977476	2005	2005	2005	2006	2005	2006	2006	2005	2006	2006	2006	2006	2005	2006	2005	2005	2005	2005	2005	2005	2005	2005	2005	2005	2005	2005	2005	2005	2006	2005	2005	2005	2005	2005	2005	2005	2005	2006	2005	2005	2006	2006	2006	2005	2005	2006	2006	2005	2005	2005	2005	2005	2005	2005	2006	2006	2005	2005	2005	2005	2006	2005	2006	2006	2006	2006	2005	2006	2006	2005	2006	2005	2006	2005	2006	2006	2006	2006	2005	2006	2005	2006	2006	2005	2005	2006	2006	2006	2006	2006	2006	2005	2005	2006	2006	2006	2006	2006	2006	2006	2005	2006	2006	2006	2006	2006	2006	2006	2006	2006	2005	2006	2006	2006	2006	2006	2006	2006	2006	2007	2006	2006	2006	2006	2006	2006	2006	2006
4034	977969	2006	2006	2006	2006	2006	2005	2005	2006	2006	2006	2005	2006	2006	2006	2006	2006	2005	2005	2006	2006	2006	2006	2006	2006	2006	2006	2005	2006	2006	2006	2006	2006	2006	2006	2007	2006	2007	2007	2007	2006	2006	2006	2006	2006	2006	2006	2006	2007	2006	2006	2006	2006	2007	2006	2006	2007	2007	2006	2006	2006	2006	2006	2006	2006	2006	2006	2006	2006	2006	2006	2006	2006	2006	2006	2006	2006	2006	2006	2006	2006	2006	2006	2006	2006	2006	2006	2006	2005	2006	2006	2007	2006	2006	2006	2005	2006	2006	2006	2006	2006	2006	2006	2005	2006	2006	2006	2006	2006	2006	2006	2006	2006	2006	2007	2006	2006	2006	2006	2007	2006	2006	2006	2006	2006	2006	2006	2005	2006
4035	978461	2006	2007	2006	2005	2007	2007	2007	2006	2007	2007	2006	2007	2006	2007	2007	2007	2007	2007	2007	2007	2007	2007	2007	2007	2007	2007	2007	2007	2007	2007	2007	2007	2007	2006	2006	2006	2006	2006	2006	2006	2006	2006	2006	2006	2006	2006	2006	2007	2006	2006	2006	2006	2005	2006	2006	2006	2006	2006	2006	2006	2006	2006	2006	2006	2006	2006	2006	2006	2005	2006	2006	2006	2006	2006	2006	2006	2007	2006	2007	2006	2007	2007	2006	2006	2006	2007	2007	2006	2007	2006	2006	2007	2006	2007	2006	2006	2006	2006	2006	2006	2006	2006	2007	2006	2007	2007	2006	2006	2007	2007	2006	2006	2007	2007	2006	2006	2006	2006	2006	2006	2006	2006	2007	2006	2006	2006	2006	2007
4036	978953	2007	2007	2007	2007	2007	2007	2007	2007	2007	2007	2007	2007	2007	2007	2006	2007	2007	2007	2006	2007	2006	2006	2006	2007	2006	2007	2007	2007	2007	2006	2007	2007	2007	2007	2007	2007	2007	2006	2007	2006	2007	2007	2007	2007	2007	2007	2007	2007	2007	2007	2007	2007	2007	2007	2007	2007	2008	2007	2007	2007	2007	2007	2007	2007	2007	2007	2007	2007	2007	2007	2007	2007	2007	2007	2007	2006	2007	2007	2007	2007	2007	2006	2006	2007	2007	2007	2007	2008	2007	2007	2007	2007	2008	2007	2007	2007	2007	2007	2007	2007	2007	2007	2007	2007	2007	2008	2007	2008	2007	2007	2007	2007	2007	2007	2007	2007	2007	2007	2007	2007	2007	2007	2006	2007	2007	2006	2007	2007
4037	979446	2008	2008	2008	2008	2008	2007	2008	2008	2007	2007	2007	2007	2007	2007	2007	2007	2007	2007	2007	2007	2007	2007	2007	2008	2008	2007	2007	2006	2007	2007	2006	2006	2006	2007	2007	2007	2007	2007	2007	2008	2007	2007	2007	2007	2007	2008	2007	2007	2008	2007	2007	2008	2007	2007	2006	2008	2007	2007	2007	2007	2008	2007	2007	2007	2008	2007	2008	2008	2008	2008	2008	2008	2008	2008	2008	2008	2008	2008	2008	2008	2008	2007	2008	2007	2008	2006	2007	2007	2007	2008	2007	2007	2008	2007	2008	2007	2007	2008	2007	2007	2008	2007	2007	2007	2007	2007	2007	2007	2007	2007	2007	2007	2008	2007	2007	2007	2007	2007	2007	2008	2007	2007	2007	2007	2008	2008	2008	2007
4038	979938	2008	2007	2007	2007	2007	2008	2008	2007	2008	2007	2008	2007	2007	2008	2008	2007	2007	2008	2007	2008	2007	2008	2008	2007	2008	2008	2007	2007	2007	2008	2008	2007	2008	2008	2008	2008	2008	2008	2008	2009	2008	2008	2008	2008	2008	2008	2008	2008	2008	2008	2007	2008	2008	2008	2008	2008	2008	2008	2007	2008	2008	2008	2008	2008	2008	2008	2008	2008	2008	2008	2008	2007	2008	2008	2007	2008	2007	2008	2008	2007	2008	2008	2007	2007	2007	2007	2007	2008	2008	2008	2008	2008	2008	2008	2008	2008	2008	2008	2008	2008	2008	2009	2008	2008	2008	2008	2008	2008	2008	2009	2008	2008	2008	2008	2008	2008	2009	2008	2008	2008	2008	2008	2008	2008	2008	2008	2009	2008
4039	980430	2009	2010	2009	2009	2009	2009	2009	2009	2008	2009	2009	2008	2008	2009	2009	2009	2009	2008	2009	2009	2008	2008	2009	2009	2009	2009	2008	2009	2008	2008	2009	2008	2009	2008	2008	2008	2008	2009	2008	2008	2009	2009	2008	2008	2008	2009	2008	2008	2009	2009	2008	2009	2009	2009	2009	2008	2008	2008	2009	2008	2008	2008	2009	2009	2008	2008	2009	2009	2008	2008	2009	2009	2008	2009	2008	2008	2008	2009	2008	2008	2008	2008	2008	2008	2008	2008	2008	2008	2008	2008	2008	2008	2008	2008	2008	2008	2007	2008	2008	2008	2008	2008	2008	2008	2008	2008	2008	2008	2008	2008	2008	2008	2008	2008	2008	2007	2009	2008	2008	2008	2009	2008	2008	2008	2009	2008	2008	2008
4040	980923	2009	2009	2009	2009	2009	2009	2009	2009	2010	2009	2011	2009	2009	2009	2009	2009	2009	2009	2009	2009	2009	2009	2009	2009	2009	2009	2009	2009	2009	2008	2009	2009	2009	2009	2008	2008	2009	2008	2008	2008	2008	2008	2008	2009	2009	2008	2009	2009	2009	2009	2009	2009	2008	2010	2008	2008	2009	2008	2008	2009	2009	2009	2009	2009	2009	2009	2009	2010	2009	2009	2008	2008	2009	2009	2009	2009	2009	2009	2009	2010	2009	2009	2009	2009	2009	2009	2009	2009	2009	2010	2010	2009	2009	2010	2009	2009	2009	2009	2009	2009	2009	2009	2009	2009	2009	2009	2010	2009	2009	2008	2009	2009	2009	2009	2009	2009	2009	2009	2009	2009	2009	2009	2009	2009	2009	2009	2009	2008
4041	981415	2009	2010	2009	2009	2010	2009	2010	2009	2009	2009	2009	2009	2009	2009	2009	2010	2010	2009	2010	2009	2010	2010	2010	2010	2010	2009	2010	2009	2010	2009	2010	2010	2009	2009	2009	2009	2009	2009	2009	2009	2009	2009	2009	2010	2009	2010	2009	2009	2009	2009	2010	2009	2010	2010	2009	2009	2010	2009	2009	2010	2009	2008	2009	2008	2009	2009	2009	2009	2009	2009	2009	2009	2009	2009	2010	2008	2010	2009	2009	2010	2009	2010	2009	2009	2009	2009	2009	2009	2009	2009	2009	2009	2009	2009	2009	2009	2009	2010	2010	2010	2009	2010	2009	2009	2009	2009	2009	2009	2009	2009	2009	2009	2009	2009	2009	2009	2009	2009	2010	2010	2009	2009	2009	2010	2009	2009	2010	2009
4042	981907	2010	2010	2010	2010	2010	2010	2011	2010	2009	2010	2010	2010	2010	2010	2010	2010	2010	2010	2011	2010	2011	2010	2010	2010	2010	2010	2010	2010	2010	2010	2010	2010	2010	2010	2010	2010	2009	2010	2009	2010	2010	2009	2009	2010	2010	2010	2009	2009	2010	2009	2010	2009	2009	2009	2009	2009	2010	2010	2009	2010	2009	2011	2009	2010	2010	2009	2009	2010	2010	2010	2010	2010	2009	2010	2010	2010	2010	2010	2010	2010	2010	2010	2010	2010	2010	2009	2010	2009	2010	2010	2010	2010	2010	2010	2010	2010	2010	2010	2010	2009	2011	2010	2010	2010	2010	2010	2010	2009	2010	2010	2009	2009	2009	2009	2009	2010	2009	2009	2010	2009	2010	2009	2009	2009	2009	2009	2009	2009
4043	982400	2011	2011	2011	2011	2011	2011	2010	2010	2010	2010	2009	2010	2011	2010	2010	2010	2010	2010	2011	2010	2011	2010	2010	2010	2010	2010	2009	2010	2010	2011	2010	2010	2010	2010	2010	2010	2010	2010	2010	2010	2010	2010	2010	2010	2010	2010	2010	2010	2011	2010	2010	2011	2010	2011	2010	2010	2011	2010	2010	2011	2010	2010	2010	2011	2010	2010	2010	2010	2010	2009	2010	2010	2010	2010	2010	2010	2010	2010	2010	2010	2010	2010	2010	2009	2009	2009	2009	2010	2010	2010	2009	2010	2010	2009	2009	2010	2010	2010	2009	2009	2010	2009	2010	2010	2010	2010	2010	2010	2010	2010	2010	2010	2010	2010	2009	2010	2009	2010	2010	2010	2010	2011	2011	2010	2010	2010	2011	2010
4044	982892	2011	2011	2010	2010	2010	2011	2010	2011	2011	2011	2011	2011	2011	2010	2011	2010	2011	2011	2011	2011	2011	2012	2011	2011	2011	2011	2011	2011	2011	2011	2011	2010	2010	2011	2011	2011	2011	2011	2011	2011	2012	2012	2011	2011	2011	2011	2010	2010	2011	2010	2011	2011	2011	2011	2010	2011	2010	2010	2011	2010	2011	2011	2011	2011	2010	2011	2011	2011	2011	2011	2011	2010	2012	2011	2011	2011	2010	2011	2011	2011	2011	2010	2011	2011	2011	2011	2011	2011	2011	2011	2011	2011	2011	2011	2011	2012	2011	2012	2011	2012	2011	2011	2011	2011	2011	2011	2011	2010	2011	2011	2010	2011	2011	2011	2011	2011	2012	2011	2010	2011	2010	2011	2010	2011	2011	2011	2010	2011
4045	983384	2010	2011	2011	2011	2012	2012	2012	2012	2011	2012	2012	2012	2012	2012	2012	2012	2012	2012	2012	2012	2011	2012	2011	2012	2012	2012	2012	2012	2012	2011	2011	2012	2012	2012	2012	2012	2012	2012	2012	2012	2012	2012	2011	2012	2011	2012	2011	2011	2011	2011	2011	2011	2011	2011	2011	2011	2011	2011	2011	2012	2012	2012	2012	2011	2011	2012	2011	2011	2012	2011	2011	2012	2011	2011	2011	2011	2011	2012	2011	2012	2012	2012	2012	2011	2012	2012	2012	2012	2011	2012	2011	2011	2011	2011	2011	2012	2012	2011	2011	2012	2011	2011	2011	2011	2011	2010	2011	2011	2011	2011	2012	2012	2011	2011	2011	2011	2011	2011	2011	2011	2011	2011	2010	2011	2011	2011	2011	2011
4046	983876	2012	2011	2012	2011	2011	2010	2012	2012	2012	2012	2012	2012	2012	2012	2012	2011	2012	2012	2012	2012	2011	2012	2012	2012	2012	2012	2012	2012	2012	2012	2012	2011	2012	2012	2012	2011	2012	2011	2011	2012	2011	2012	2011	2013	2012	2011	2011	2011	2012	2011	2012	2012	2012	2012	2011	2012	2011	2011	2012	2011	2012	2012	2012	2012	2012	2012	2012	2011	2012	2012	2012	2012	2012	2012	2012	2012	2012	2012	2012	2012	2012	2011	2012	2012	2013	2012	2013	2012	2012	2012	2012	2012	2011	2012	2012	2011	2012	2011	2012	2012	2013	2012	2012	2012	2011	2012	2011	2012	2012	2012	2012	2012	2012	2012	2011	2012	2011	2012	2012	2012	2012	2011	2011	2012	2012	2012	2012	2012
4047	984369	2012	2013	2013	2013	2012	2012	2013	2013	2012	2012	2012	2013	2013	2012	2013	2013	2013	2012	2013	2012	2012	2013	2012	2012	2012	2012	2012	2012	2012	2012	2012	2012	2012	2013	2012	2012	2012	2012	2012	2012	2012	2012	2012	2013	2013	2013	2012	2012	2013	2012	2013	2013	2013	2013	2013	2013	2012	2013	2013	2013	2013	2013	2013	2012	2013	2012	2013	2013	2013	2013	2013	2013	2012	2013	2013	2013	2012	2013	2012	2013	2012	2013	2012	2012	2012	2012	2012	2012	2013	2012	2012	2013	2012	2012	2012	2012	2012	2012	2012	2012	2012	2012	2012	2012	2012	2012	2012	2012	2012	2012	2013	2012	2012	2013	2013	2012	2012	2013	2013	2012	2013	2013	2013	2013	2012	2013	2013	2013
4048	984861	2013	2013	2014	2013	2013	2013	2014	2013	2013	2013	2013	2013	2013	2013	2013	2013	2013	2013	2013	2013	2013	2013	2013	2013	2013	2014	2014	2014	2013	2014	2013	2012	2013	2012	2012	2013	2012	2012	2012	2012	2013	2012	2013	2012	2013	2013	2013	2013	2012	2012	2013	2012	2012	2013	2012	2013	2013	2012	2013	2012	2012	2012	2012	2013	2012	2012	2012	2012	2013	2013	2013	2013	2013	2013	2013	2013	2013	2013	2013	2014	2013	2013	2013	2013	2013	2013	2013	2013	2012	2014	2013	2013	2013	2012	2013	2013	2013	2013	2013	2013	2012	2013	2013	2013	2013	2013	2013	2012	2013	2012	2012	2012	2011	2014	2013	2013	2013	2013	2013	2013	2013	2013	2012	2013	2012	2013	2013	2012
4049	985353	2013	2014	2014	2013	2014	2014	2013	2014	2014	2013	2013	2013	2013	2013	2013	2013	2014	2013	2013	2012	2013	2013	2013	2013	2014	2014	2014	2014	2013	2013	2013	2014	2013	2014	2013	2013	2013	2013	2015	2013	2014	2014	2013	2013	2014	2014	2013	2013	2013	2014	2013	2014	2013	2014	2013	2014	2013	2013	2014	2014	2014	2013	2014	2014	2014	2013	2014	2014	2014	2014	2014	2014	2014	2013	2014	2014	2014	2014	2014	2014	2014	2013	2013	2014	2014	2013	2013	2014	2013	2013	2014	2014	2013	2014	2014	2014	2013	2014	2014	2014	2014	2014	2014	2014	2014	2014	2014	2014	2015	2014	2014	2014	2013	2014	2014	2014	2014	2014	2014	2014	2014	2013	2014	2014	2014	2014	2014	2014
4050	985846	2014	2014	2014	2014	2014	2014	2014	2014	2014	2014	2014	2014	2014	2014	2015	2014	2014	2014	2014	2014	2014	2014	2013	2013	2013	2014	2014	2013	2014	2013	2014	2013	2014	2013	2014	2014	2013	2013	2013	2014	2014	2014	2014	2014	2013	2013	2013	2014	2013	2014	2014	2013	2013	2014	2013	2013	2013	2013	2014	2013	2014	2014	2014	2014	2014	2014	2014	2014	2014	2013	2013	2014	2014	2014	2014	2014	2014	2013	2014	2014	2013	2014	2014	2014	2015	2014	2014	2014	2014	2014	2014	2014	2014	2014	2014	2013	2013	2013	2013	2013	2014	2014	2014	2013	2014	2014	2014	2014	2014	2014	2013	2013	2013	2013	2014	2013	2013	2014	2014	2014	2014	2014	2015	2014	2014	2014	2013	2014
4051	986338	2015	2015	2015	2015	2015	2015	2014	2014	2014	2015	2015	2014	2015	2015	2014	2015	2015	2015	2014	2015	2014	2014	2014	2015	2015	2015	2014	2015	2015	2015	2015	2015	2015	2014	2014	2014	2015	2014	2014	2015	2014	2015	2015	2014	2015	2014	2015	2015	2015	2014	2014	2014	2014	2015	2014	2014	2014	2014	2014	2015	2014	2014	2014	2014	2014	2014	2014	2014	2015	2014	2015	2014	2014	2014	2014	2015	2015	2014	2015	2015	2015	2015	2014	2014	2015	2015	2015	2015	2015	2014	2014	2015	2015	2014	2014	2014	2014	2014	2015	2015	2014	2015	2014	2015	2014	2014	2014	2014	2014	2014	2014	2014	2014	2014	2014	2014	2014	2014	2014	2015	2014	2014	2014	2014	2013	2014	2014	2014
4052	986830	2014	2015	2014	2014	2015	2015	2014	2015	2015	2014	2014	2015	2015	2015	2015	2016	2015	2015	2015	2015	2015	2015	2015	2015	2016	2016	2015	2015	2015	2016	2015	2015	2015	2015	2015	2015	2015	2015	2015	2015	2015	2015	2015	2015	2015	2015	2015	2015	2015	2015	2014	2014	2014	2014	2015	2014	2014	2014	2014	2014	2014	2014	2014	2015	2014	2014	2015	2014	2014	2014	2015	2015	2014	2015	2014	2015	2015	2015	2015	2015	2014	2014	2014	2014	2015	2015	2014	2014	2015	2014	2015	2014	2015	2015	2015	2015	2015	2015	2015	2015	2015	2015	2015	2015	2014	2015	2015	2015	2015	2015	2015	2015	2015	2014	2015	2015	2015	2015	2015	2015	2015	2015	2015	2015	2016	2014	2015	2015
4053	987323	2016	2016	2016	2016	2016	2016	2016	2016	2015	2016	2016	2016	2016	2016	2016	2015	2015	2015	2015	2015	2015	2015	2015	2015	2016	2016	2016	2015	2016	2015	2016	2015	2015	2014	2015	2016	2015	2015	2015	2015	2015	2015	2014	2015	2015	2015	2015	2015	2015	2015	2016	2016	2016	2016	2015	2015	2015	2016	2014	2015	2015	2015	2015	2015	2015	2015	2016	2015	2015	2015	2015	2015	2015	2015	2015	2015	2015	2015	2016	2015	2015	2016	2016	2016	2016	2016	2015	2015	2015	2015	2015	2014	2015	2015	2015	2014	2015	2015	2015	2015	2015	2014	2015	2015	2015	2015	2015	2015	2014	2014	2015	2015	2015	2015	2015	2015	2016	2015	2015	2015	2015	2015	2015	2015	2015	2015	2016	2015
4054	987815	2015	2016	2016	2016	2016	2016	2016	2016	2016	2016	2015	2016	2016	2016	2016	2016	2016	2016	2016	2016	2016	2015	2016	2016	2016	2017	2016	2016	2016	2016	2016	2016	2016	2016	2016	2016	2015	2016	2016	2016	2015	2015	2016	2015	2016	2015	2015	2015	2015	2016	2016	2015	2016	2016	2016	2016	2015	2016	2015	2016	2016	2016	2016	2015	2016	2015	2015	2015	2016	2016	2015	2015	2015	2015	2016	2015	2016	2015	2016	2016	2016	2016	2016	2016	2016	2016	2016	2016	2016	2016	2015	2016	2016	2016	2016	2016	2015	2016	2016	2016	2016	2016	2016	2016	2016	2016	2016	2016	2016	2016	2016	2016	2016	2017	2016	2016	2016	2016	2016	2016	2015	2016	2016	2015	2016	2016	2016	2016
4055	988307	2017	2017	2016	2017	2016	2016	2017	2016	2016	2016	2017	2016	2016	2017	2016	2016	2016	2016	2016	2016	2016	2016	2017	2016	2016	2016	2016	2016	2016	2016	2017	2016	2016	2016	2016	2017	2017	2016	2016	2016	2016	2016	2016	2016	2016	2016	2016	2016	2016	2016	2016	2016	2016	2016	2016	2016	2016	2016	2016	2016	2016	2016	2016	2016	2017	2016	2016	2017	2016	2017	2016	2016	2016	2016	2016	2016	2016	2016	2017	2016	2016	2016	2016	2016	2016	2016	2016	2016	2016	2016	2016	2016	2015	2016	2016	2017	2016	2016	2016	2015	2016	2017	2016	2016	2016	2016	2016	2016	2016	2016	2016	2016	2016	2017	2016	2016	2017	2016	2017	2017	2016	2017	2017	2016	2016	2016	2016	2016
4056	988800	2017	2017	2017	2017	2017	2017	2017	2017	2017	2017	2017	2017	2017	2017	2017	2017	2017	2017	2017	2017	2017	2017	2017	2016	2017	2017	2017	2017	2017	2016	2017	2017	2017	2017	2016	2017	2017	2016	2017	2017	2016	2017	2017	2017	2017	2017	2017	2018	2016	2016	2016	2016	2017	2016	2016	2016	2016	2016	2016	2016	2016	2017	2017	2015	2016	2016	2016	2016	2016	2017	2016	2016	2016	2017	2017	2017	2017	2017	2016	2016	2016	2016	2016	2016	2016	2016	2016	2017	2017	2016	2016	2017	2017	2016	2017	2017	2016	2017	2017	2017	2017	2017	2017	2017	2017	2017	2017	2017	2017	2017	2018	2018	2017	2017	2017	2017	2017	2017	2018	2018	2017	2017	2017	2017	2017	2016	2017	2016
4057	989292	2017	2018	2018	2017	2018	2018	2017	2018	2017	2017	2017	2017	2017	2018	2017	2017	2018	2017	2017	2017	2017	2018	2017	2017	2017	2017	2016	2016	2017	2017	2017	2017	2017	2017	2017	2017	2017	2017	2017	2017	2017	2017	2017	2017	2017	2017	2017	2018	2017	2018	2018	2017	2018	2017	2017	2018	2018	2017	2017	2017	2018	2017	2018	2016	2017	2018	2017	2017	2017	2018	2017	2018	2017	2018	2018	2018	2017	2018	2018	2017	2017	2018	2017	2018	2017	2017	2017	2017	2017	2017	2017	2017	2017	2017	2017	2017	2017	2018	2018	2017	2017	2017	2017	2017	2017	2016	2018	2017	2017	2017	2017	2017	2018	2018	2017	2017	2017	2017	2017	2017	2017	2017	2017	2017	2018	2017	2017	2018
4058	989784	2018	2018	2018	2018	2017	2018	2018	2018	2018	2018	2017	2018	2018	2018	2018	2017	2017	2018	2018	2018	2018	2018	2018	2017	2018	2018	2017	2018	2017	2017	2018	2018	2018	2018	2018	2017	2017	2017	2017	2017	2017	2017	2018	2018	2017	2018	2018	2017	2017	2017	2018	2018	2017	2017	2018	2018	2017	2017	2018	2018	2018	2018	2018	2017	2018	2018	2018	2018	2018	2018	2018	2017	2018	2018	2018	2018	2018	2018	2018	2017	2018	2018	2018	2018	2018	2018	2017	2017	2018	2018	2017	2017	2018	2017	2017	2018	2017	2017	2017	2016	2017	2017	2017	2017	2016	2017	2017	2017	2017	2017	2016	2017	2018	2018	2017	2017	2017	2017	2017	2017	2017	2017	2017	2017	2017	2017	2017	2017
4059	990276	2018	2018	2018	2018	2019	2019	2018	2018	2019	2019	2019	2019	2019	2018	2018	2018	2018	2019	2018	2019	2019	2018	2019	2018	2019	2019	2018	2018	2018	2018	2018	2018	2019	2018	2018	2019	2018	2018	2019	2018	2019	2019	2018	2018	2018	2018	2019	2019	2019	2018	2019	2020	2018	2018	2018	2018	2019	2018	2019	2018	2018	2019	2019	2019	2018	2019	2018	2018	2019	2019	2019	2018	2019	2018	2018	2018	2019	2019	2019	2018	2018	2019	2019	2018	2019	2019	2018	2018	2019	2019	2018	2019	2018	2019	2019	2019	2019	2019	2019	2019	2018	2018	2019	2019	2018	2018	2017	2018	2018	2018	2018	2018	2017	2018	2018	2018	2018	2018	2018	2018	2018	2018	2018	2018	2018	2018	2018	2018
4060	990769	2019	2019	2019	2019	2019	2019	2020	2019	2020	2019	2019	2019	2019	2019	2019	2018	2019	2018	2019	2019	2019	2019	2019	2019	2019	2019	2019	2020	2019	2018	2018	2019	2019	2019	2019	2019	2018	2019	2018	2019	2019	2019	2018	2019	2018	2018	2019	2018	2018	2018	2019	2019	2019	2019	2019	2020	2020	2019	2019	2019	2019	2019	2019	2019	2019	2019	2019	2020	2019	2019	2019	2019	2019	2019	2019	2019	2019	2019	2019	2019	2019	2019	2019	2019	2019	2019	2020	2018	2018	2019	2019	2018	2018	2018	2018	2018	2018	2018	2019	2019	2018	2018	2019	2019	2019	2019	2019	2018	2019	2019	2019	2019	2018	2018	2018	2019	2019	2018	2019	2019	2020	2018	2018	2019	2018	2018	2018	2018
4061	991261	2020	2020	2019	2019	2019	2019	2019	2018	2019	2019	2019	2018	2019	2019	2018	2019	2019	2019	2019	2019	2019	2019	2019	2019	2019	2019	2019	2019	2019	2019	2019	2019	2019	2020	2019	2019	2019	2019	2018	2018	2019	2019	2019	2019	2019	2019	2019	2019	2020	2020	2020	2020	2020	2020	2020	2020	2020	2020	2019	2019	2020	2019	2019	2020	2020	2019	2019	2020	2019	2019	2019	2020	2019	2019	2020	2019	2019	2020	2019	2019	2018	2019	2019	2019	2019	2019	2018	2019	2018	2018	2018	2019	2019	2019	2018	2019	2019	2018	2019	2019	2019	2019	2019	2019	2019	2019	2020	2020	2019	2019	2020	2019	2019	2019	2019	2018	2019	2019	2019	2019	2020	2019	2019	2020	2019	2020	2020	2020
4062	991753	2020	2020	2020	2020	2020	2019	2020	2019	2019	2019	2019	2019	2019	2019	2020	2020	2019	2020	2019	2020	2019	2019	2020	2019	2020	2019	2019	2019	2019	2020	2019	2019	2020	2020	2020	2020	2020	2019	2020	2019	2020	2020	2020	2020	2020	2020	2020	2020	2020	2020	2020	2020	2020	2020	2020	2020	2019	2020	2020	2020	2020	2020	2020	2020	2019	2020	2020	2020	2020	2020	2020	2020	2020	2020	2020	2020	2020	2019	2020	2020	2020	2019	2020	2019	2020	2020	2020	2019	2020	2019	2020	2019	2019	2020	2020	2020	2019	2019	2019	2020	2020	2019	2020	2019	2020	2020	2020	2020	2020	2020	2020	2020	2020	2020	2020	2020	2020	2020	2019	2020	2020	2020	2020	2020	2020	2020	2020	2020
4063	992246	2020	2020	2021	2021	2020	2020	2020	2021	2020	2020	2020	2020	2020	2021	2020	2020	2020	2020	2020	2020	2020	2020	2019	2020	2020	2019	2019	2020	2019	2019	2019	2019	2019	2020	2019	2020	2020	2019	2020	2020	2019	2020	2020	2021	2019	2020	2020	2020	2020	2020	2020	2020	2020	2020	2020	2020	2020	2020	2020	2020	2020	2020	2020	2020	2020	2020	2021	2021	2020	2020	2020	2021	2020	2020	2020	2020	2020	2021	2020	2020	2020	2020	2020	2020	2020	2020	2020	2021	2020	2020	2020	2021	2020	2020	2019	2020	2020	2020	2020	2020	2019	2020	2020	2021	2020	2020	2020	2020	2020	2020	2020	2021	2019	2020	2019	2019	2020	2019	2020	2020	2020	2021	2020	2020	2020	2020	2020	2020
4064	992738	2021	2021	2021	2022	2021	2021	2021	2021	2022	2021	2021	2020	2021	2021	2021	2021	2021	2021	2021	2021	2020	2020	2021	2020	2021	2021	2020	2021	2021	2020	2021	2020	2020	2020	2020	2021	2020	2020	2021	2021	2021	2021	2021	2021	2021	2021	2021	2021	2021	2021	2021	2020	2020	2020	2020	2020	2020	2020	2020	2021	2021	2021	2020	2020	2020	2021	2021	2021	2020	2021	2021	2021	2020	2021	2021	2021	2020	2021	2021	2021	2021	2021	2020	2021	2020	2020	2020	2020	2020	2020	2021	2021	2021	2020	2021	2021	2020	2020	2020	2020	2020	2020	2020	2020	2020	2020	2020	2020	2020	2021	2021	2020	2020	2020	2020	2020	2021	2021	2022	2021	2021	2021	2021	2022	2021	2020	2020	2020
4065	993230	2022	2022	2022	2022	2021	2022	2022	2021	2022	2022	2022	2021	2022	2021	2021	2021	2021	2021	2021	2021	2021	2021	2021	2021	2021	2021	2021	2021	2021	2021	2021	2021	2021	2020	2020	2021	2020	2021	2021	2021	2021	2021	2021	2021	2021	2021	2021	2021	2020	2020	2021	2020	2020	2021	2021	2021	2021	2021	2021	2021	2021	2021	2021	2021	2021	2021	2021	2021	2022	2021	2021	2022	2022	2021	2022	2022	2020	2021	2021	2022	2021	2022	2022	2022	2022	2021	2022	2021	2021	2021	2021	2022	2022	2022	2022	2021	2022	2021	2022	2022	2021	2021	2021	2021	2022	2021	2021	2022	2021	2021	2021	2022	2021	2021	2021	2021	2022	2021	2021	2021	2021	2022	2021	2021	2020	2021	2022	2021
4066	993723	2022	2022	2022	2022	2022	2022	2022	2022	2022	2023	2022	2022	2022	2022	2023	2022	2022	2022	2022	2022	2022	2022	2022	2022	2022	2022	2022	2022	2022	2022	2022	2022	2022	2022	2021	2021	2022	2022	2021	2022	2022	2021	2021	2021	2022	2021	2022	2022	2022	2022	2022	2022	2022	2021	2022	2022	2021	2022	2022	2021	2021	2021	2021	2022	2022	2022	2021	2022	2022	2022	2022	2022	2022	2022	2022	2021	2022	2022	2022	2022	2022	2022	2022	2022	2022	2021	2022	2021	2022	2022	2022	2022	2022	2022	2021	2022	2023	2022	2022	2022	2021	2022	2022	2022	2022	2022	2022	2022	2022	2021	2022	2021	2022	2021	2021	2022	2021	2022	2022	2022	2022	2021	2022	2022	2022	2022	2022	2022
4067	994215	2022	2023	2023	2023	2023	2023	2023	2023	2022	2023	2023	2022	2023	2023	2022	2022	2022	2023	2022	2023	2023	2023	2023	2023	2023	2023	2023	2024	2023	2023	2023	2022	2022	2022	2023	2022	2023	2023	2023	2023	2022	2023	2023	2023	2023	2023	2023	2023	2023	2023	2023	2022	2022	2023	2022	2023	2023	2022	2022	2022	2022	2023	2022	2022	2022	2022	2022	2022	2023	2023	2024	2023	2022	2022	2023	2023	2022	2022	2022	2023	2022	2023	2022	2023	2022	2023	2022	2022	2022	2022	2022	2022	2022	2022	2021	2022	2022	2022	2022	2022	2022	2022	2023	2022	2021	2022	2022	2022	2022	2022	2022	2021	2022	2022	2021	2022	2022	2021	2022	2022	2022	2022	2022	2022	2021	2022	2021	2022
4068	994707	2022	2022	2022	2022	2022	2022	2023	2022	2023	2022	2022	2022	2022	2023	2022	2022	2022	2022	2022	2023	2022	2023	2023	2023	2023	2022	2023	2023	2023	2023	2023	2022	2023	2023	2022	2022	2023	2022	2023	2023	2023	2023	2023	2023	2022	2023	2022	2023	2023	2022	2023	2023	2023	2023	2022	2023	2023	2023	2022	2022	2022	2023	2022	2022	2023	2022	2023	2022	2022	2023	2022	2022	2023	2023	2023	2022	2022	2022	2022	2023	2022	2023	2022	2023	2023	2023	2023	2023	2023	2022	2022	2023	2023	2023	2022	2022	2023	2022	2023	2023	2023	2023	2023	2023	2023	2023	2023	2023	2023	2022	2023	2023	2023	2023	2023	2023	2023	2023	2023	2023	2023	2023	2023	2023	2024	2023	2023	2023
4069	995200	2024	2023	2023	2023	2023	2024	2024	2024	2023	2024	2023	2024	2023	2023	2023	2023	2023	2023	2024	2024	2023	2023	2025	2023	2023	2023	2024	2023	2023	2023	2023	2023	2023	2023	2023	2024	2024	2024	2024	2024	2024	2023	2024	2024	2024	2024	2023	2023	2023	2024	2023	2023	2024	2024	2024	2023	2023	2024	2023	2023	2024	2023	2024	2024	2024	2024	2023	2024	2024	2023	2024	2024	2024	2023	2023	2023	2024	2023	2024	2024	2023	2023	2023	2023	2023	2023	2023	2023	2023	2023	2023	2023	2023	2023	2024	2023	2023	2023	2023	2023	2023	2024	2023	2023	2024	2023	2024	2024	2023	2024	2024	2024	2023	2023	2024	2023	2024	2024	2024	2023	2023	2024	2024	2023	2023	2023	2023	2023
4070	995692	2023	2024	2023	2023	2023	2023	2024	2024	2023	2024	2023	2024	2024	2024	2024	2024	2024	2024	2024	2023	2024	2024	2024	2024	2024	2024	2024	2024	2024	2023	2024	2024	2023	2024	2024	2024	2023	2024	2024	2024	2024	2024	2024	2024	2023	2024	2023	2024	2023	2024	2024	2023	2024	2023	2024	2023	2024	2024	2023	2024	2023	2023	2024	2024	2023	2024	2024	2023	2023	2024	2025	2024	2023	2023	2023	2023	2024	2023	2024	2023	2024	2024	2023	2024	2024	2024	2024	2024	2024	2023	2024	2024	2024	2024	2024	2023	2024	2023	2023	2024	2023	2023	2023	2023	2023	2023	2023	2024	2024	2023	2023	2024	2024	2023	2023	2023	2023	2023	2023	2023	2023	2023	2023	2023	2023	2023	2023	2024
4071	996184	2024	2024	2024	2024	2024	2024	2024	2024	2025	2026	2025	2025	2025	2024	2024	2024	2024	2024	2024	2024	2024	2024	2024	2024	2024	2023	2024	2024	2024	2024	2024	2024	2024	2024	2024	2024	2025	2024	2024	2025	2024	2025	2024	2024	2025	2024	2025	2024	2024	2025	2024	2024	2024	2024	2024	2025	2025	2025	2024	2024	2024	2024	2025	2025	2024	2024	2024	2025	2024	2024	2024	2024	2024	2024	2024	2024	2023	2023	2024	2023	2024	2024	2024	2024	2024	2024	2024	2024	2024	2023	2024	2024	2023	2024	2024	2024	2024	2024	2024	2024	2024	2024	2024	2024	2024	2024	2024	2024	2024	2024	2024	2024	2025	2025	2024	2025	2025	2024	2024	2024	2024	2024	2024	2024	2024	2024	2024	2024
4072	996676	2025	2024	2025	2025	2025	2025	2025	2025	2024	2024	2025	2024	2024	2025	2024	2025	2025	2026	2024	2025	2025	2025	2025	2024	2025	2025	2025	2026	2025	2026	2026	2025	2025	2025	2025	2025	2025	2025	2024	2025	2025	2025	2025	2025	2024	2025	2025	2025	2025	2024	2025	2025	2024	2025	2025	2024	2025	2024	2024	2024	2024	2024	2024	2024	2024	2024	2024	2024	2024	2024	2024	2024	2024	2024	2025	2024	2024	2024	2024	2025	2025	2025	2025	2025	2025	2024	2025	2025	2025	2025	2025	2025	2025	2024	2025	2025	2025	2025	2025	2025	2025	2025	2025	2025	2025	2025	2026	2025	2025	2025	2026	2025	2025	2025	2025	2025	2024	2024	2025	2025	2025	2024	2025	2025	2024	2025	2025	2025
4073	997169	2025	2025	2025	2026	2025	2025	2025	2025	2025	2025	2025	2025	2025	2025	2025	2025	2025	2025	2025	2025	2026	2025	2025	2026	2025	2025	2025	2025	2025	2025	2025	2025	2025	2025	2025	2025	2025	2025	2025	2025	2025	2025	2025	2025	2025	2025	2025	2025	2025	2025	2025	2025	2025	2025	2025	2025	2025	2025	2025	2025	2025	2025	2025	2025	2025	2024	2025	2025	2025	2025	2025	2025	2025	2024	2025	2025	2024	2025	2025	2024	2025	2025	2025	2025	2025	2025	2025	2025	2025	2025	2025	2024	2024	2024	2025	2025	2025	2025	2024	2025	2025	2024	2025	2025	2025	2025	2025	2025	2026	2025	2025	2025	2025	2025	2025	2025	2025	2025	2025	2025	2026	2026	2024	2025	2025	2025	2025	2025
4074	997661	2026	2026	2026	2027	2026	2026	2026	2026	2026	2026	2026	2026	2025	2026	2025	2026	2026	2026	2026	2026	2026	2025	2026	2026	2026	2026	2026	2026	2026	2026	2026	2028	2026	2026	2026	2026	2026	2026	2026	2026	2026	2026	2025	2026	2026	2025	2026	2026	2026	2026	2025	2026	2025	2026	2026	2026	2026	2025	2026	2026	2026	2025	2025	2025	2025	2025	2026	2026	2025	2025	2025	2025	2025	2025	2025	2025	2026	2025	2026	2025	2025	2025	2025	2025	2025	2025	2025	2025	2026	2025	2025	2025	2026	2025	2026	2026	2025	2026	2025	2025	2025	2025	2025	2025	2026	2026	2026	2024	2025	2026	2025	2025	2026	2025	2026	2025	2026	2025	2025	2026	2025	2026	2025	2026	2026	2026	2025	2026
4075	998153	2026	2026	2026	2026	2026	2026	2026	2026	2025	2026	2027	2026	2026	2026	2026	2027	2026	2026	2026	2026	2026	2026	2026	2025	2027	2027	2026	2026	2026	2026	2026	2026	2026	2026	2026	2026	2025	2026	2025	2025	2026	2026	2025	2025	2026	2026	2026	2026	2026	2026	2026	2026	2025	2025	2026	2027	2026	2026	2025	2026	2025	2026	2026	2026	2026	2026	2026	2026	2026	2026	2026	2026	2026	2026	2027	2026	2026	2026	2026	2026	2026	2026	2026	2026	2026	2026	2027	2027	2026	2026	2026	2027	2026	2026	2026	2027	2027	2027	2026	2026	2026	2027	2027	2027	2026	2027	2027	2026	2026	2027	2026	2026	2026	2026	2026	2026	2026	2026	2026	2026	2025	2026	2025	2026	2025	2025	2026	2026
4076	998646	2027	2027	2026	2027	2027	2027	2027	2027	2027	2027	2027	2028	2027	2027	2027	2027	2028	2027	2027	2028	2027	2028	2027	2027	2027	2027	2028	2027	2027	2027	2027	2027	2027	2027	2027	2027	2027	2027	2027	2027	2027	2027	2026	2026	2027	2027	2027	2027	2027	2027	2027	2027	2026	2027	2027	2026	2026	2027	2026	2027	2027	2027	2027	2027	2027	2027	2027	2027	2027	2027	2027	2027	2027	2027	2027	2027	2027	2027	2027	2027	2027	2027	2027	2027	2026	2027	2027	2027	2027	2027	2027	2027	2026	2027	2027	2027	2027	2026	2026	2026	2027	2027	2027	2026	2026	2026	2026	2026	2026	2026	2027	2027	2026	2026	2026	2026	2025	2026	2026	2025	2026	2027	2026	2026	2026	2026	2026	2027
4077	999138	2027	2027	2027	2027	2027	2028	2027	2028	2028	2027	2028	2027	2028	2028	2027	2028	2027	2027	2027	2027	2028	2028	2027	2027	2027	2029	2027	2027	2028	2027	2027	2027	2027	2027	2027	2027	2027	2027	2027	2027	2027	2027	2027	2028	2027	2027	2027	2027	2027	2027	2027	2027	2027	2027	2027	2027	2027	2027	2027	2027	2027	2026	2026	2025	2027	2027	2027	2027	2028	2027	2027	2026	2027	2027	2027	2027	2026	2027	2027	2027	2028	2027	2028	2027	2028	2027	2027	2027	2026	2027	2026	2026	2027	2027	2027	2027	2027	2027	2027	2026	2027	2027	2027	2027	2027	2028	2028	2027	2027	2027	2028	2028	2027	2027	2027	2027	2027	2028	2028	2028	2028	2028	2028	2028	2028	2028	2028	2028
4078	999630	2027	2027	2028	2027	2027	2027	2027	2027	2027	2028	2027	2027	2027	2027	2027	2026	2028	2027	2027	2027	2027	2028	2026	2027	2027	2027	2028	2027	2028	2028	2028	2028	2027	2028	2028	2028	2028	2028	2028	2028	2028	2029	2027	2028	2028	2028	2028	2028	2028	2028	2028	2028	2027	2028	2028	2028	2028	2028	2028	2027	2028	2028	2028	2028	2028	2028	2028	2027	2028	2028	2028	2028	2027	2028	2027	2027	2028	2028	2027	2027	2027	2027	2027	2027	2027	2027	2027	2027	2028	2028	2028	2028	2028	2028	2028	2028	2028	2028	2028	2028	2028	2028	2028	2028	2028	2028	2028	2028	2028	2028	2028	2028	2028	2028	2028	2028	2028	2027	2028	2028	2028	2028	2028	2028	2028	2028	2028	2028
4079	1000123	2028	2028	2027	2027	2027	2028	2028	2027	2027	2027	2027	2027	2027	2027	2027	2027	2027	2028	2028	2028	2028	2028	2029	2027	2028	2028	2028	2028	2028	2027	2028	2028	2028	2028	2028	2028	2028	2028	2028	2028	2028	2028	2028	2028	2028	2028	2027	2028	2028	2028	2028	2028	2028	2028	2028	2028	2028	2028	2028	2028	2028	2028	2028	2028	2028	2028	2028	2027	2028	2028	2028	2028	2028	2028	2028	2028	2028	2028	2028	2028	2027	2028	2028	2027	2028	2028	2028	2028	2028	2028	2028	2028	2028	2029	2028	2028	2029	2028	2029	2028	2028	2029	2028	2029	2029	2028	2028	2028	2028	2028	2028	2029	2028	2029	2028	2028	2029	2029	2030	2028	2029	2029	2029	2029	2028	2029	2028	2028
4080	1000615	2028	2029	2028	2029	2029	2028	2029	2028	2029	2029	2028	2028	2029	2028	2029	2029	2028	2029	2028	2029	2029	2028	2028	2029	2029	2028	2029	2029	2029	2029	2029	2029	2029	2029	2029	2029	2029	2029	2029	2029	2029	2029	2029	2029	2029	2029	2028	2029	2029	2029	2029	2029	2029	2028	2029	2029	2029	2029	2029	2028	2028	2029	2029	2029	2029	2029	2029	2029	2028	2029	2029	2028	2029	2028	2029	2028	2029	2028	2028	2028	2028	2029	2029	2028	2029	2028	2029	2028	2029	2029	2028	2029	2029	2028	2029	2028	2029	2029	2028	2029	2028	2028	2029	2029	2029	2029	2029	2029	2029	2028	2029	2029	2029	2029	2030	2030	2030	2029	2029	2029	2029	2029	2029	2029	2028	2029	2028	2028
4081	1001107	2028	2028	2029	2029	2029	2030	2029	2029	2029	2029	2029	2029	2029	2028	2029	2028	2029	2028	2028	2028	2029	2029	2029	2029	2029	2029	2029	2029	2029	2029	2029	2029	2028	2029	2029	2029	2029	2030	2029	2029	2029	2029	2029	2028	2029	2029	2029	2029	2029	2029	2029	2029	2029	2029	2029	2030	2030	2030	2029	2029	2029	2030	2030	2029	2029	2029	2029	2029	2029	2029	2029	2029	2029	2029	2029	2029	2029	2029	2029	2029	2029	2030	2028	2029	2029	2029	2029	2029	2029	2029	2028	2028	2029	2029	2029	2029	2029	2029	2029	2030	2029	2028	2029	2029	2029	2029	2029	2029	2029	2029	2029	2029	2030	2029	2030	2029	2029	2030	2029	2030	2030	2030	2030	2029	2030	2030	2029	2029
4082	1001600	2029	2029	2029	2029	2029	2029	2029	2029	2029	2030	2029	2029	2029	2030	2030	2029	2029	2030	2029	2031	2030	2030	2030	2030	2030	2030	2030	2030	2030	2030	2030	2030	2030	2030	2029	2030	2030	2030	2030	2029	2030	2030	2030	2030	2030	2030	2030	2030	2030	2030	2030	2029	2030	2030	2029	2030	2030	2029	2030	2030	2030	2029	2030	2029	2030	2029	2029	2029	2030	2030	2030	2030	2029	2029	2029	2029	2029	2029	2029	2029	2029	2029	2029	2029	2029	2029	2029	2030	2029	2029	2029	2029	2030	2029	2030	2030	2029	2030	2029	2029	2030	2029	2030	2029	2030	2030	2029	2030	2029	2029	2030	2030	2030	2029	2029	2030	2030	2030	2030	2030	2030	2030	2030	2029	2029	2030	2030	2030
4083	1002092	2030	2030	2030	2030	2030	2030	2031	2031	2031	2031	2031	2031	2030	2030	2030	2030	2030	2030	2030	2030	2029	2030	2030	2030	2030	2030	2030	2030	2030	2030	2030	2030	2030	2030	2030	2030	2030	2030	2030	2030	2030	2030	2031	2030	2030	2029	2030	2030	2030	2030	2030	2030	2031	2030	2031	2030	2030	2030	2030	2030	2030	2030	2030	2030	2030	2031	2031	2031	2030	2030	2030	2030	2030	2030	2030	2030	2030	2029	2030	2029	2029	2030	2030	2030	2029	2029	2030	2029	2030	2029	2030	2029	2029	2030	2029	2029	2029	2030	2029	2029	2029	2029	2030	2030	2029	2029	2029	2029	2029	2029	2030	2029	2030	2030	2030	2030	2030	2030	2030	2030	2030	2030	2030	2030	2030	2030	2030	2030
4084	1002584	2031	2031	2031	2031	2031	2031	2031	2030	2030	2030	2031	2030	2030	2031	2031	2031	2030	2030	2030	2030	2031	2030	2030	2031	2030	2031	2030	2031	2031	2031	2030	2030	2030	2030	2030	2031	2030	2031	2030	2031	2031	2031	2031	2030	2030	2031	2031	2031	2030	2030	2030	2030	2031	2031	2031	2030	2031	2031	2030	2031	2030	2031	2031	2030	2031	2030	2031	2031	2030	2031	2031	2031	2031	2030	2031	2031	2030	2031	2031	2031	2031	2031	2031	2030	2031	2031	2031	2030	2030	2030	2031	2030	2030	2030	2030	2030	2030	2031	2030	2031	2030	2030	2030	2030	2030	2030	2031	2030	2030	2031	2031	2031	2031	2031	2031	2031	2031	2031	2030	2031	2031	2031	2030	2031	2031	2030	2031	2030
4085	1003076	2031	2030	2031	2031	2031	2031	2031	2031	2031	2031	2031	2031	2032	2031	2031	2031	2031	2032	2031	2031	2031	2030	2031	2030	2031	2031	2031	2031	2031	2031	2030	2031	2031	2031	2031	2031	2031	2031	2030	2031	2031	2031	2031	2031	2031	2031	2031	2031	2031	2031	2031	2031	2031	2031	2031	2031	2031	2031	2031	2031	2032	2031	2031	2031	2031	2031	2031	2031	2032	2032	2032	2031	2031	2031	2031	2031	2031	2031	2031	2031	2031	2031	2032	2031	2031	2031	2032	2032	2032	2032	2032	2031	2032	2032	2031	2031	2031	2031	2031	2030	2031	2032	2031	2031	2031	2031	2031	2031	2031	2031	2031	2031	2031	2030	2031	2031	2031	2031	2031	2031	2031	2031	2031	2031	2031	2031	2031	2031
4086	1003569	2032	2032	2032	2032	2032	2032	2032	2031	2032	2032	2031	2032	2032	2032	2032	2032	2032	2032	2032	2032	2032	2032	2032	2032	2032	2032	2032	2032	2032	2033	2032	2032	2032	2033	2032	2032	2032	2032	2032	2032	2032	2031	2032	2032	2031	2031	2031	2031	2031	2032	2032	2031	2032	2031	2032	2032	2031	2032	2031	2032	2032	2032	2031	2032	2032	2032	2032	2031	2031	2032	2031	2031	2031	2031	2031	2031	2031	2031	2032	2032	2032	2032	2032	2032	2031	2032	2032	2031	2032	2032	2031	2031	2031	2031	2032	2032	2032	2032	2032	2032	2032	2032	2032	2032	2032	2032	2032	2032	2032	2032	2032	2032	2032	2032	2032	2032	2032	2031	2031	2032	2032	2031	2032	2031	2032	2031	2032	2032
4087	1004061	2032	2032	2031	2032	2032	2032	2032	2032	2032	2032	2032	2032	2031	2032	2031	2031	2032	2031	2032	2032	2031	2032	2032	2031	2032	2032	2032	2032	2032	2032	2031	2031	2032	2032	2032	2032	2032	2032	2032	2032	2032	2032	2032	2032	2032	2032	2032	2031	2032	2032	2032	2032	2032	2033	2032	2032	2032	2033	2032	2032	2032	2032	2033	2032	2032	2032	2032	2032	2032	2032	2032	2032	2032	2032	2032	2032	2031	2032	2032	2031	2032	2032	2032	2032	2032	2033	2031	2032	2032	2031	2031	2031	2032	2032	2032	2031	2031	2032	2032	2031	2032	2032	2031	2032	2032	2031	2032	2032	2031	2031	2032	2032	2032	2032	2032	2032	2032	2032	2032	2032	2032	2032	2032	2032	2033	2033	2033	2033
4088	1004553	2033	2033	2032	2033	2032	2033	2033	2033	2033	2033	2033	2033	2033	2033	2033	2033	2034	2033	2033	2033	2033	2033	2033	2033	2033	2033	2032	2033	2032	2033	2032	2032	2032	2032	2032	2033	2032	2033	2032	2033	2032	2033	2032	2032	2033	2032	2032	2032	2032	2032	2032	2032	2033	2032	2033	2032	2032	2033	2032	2033	2032	2032	2032	2032	2032	2032	2032	2032	2032	2033	2032	2033	2033	2032	2033	2032	2032	2033	2032	2032	2032	2032	2032	2032	2032	2033	2032	2032	2032	2033	2032	2032	2032	2032	2033	2033	2032	2032	2032	2032	2032	2032	2032	2033	2032	2033	2032	2032	2033	2033	2032	2032	2032	2032	2032	2032	2032	2032	2033	2032	2032	2033	2033	2033	2032	2032	2033	2033
4089	1005046	2033	2033	2034	2033	2033	2033	2034	2033	2033	2033	2033	2033	2033	2033	2034	2032	2033	2032	2033	2033	2033	2033	2032	2033	2032	2033	2033	2033	2033	2032	2033	2033	2033	2033	2033	2033	2033	2034	2033	2033	2033	2033	2033	2033	2033	2033	2033	2033	2033	2033	2033	2033	2034	2033	2033	2033	2033	2033	2033	2033	2033	2033	2033	2033	2033	2033	2033	2033	2033	2033	2033	2033	2033	2033	2033	2033	2033	2033	2033	2033	2033	2033	2033	2033	2033	2033	2033	2033	2033	2033	2033	2033	2033	2033	2033	2033	2033	2033	2033	2034	2033	2033	2033	2034	2034	2033	2033	2033	2033	2034	2033	2033	2033	2033	2033	2032	2034	2033	2033	2033	2033	2033	2033	2033	2033	2033	2033	2033
4090	1005538	2034	2034	2034	2034	2034	2034	2033	2033	2034	2033	2033	2033	2033	2034	2033	2034	2033	2033	2033	2033	2033	2033	2033	2033	2033	2033	2033	2033	2033	2034	2034	2033	2033	2033	2033	2034	2033	2033	2033	2033	2033	2034	2033	2033	2034	2033	2033	2033	2033	2034	2033	2033	2033	2033	2033	2033	2033	2033	2033	2033	2033	2033	2034	2033	2033	2032	2033	2033	2033	2033	2033	2033	2033	2033	2033	2033	2033	2033	2033	2033	2032	2033	2033	2033	2033	2033	2033	2033	2033	2033	2033	2033	2033	2033	2033	2033	2033	2032	2033	2033	2033	2033	2034	2033	2033	2034	2033	2033	2034	2033	2034	2034	2034	2034	2033	2033	2034	2033	2034	2034	2034	2034	2034	2034	2034	2034	2034	2033
4091	1006030	2034	2034	2034	2034	2035	2035	2035	2035	2035	2035	2034	2034	2035	2035	2035	2034	2035	2034	2035	2034	2034	2034	2034	2034	2035	2035	2034	2034	2034	2034	2034	2034	2034	2035	2033	2034	2034	2034	2034	2034	2035	2034	2033	2033	2033	2034	2034	2032	2034	2034	2034	2034	2034	2034	2034	2034	2034	2034	2034	2034	2034	2033	2033	2034	2034	2034	2035	2034	2035	2034	2034	2034	2034	2034	2034	2033	2034	2034	2035	2034	2034	2035	2034	2034	2034	2034	2034	2034	2034	2034	2033	2034	2034	2034	2034	2034	2034	2034	2034	2034	2034	2034	2034	2034	2034	2034	2034	2034	2034	2033	2033	2033	2034	2033	2034	2033	2033	2033	2033	2034	2033	2034	2034	2034	2034	2034	2034	2034
4092	1006523	2035	2034	2034	2034	2034	2034	2034	2035	2035	2034	2033	2034	2035	2034	2035	2034	2034	2034	2034	2034	2034	2035	2035	2034	2035	2035	2035	2035	2035	2035	2035	2035	2035	2035	2035	2035	2035	2036	2035	2035	2035	2035	2035	2035	2035	2035	2035	2035	2035	2035	2035	2035	2035	2033	2035	2035	2034	2035	2035	2035	2035	2034	2034	2034	2034	2033	2034	2034	2034	2034	2034	2034	2034	2034	2034	2034	2034	2034	2034	2034	2034	2034	2034	2034	2034	2034	2035	2035	2034	2035	2035	2034	2035	2034	2035	2034	2035	2034	2034	2035	2035	2034	2035	2034	2035	2034	2035	2035	2034	2035	2034	2034	2034	2035	2035	2034	2035	2034	2034	2034	2035	2035	2034	2034	2034	2035	2034	2034
4093	1007015	2035	2035	2035	2034	2035	2035	2035	2035	2035	2035	2035	2034	2035	2035	2035	2035	2034	2035	2035	2035	2035	2035	2035	2035	2035	2035	2034	2035	2035	2036	2035	2035	2035	2035	2035	2036	2035	2035	2035	2035	2035	2036	2035	2035	2035	2035	2035	2035	2036	2035	2035	2035	2036	2036	2036	2035	2035	2035	2036	2035	2035	2035	2035	2036	2035	2035	2035	2035	2035	2035	2034	2034	2035	2035	2035	2035	2034	2035	2035	2035	2035	2035	2035	2035	2035	2035	2035	2035	2034	2035	2035	2035	2035	2035	2035	2035	2035	2035	2035	2035	2035	2034	2035	2035	2035	2035	2035	2035	2035	2035	2035	2035	2035	2035	2035	2035	2035	2035	2035	2035	2035	2035	2035	2034	2035	2035	2035	2035
4094	1007507	2035	2035	2035	2036	2035	2035	2035	2036	2035	2035	2035	2035	2035	2036	2036	2036	2036	2035	2036	2036	2036	2036	2036	2036	2036	2035	2036	2036	2036	2036	2035	2036	2036	2036	2036	2036	2036	2036	2036	2036	2036	2036	2036	2036	2036	2036	2036	2035	2035	2036	2035	2036	2036	2036	2036	2035	2035	2036	2036	2036	2035	2036	2036	2035	2036	2035	2035	2035	2035	2035	2035	2035	2035	2035	2035	2035	2035	2034	2035	2035	2035	2035	2035	2035	2036	2036	2036	2035	2035	2035	2036	2035	2035	2036	2035	2035	2036	2036	2036	2035	2036	2036	2036	2035	2035	2035	2036	2035	2035	2035	2035	2036	2036	2036	2035	2035	2035	2036	2036	2036	2036	2035	2036	2036	2035	2036	2035	2035
4095	1008000	2037	2036	2036	2036	2036	2036	2036	2036	2036	2035	2036	2036	2036	2036	2036	2035	2036	2036	2036	2036	2036	2036	2036	2036	2036	2036	2036	2036	2036	2036	2036	2036	2036	2037	2036	2036	2036	2036	2036	2036	2036	2037	2036	2036	2036	2036	2036	2036	2036	2036	2036	2036	2036	2036	2036	2036	2037	2036	2036	2036	2036	2036	2036	2035	2036	2036	2035	2036	2036	2036	2036	2036	2037	2036	2036	2036	2036	2036	2037	2036	2036	2035	2035	2036	2035	2036	2036	2035	2036	2035	2036	2036	2036	2036	2036	2036	2036	2037	2036	2036	2036	2036	2036	2036	2036	2036	2036	2035	2036	2035	2036	2036	2035	2036	2036	2036	2036	2036	2035	2035	2036	2036	2036	2036	2036	2036	2036	2036
